Run semi-empirical minimization
 &qmmm
    qm_theory='AM1', grms_tol=0.0005,
 scfconv=1.d-10, ndiis_attempts=700,   qmcharge=1,
 /
   6     C       23.4460       -0.0490      -18.9360 
   6    C1       23.2870       -0.7190      -20.2480 
   6    C2       23.9290       -0.5380      -21.4810 
   6    C3       23.5320        0.3140      -22.6280 
   8     O       22.3690        0.3760      -23.0270 
   7     N       24.5780        0.8820      -23.3750 
   6    C4       24.6790        0.7640      -24.8230 
   6    C5       25.0930        2.0880      -25.4700 
   6    C6       26.1700        2.8230      -24.7030 
   6    C7       26.8160        3.9170      -25.2880 
   6    C8       27.7810        4.6110      -24.5640 
   6    C9       28.0900        4.1890      -23.2740 
   6   C10       29.1890        4.9100      -22.5170 
   8    O1       29.6780        4.4140      -21.5190 
   7    N1       29.5670        6.1410      -23.0150 
   6   C11       30.5660        6.9810      -22.3770 
   6   C12       31.6790        7.3580      -23.3240 
   6   C13       31.4500        7.5360      -24.6920 
   6   C14       32.5060        7.8680      -25.5480 
   6   C15       33.8150        8.0400      -25.0740 
   7    N2       34.8200        8.3680      -25.9820 
   6   C16       36.2270        8.2780      -25.5570 
   6   C17       37.1050        9.0710      -26.5550 
   7    N3       36.9530        8.5980      -27.9520 
   6   C18       37.7520        9.4150      -28.8600 
   6   C19       35.5190        8.6500      -28.3290 
   6   C20       34.6210        7.8500      -27.3530 
   6   C21       34.0240        7.9060      -23.6980 
   6   C22       32.9730        7.5690      -22.8350 
   7    N4       27.4720        3.1320      -22.6660 
   6   C23       26.5070        2.4760      -23.3820 
   6   C24       25.8080        1.3000      -22.7020 
   8    O2       24.2470       -1.8310      -21.8850 
   6   C25       23.1930       -2.5680      -21.4540 
   6   C26       22.8540       -3.8290      -21.9270 
   6   C27       21.6820       -4.3640      -21.4000 
   6   C28       20.9360       -3.6960      -20.4230 
   6   C29       21.3470       -2.4530      -19.9220 
   6   C30       22.4880       -1.8700      -20.4830 
   1     H       23.2730       -0.7770      -18.1290 
   1    H1       24.4650        0.3560      -18.8520 
   1    H2       22.7180        0.7710      -18.8520 
   1    H3       25.4300       -0.0020      -25.0670 
   1    H4       23.6900        0.4850      -25.2150 
   1    H5       25.4680        1.8790      -26.4830 
   1    H6       24.2040        2.7350      -25.4800 
   1    H7       26.5630        4.2270      -26.3130 
   1    H8       28.2920        5.4800      -25.0050 
   1    H9       29.1400        6.4650      -23.8410 
   1   H10       30.0800        7.9000      -22.0170 
   1   H11       31.0070        6.4110      -21.5460 
   1   H12       30.4350        7.4140      -25.0970 
   1   H13       32.3040        7.9980      -26.6220 
   1   H14       36.3360        8.7050      -24.5490 
   1   H15       36.5440        7.2250      -25.5380 
   1   H16       36.8190       10.1320      -26.5100 
   1   H17       38.1560        8.9210      -26.2660 
   1   H18       37.2850        7.6360      -28.0210 
   1   H19       38.4040       10.0820      -28.2760 
   1   H20       38.3690        8.7620      -29.4940 
   1   H21       37.0850       10.0180      -29.4940 
   1   H22       35.1920        9.7000      -28.3290 
   1   H23       35.4180        8.1950      -29.3260 
   1   H24       33.5660        7.9670      -27.6420 
   1   H25       34.8890        6.7840      -27.3900 
   1   H26       35.0310        8.0680      -23.2860 
   1   H27       33.1680        7.4690      -21.7570 
   1   H28       26.5020        0.4470      -22.6830 
   1   H29       25.5260        1.6320      -21.6920 
   1   H30       23.4680       -4.3660      -22.6650 
   1   H31       21.3320       -5.3420      -21.7630 
   1   H32       20.0110       -4.1540      -20.0420 
   1   H33       20.7910       -1.9530      -19.1150 

