Run semi-empirical minimization
 &qmmm
    qm_theory='AM1', grms_tol=0.0005,
 scfconv=1.d-10, ndiis_attempts=700,   qmcharge=1,
 /
   8    O1        1.3640       -0.6190        0.2420 
   6    C1        2.3260        0.1000        0.0470 
   7    N1        2.8370        0.3570       -1.2090 
   6    C2        3.0480        0.7500        1.2110 
   6    C3        2.2940       -0.2310       -2.4220 
   7    N2        4.1640        1.4940        0.9470 
   6    C4        2.5650        0.5350        2.4990 
   6    C5        1.8640        0.8180       -3.4180 
   6    C6        4.8180        2.0430        2.0170 
   6    C7        3.2570        1.0780        3.5780 
   6    C8        2.4640        0.9250       -4.6770 
   6    C9        0.8190        1.6950       -3.1040 
   6   C10        4.4090        1.8360        3.3470 
   6   C11        6.0600        2.8820        1.7240 
   6   C12        2.0550        1.9200       -5.5720 
   6   C13        0.4130        2.6850       -4.0080 
   6   C14        5.1440        2.4610        4.5120 
   7    N3        6.4900        3.7050        2.8550 
   6   C15        1.0380        2.8310       -5.2500 
   6   C16        6.5200        3.0180        4.1380 
   6   C17        7.1450        4.9260        2.6200 
   7    N4        0.6820        3.7980       -6.1880 
   8    O2        7.5840        5.1980        1.5020 
   6   C18        7.0760        5.9310        3.7070 
   6   C19       -0.6880        4.3380       -6.1760 
   6   C20        1.6920        4.8550       -6.4150 
   8    O3        5.9020        5.8130        4.4450 
   6   C21        7.3000        7.3140        3.6510 
   6   C22       -0.9600        5.0490       -7.5230 
   6   C23        1.3900        5.5590       -7.7610 
   6   C24        5.1700        6.8860        4.0530 
   6   C25        5.9910        7.8300        3.4530 
   6   C26        8.5110        8.1360        3.8850 
   7    N5        0.0200        6.1250       -7.8100 
   6   C27        3.7960        7.0160        4.2110 
   6   C28        5.4230        9.0090        2.9590 
   6   C29       -0.2420        6.7220       -9.1160 
   6   C30        3.2430        8.1670        3.6590 
   6   C31        4.0300        9.1450        3.0400 
   1    H1        3.6050        0.9680       -1.2880 
   1    H2        1.4460       -0.8310       -2.1650 
   1    H3        3.0630       -0.8200       -2.8750 
   1    H4        1.7070       -0.0180        2.6510 
   1    H5        2.9220        0.9220        4.5410 
   1    H6        3.2120        0.2670       -4.9460 
   1    H7        0.3400        1.6110       -2.1940 
   1    H8        5.8450        3.5270        0.8980 
   1    H9        6.8560        2.2000        1.5120 
   1   H10        2.5140        1.9860       -6.4940 
   1   H11       -0.3620        3.3170       -3.7530 
   1   H12        5.2740        1.7170        5.2700 
   1   H13        4.5520        3.2860        4.8510 
   1   H14        7.2180        2.2090        4.0820 
   1   H15        6.8110        3.7230        4.8880 
   1   H16       -0.7910        5.0370       -5.3730 
   1   H17       -1.3890        3.5410       -6.0390 
   1   H18        2.6680        4.4170       -6.4510 
   1   H19        1.6560        5.5670       -5.6180 
   1   H20       -1.9400        5.4780       -7.4920 
   1   H21       -0.8740        4.3170       -8.2990 
   1   H22        1.4960        4.8470       -8.5520 
   1   H23        2.0810        6.3690       -7.8660 
   1   H24        9.3600        7.4960        4.0010 
   1   H25        8.3800        8.7200        4.7720 
   1   H26        8.6670        8.7870        3.0500 
   1   H27       -0.0680        6.8580       -7.1060 
   1   H28        3.2270        6.3090        4.7020 
   1   H29        6.0090        9.7530        2.5500 
   1   H30       -0.1560        5.9730       -9.8750 
   1   H31        0.4690        7.5000       -9.3020 
   1   H32       -1.2300        7.1320       -9.1290 
   1   H33        2.2210        8.3040        3.7080 
   1   H34        3.5770        9.9790        2.6360 

