#Frame       SA_00001
       1     486.6659
       2     484.1102
       3     482.2310
       4     492.6990
       5     500.1891
       6     491.2622
       7     487.3464
       8     480.9789
       9     487.7427
      10     504.4024
      11     503.4126
      12     492.9916
      13     492.7545
      14     489.0312
      15     488.2344
      16     494.6093
      17     487.7989
      18     491.9428
      19     487.2740
      20     489.5102
      21     491.4671
      22     490.6425
      23     498.9860
      24     490.0973
      25     493.8565
      26     487.6339
      27     481.2298
      28     489.0720
      29     492.1363
      30     488.4150
      31     478.6301
      32     484.5923
      33     489.7047
      34     491.7431
      35     481.2956
      36     484.9128
      37     484.3648
      38     489.7259
      39     481.6018
      40     491.0776
      41     485.5729
      42     487.9384
      43     488.8971
      44     489.3298
      45     488.5102
      46     493.2885
      47     502.8207
      48     491.5256
      49     492.2418
      50     490.1210
