#Frame       SA_00001
       1     572.2441
       2     564.5412
       3     560.2483
       4     557.2857
       5     552.7254
       6     547.3636
       7     563.0239
       8     554.9669
       9     556.1161
      10     562.0603
      11     562.5232
      12     559.5569
      13     563.5092
      14     564.9603
      15     559.9852
      16     560.9442
      17     571.9061
      18     561.1097
      19     558.5728
      20     565.9863
      21     551.5571
      22     558.8927
      23     561.8798
      24     566.5980
      25     562.5853
      26     565.3109
      27     566.4267
      28     558.0668
      29     563.0088
      30     569.0187
      31     561.5088
      32     558.6733
      33     556.2207
      34     559.0098
      35     559.6400
      36     555.6677
      37     564.6003
      38     558.1052
      39     567.1978
      40     565.2903
      41     559.2930
      42     561.4961
      43     558.5431
      44     559.4362
      45     561.7606
      46     569.3867
      47     565.1418
      48     564.6679
      49     566.6858
      50     554.8802
