Cpptraj Generated trajectory                                                    
  83.362 147.609  12.786  83.648 148.695  13.204  84.538 149.437  12.469  82.961
 149.184  14.433  84.955 150.660  12.895  82.908 150.269  15.148  82.103 148.498
  15.222  84.656 151.631  13.826  83.664 151.394  14.961  81.977 149.797  16.004
  81.570 148.595  16.495  85.215 153.009  14.168  83.512 152.592  15.801  85.428
 154.257  14.745  84.399 153.432  15.355  84.614 149.116  11.511  85.321 155.601
  14.311  85.459 156.108  12.944  85.135 156.629  15.122  85.577 155.348  11.987
  85.333 157.545  12.738  85.010 157.819  15.012  85.061 158.528  13.719  85.167
 159.704  13.470  85.339 157.807  11.760  80.599 149.117  15.675  79.334 149.075
  15.065  78.241 150.007  15.177  78.805 147.815  14.361  77.063 149.682  14.946
  77.622 147.734  13.971  76.885 148.720  14.146
  84.369 147.230  12.461  84.358 148.396  12.857  85.244 149.241  12.348  83.366
 148.744  13.934  85.389 150.508  12.706  83.158 149.883  14.663  82.409 148.057
  14.473  84.927 151.418  13.634  83.811 151.050  14.580  82.188 149.283  15.368
  81.882 148.000  15.784  85.326 152.826  14.067  83.564 152.199  15.495  85.302
 154.068  14.694  84.379 153.118  15.142  85.686 148.915  11.497  84.984 155.372
  14.232  85.394 156.000  12.950  84.686 156.343  15.090  85.710 155.359  11.968
  85.465 157.522  12.860  84.737 157.526  15.071  85.122 158.369  13.992  85.380
 159.539  14.011  85.754 157.994  12.011  80.885 148.469  14.953  79.496 148.673
  14.752  78.868 149.087  13.475  78.524 148.683  15.822  77.630 149.239  13.420
  77.327 148.990  15.624  77.058 149.515  14.500
  84.550 147.334  12.249  84.717 148.449  12.749  85.805 149.327  12.326  83.806
 148.871  13.874  86.079 150.463  12.892  83.638 149.923  14.641  82.740 148.168
  14.256  85.599 151.368  13.812  84.362 151.080  14.649  82.522 149.318  15.283
  82.040 148.041  15.419  86.016 152.759  14.217  84.090 152.219  15.522  85.967
 154.069  14.662  84.978 153.105  15.196  86.373 149.055  11.532  85.711 155.339
  14.268  85.936 155.961  12.934  85.258 156.343  15.011  86.290 155.224  12.005
  85.782 157.382  12.772  85.021 157.499  14.961  85.392 158.315  13.742  85.413
 159.529  13.622  86.030 157.782  11.874  81.301 148.695  14.550  79.931 149.009
  14.112  78.939 148.034  13.815  79.463 150.353  14.033  77.764 148.401  13.572
  78.320 150.586  13.573  77.507 149.612  13.575
  84.105 147.890  12.110  84.307 148.941  12.648  85.250 149.794  12.126  83.432
 149.288  13.807  85.463 151.036  12.621  83.360 150.281  14.640  82.426 148.639
  14.371  85.062 151.882  13.559  84.008 151.456  14.563  82.431 149.711  15.386
  81.998 148.418  15.631  85.446 153.297  13.916  83.851 152.641  15.546  85.617
 154.490  14.621  84.650 153.551  15.116  85.958 149.417  11.505  85.463 155.856
  14.426  85.659 156.467  13.130  85.254 156.763  15.335  85.860 155.792  12.140
  85.723 157.943  13.065  85.266 157.937  15.316  85.575 158.919  14.166  85.839
 160.069  14.099  85.946 158.463  12.224  81.027 149.005  14.941  79.668 149.098
  14.576  78.718 147.984  14.650  79.038 150.278  14.167  77.570 148.064  14.149
  77.854 150.309  13.828  77.206 149.250  13.886
  84.358 148.120  12.108  84.472 149.196  12.692  85.354 150.097  12.081  83.646
 149.412  13.867  85.563 151.260  12.613  83.523 150.418  14.709  82.772 148.647
  14.565  85.018 152.074  13.605  84.034 151.630  14.633  82.611 149.820  15.473
  82.277 148.565  15.895  85.315 153.497  13.965  83.668 152.773  15.494  85.351
 154.702  14.686  84.446 153.724  15.181  85.741 149.857  11.176  85.190 156.109
  14.527  85.490 156.845  13.285  85.097 157.068  15.489  85.783 156.159  12.296
  85.650 158.284  13.305  85.178 158.240  15.523  85.489 159.147  14.449  85.720
 160.367  14.428  85.845 158.741  12.422  81.289 148.992  15.042  79.876 148.973
  14.768  79.154 147.789  14.525  79.071 150.108  14.331  78.180 147.748  13.819
  77.922 149.999  13.880  77.496 148.813  13.679
  85.178 147.906  12.306  85.039 149.068  12.655  86.004 150.048  12.308  83.912
 149.408  13.626  85.910 151.349  12.624  83.546 150.408  14.333  83.043 148.572
  14.139  85.140 152.172  13.394  84.037 151.668  14.332  82.560 149.719  14.897
  82.377 148.409  15.278  85.416 153.567  13.897  83.668 152.687  15.319  85.274
 154.791  14.584  84.413 153.710  15.046  86.593 149.829  11.513  85.041 156.177
  14.301  84.974 156.712  12.943  85.348 157.050  15.163  84.772 156.070  11.946
  85.311 158.194  12.876  85.562 158.221  15.103  85.662 159.041  13.901  86.080
 160.158  13.771  85.259 158.493  11.910  81.486 148.713  14.333  80.111 148.656
  14.010  79.230 147.577  14.328  79.356 149.686  13.351  77.998 147.744  14.345
  78.194 149.824  13.607  77.505 148.866  14.037
  85.123 147.830  12.167  84.971 148.969  12.618  85.857 149.920  12.098  83.945
 149.320  13.613  85.882 151.168  12.560  83.661 150.365  14.400  83.122 148.512
  14.220  85.403 151.973  13.620  84.292 151.558  14.430  82.658 149.701  14.988
  82.374 148.429  15.391  85.648 153.440  14.028  83.724 152.752  15.161  85.621
 154.624  14.796  84.585 153.680  14.967  86.510 149.671  11.365  85.545 155.968
  14.449  86.066 156.503  13.151  85.476 156.964  15.258  86.401 155.737  12.250
  86.219 157.979  12.985  85.664 158.124  15.226  86.034 159.000  14.039  86.196
 160.201  13.875  86.799 158.187  12.181  81.569 148.839  14.386  80.257 149.018
  13.850  79.281 147.969  13.818  79.722 150.176  13.236  78.250 148.027  13.175
  78.609 150.193  12.721  77.921 149.111  12.655
  85.504 147.663  12.887  85.324 148.888  13.009  86.322 149.696  12.554  84.099
 149.378  13.786  86.282 151.040  12.772  83.691 150.504  14.335  83.024 148.659
  14.206  85.520 152.029  13.437  84.273 151.715  14.171  82.619 150.014  14.939
  82.193 148.753  15.343  85.816 153.527  13.774  83.779 152.901  14.825  85.806
 154.746  14.377  84.672 153.880  14.593  87.124 149.340  12.048  85.730 156.066
  14.005  86.063 156.754  12.765  85.785 156.966  14.989  86.137 156.165  11.695
  86.328 158.156  12.867  86.028 158.108  15.101  86.382 158.967  14.017  86.706
 160.146  13.963  86.789 158.651  12.113  81.457 149.105  14.190  80.168 149.090
  13.580  79.647 148.015  12.754  79.219 150.073  13.827  78.484 148.017  12.312
  78.024 149.938  13.440  77.732 148.912  12.771
  85.632 148.048  12.075  85.630 149.105  12.687  86.571 150.016  12.364  84.437
 149.412  13.565  86.581 151.254  12.878  83.961 150.501  14.208  83.342 148.672
  13.913  85.820 152.125  13.608  84.545 151.757  14.177  82.858 149.895  14.585
  82.459 148.624  14.926  85.962 153.615  13.915  83.854 152.891  14.819  85.683
 154.891  14.525  84.694 153.869  14.677  87.331 149.700  11.773  85.586 156.267
  14.182  85.893 156.848  12.790  85.738 157.247  15.042  85.872 156.139  11.788
  86.245 158.313  12.735  85.924 158.361  15.060  86.244 159.222  13.823  86.563
 160.351  13.749  86.542 158.669  11.834  81.763 148.908  13.787  80.481 148.967
  13.213  79.923 147.947  12.362  79.499 150.000  13.593  78.703 148.051  12.089
  78.302 149.791  13.340  77.931 148.798  12.706
  85.602 148.351  12.728  85.433 149.509  13.044  86.535 150.426  12.835  84.241
 149.909  13.609  86.386 151.712  13.048  83.630 150.984  14.061  83.214 149.089
  13.916  85.559 152.652  13.574  84.151 152.275  14.057  82.568 150.331  14.490
  82.263 149.093  14.924  85.665 154.079  13.984  83.445 153.484  14.650  85.366
 155.330  14.566  84.318 154.407  14.526  87.434 150.125  12.480  85.276 156.672
  14.210  85.897 157.180  12.983  85.247 157.673  15.051  86.274 156.404  12.104
  86.273 158.563  12.930  85.470 158.832  15.046  86.132 159.566  13.977  86.492
 160.724  13.874  86.634 158.913  12.051  81.624 149.374  13.796  80.620 148.953
  12.905  80.502 147.595  12.434  79.455 149.769  12.661  79.511 147.288  11.763
  78.454 149.180  12.271  78.539 148.099  11.656
  85.449 147.696  13.364  85.438 148.915  13.577  86.525 149.734  13.383  84.094
 149.537  14.008  86.543 151.044  13.684  83.584 150.735  14.248  82.951 148.872
  14.359  85.649 152.069  14.064  84.204 151.906  14.227  82.385 150.286  14.509
  81.884 149.140  15.138  85.863 153.516  14.342  83.520 153.201  14.619  85.720
 154.839  14.726  84.511 154.048  14.666  87.447 149.350  13.213  85.875 156.197
  14.374  85.759 156.787  13.025  85.954 157.145  15.290  85.578 156.106  12.029
  85.822 158.267  12.928  86.106 158.310  15.214  85.968 159.199  14.016  86.126
 160.396  13.957  85.766 158.645  11.989  81.483 149.134  13.859  80.343 149.013
  12.997  80.246 148.270  11.725  79.008 149.496  13.331  79.149 147.838  11.358
  78.039 149.099  12.775  78.163 148.476  11.688
  85.414 148.150  13.068  85.319 149.273  13.561  86.252 150.278  13.199  84.097
 149.587  14.307  86.247 151.502  13.676  83.603 150.701  14.879  83.142 148.758
  14.756  85.328 152.396  14.181  84.055 151.973  14.761  82.543 150.059  15.410
  82.159 148.767  15.779  85.368 153.923  14.344  83.328 153.132  15.288  85.017
 155.223  14.751  84.089 154.180  15.022  87.030 150.048  12.592  84.956 156.541
  14.273  85.823 156.952  13.129  84.964 157.521  15.092  86.132 156.151  12.244
  86.380 158.280  13.096  85.396 158.604  15.119  86.151 159.310  14.089  86.362
 160.503  13.984  86.852 158.564  12.245  81.535 149.102  14.592  80.719 148.720
  13.492  81.097 148.652  12.109  79.336 148.377  13.572  80.338 148.444  11.189
  78.632 148.098  12.574  79.133 148.474  11.489
  85.436 147.982  13.601  85.111 149.163  13.540  86.166 150.022  13.325  83.712
 149.583  13.744  86.030 151.345  13.309  83.146 150.733  13.931  82.653 148.824
  13.993  85.092 152.325  13.567  83.705 151.955  13.951  81.991 150.101  14.225
  81.586 148.973  14.820  85.197 153.808  13.947  82.975 153.156  14.503  84.921
 155.038  14.485  83.861 154.145  14.474  87.092 149.610  13.347  85.070 156.389
  14.224  85.611 156.986  12.959  85.260 157.324  15.111  85.695 156.376  11.930
  86.225 158.344  13.069  85.665 158.431  15.172  86.295 159.212  14.167  86.654
 160.389  14.137  86.618 158.778  12.242  81.052 148.981  13.586  80.134 148.143
  12.859  80.269 148.049  11.431  78.954 147.405  13.335  79.359 147.555  10.764
  78.235 146.806  12.574  78.404 146.936  11.352
  85.231 147.562  12.833  85.075 148.720  13.103  86.154 149.558  12.802  83.804
 149.149  13.666  86.152 150.817  13.205  83.365 150.270  14.216  82.724 148.434
  14.007  85.418 151.769  13.941  83.968 151.487  14.389  82.217 149.668  14.515
  81.808 148.500  15.004  85.501 153.196  14.254  83.288 152.672  14.963  85.203
 154.514  14.730  84.199 153.598  14.887  87.027 149.132  12.513  85.046 155.844
  14.317  85.515 156.374  12.989  85.185 156.796  15.202  85.480 155.757  11.957
  85.920 157.780  12.885  85.527 157.921  15.091  86.028 158.749  13.951  86.392
 159.929  13.857  86.364 158.024  12.007  81.246 148.647  13.710  80.053 148.618
  12.947  79.863 147.967  11.712  78.888 149.385  13.371  78.795 148.097  11.126
  77.855 149.320  12.702  77.808 148.664  11.639
  85.142 147.282  13.003  85.053 148.445  13.197  86.210 149.275  13.032  83.747
 149.028  13.648  86.255 150.648  13.100  83.319 150.262  13.984  82.634 148.447
  14.080  85.412 151.655  13.525  84.007 151.424  13.894  82.121 149.764  14.445
  81.603 148.624  14.965  85.703 153.063  13.954  83.443 152.625  14.469  85.544
 154.302  14.535  84.410 153.540  14.477  87.023 148.774  12.695  85.459 155.636
  14.130  85.740 156.222  12.877  85.427 156.588  15.027  85.781 155.522  11.887
  85.810 157.658  12.802  85.511 157.775  15.045  85.785 158.615  13.858  85.957
 159.830  13.733  85.956 157.973  11.850  81.102 148.799  13.697  80.032 148.486
  12.839  80.160 147.933  11.506  78.712 148.801  13.229  79.084 147.685  10.881
  77.767 148.679  12.386  78.003 148.154  11.280
  85.282 147.447  13.210  85.068 148.600  13.387  86.115 149.544  13.052  83.716
 149.107  13.838  85.972 150.847  13.382  83.128 150.267  14.113  82.632 148.373
  13.991  85.143 151.728  13.966  83.679 151.470  14.181  81.933 149.665  14.310
  81.481 148.407  14.720  85.305 153.156  14.355  82.956 152.702  14.565  85.076
 154.393  14.893  83.922 153.568  14.645  86.932 149.213  12.552  85.247 155.775
  14.446  85.483 156.137  13.015  85.407 156.814  15.233  85.345 155.377  12.067
  85.849 157.515  12.756  85.680 157.957  15.100  85.936 158.559  13.770  86.293
 159.714  13.583  85.956 157.820  11.796  81.161 148.647  13.369  80.219 148.297
  12.302  80.258 147.115  11.543  79.081 149.080  11.921  79.379 146.835  10.669
  78.273 148.722  11.048  78.387 147.596  10.560
  85.732 147.540  13.837  85.318 148.684  13.773  86.235 149.590  13.556  83.920
 149.063  14.127  86.040 150.866  13.585  83.169 150.156  14.224  82.918 148.216
  14.398  85.024 151.771  13.913  83.637 151.425  14.167  82.091 149.480  14.494
  81.723 148.301  15.091  85.161 153.248  14.396  82.861 152.615  14.535  84.789
 154.513  14.827  83.730 153.565  14.717  87.194 149.302  13.400  84.902 155.836
  14.411  85.615 156.316  13.215  84.731 156.849  15.231  85.922 155.581  12.320
  85.926 157.714  13.182  85.119 157.997  15.293  85.721 158.685  14.208  86.099
 159.828  14.072  86.336 158.069  12.326  81.430 148.213  13.759  80.673 147.534
  12.726  80.943 146.250  12.092  79.462 148.061  12.172  80.387 145.946  11.065
  78.940 147.558  11.137  79.260 146.421  10.849
  85.951 147.843  14.178  85.583 148.987  14.471  86.604 149.958  14.612  84.188
 149.224  14.738  86.376 151.253  14.859  83.494 150.294  15.035  83.209 148.336
  14.843  85.333 152.100  15.182  83.920 151.613  15.222  82.439 149.536  15.213
  82.028 148.293  15.524  85.250 153.589  15.475  83.013 152.793  15.495  84.783
 154.864  15.802  83.803 153.795  15.651  87.559 149.800  14.311  84.760 156.196
  15.271  84.696 156.596  13.876  85.289 157.180  15.939  84.346 155.715  13.045
  85.188 157.945  13.521  85.770 158.249  15.714  85.771 158.930  14.394  86.151
 160.069  14.145  84.924 158.192  12.574  81.693 148.500  14.214  80.779 148.318
  13.140  80.816 147.247  12.143  79.643 149.137  12.886  80.015 147.212  11.192
  78.865 148.843  11.982  79.238 148.156  11.077
  85.620 147.325  14.161  85.399 148.508  14.413  86.436 149.377  14.082  83.987
 148.943  14.850  86.397 150.624  14.519  83.459 150.081  15.276  82.809 148.226
  14.951  85.486 151.572  15.037  84.083 151.310  15.444  82.284 149.567  15.464
  81.685 148.288  15.781  85.685 153.069  15.282  83.487 152.549  16.010  85.442
 154.433  15.677  84.365 153.452  15.895  87.226 149.088  13.516  85.229 155.684
  15.118  85.531 156.003  13.720  85.288 156.769  15.800  85.562 155.202  12.855
  85.714 157.391  13.350  85.432 157.916  15.560  85.727 158.524  14.233  85.897
 159.644  13.882  85.829 157.630  12.372  81.284 148.662  14.592  80.294 148.671
  13.489  80.433 147.777  12.355  79.318 149.704  13.297  79.704 147.959  11.355
  78.634 149.645  12.272  78.763 148.715  11.423
  85.941 147.464  14.549  85.754 148.652  14.596  86.822 149.564  14.301  84.340
 149.186  14.877  86.798 150.806  14.428  83.875 150.372  15.133  83.168 148.544
  15.045  85.969 151.793  14.873  84.530 151.556  15.124  82.645 149.924  15.343
  82.065 148.734  15.830  86.127 153.232  15.234  83.822 152.813  15.588  85.859
 154.623  15.472  84.784 153.675  15.568  87.734 149.136  14.198  85.747 155.835
  14.771  86.276 156.231  13.482  85.644 156.962  15.480  86.430 155.414  12.578
  86.490 157.661  13.244  85.791 158.082  15.362  86.301 158.737  14.206  86.336
 159.978  13.982  86.635 157.973  12.291  81.711 148.921  14.530  80.773 148.769
  13.460  80.721 147.659  12.506  79.789 149.779  13.214  79.674 147.477  11.858
  78.813 149.456  12.516  78.742 148.336  11.927
  85.994 147.390  13.098  85.818 148.544  13.466  86.869 149.508  13.283  84.561
 149.048  14.090  86.780 150.756  13.599  84.103 150.181  14.553  83.468 148.310
  14.276  86.011 151.669  14.208  84.678 151.418  14.657  82.907 149.604  14.804
  82.432 148.300  15.175  86.237 153.126  14.479  84.075 152.680  15.291  86.045
 154.463  14.908  84.994 153.597  15.168  87.794 149.289  12.933  85.908 155.836
  14.522  86.619 156.421  13.370  85.629 156.860  15.323  87.165 155.694  12.550
  86.687 157.819  13.205  85.809 158.042  15.318  86.332 158.831  14.159  86.442
 160.019  13.972  87.117 158.075  12.324  81.948 148.609  13.972  80.877 148.481
  13.010  80.027 147.303  12.799  80.396 149.604  12.173  79.089 147.334  12.000
  79.572 149.424  11.315  78.964 148.313  11.202
  85.881 147.403  13.392  85.662 148.561  13.720  86.726 149.475  13.703  84.281
 148.883  13.938  86.614 150.777  13.964  83.641 149.987  14.313  83.162 148.112
  14.066  85.587 151.596  14.266  84.157 151.238  14.403  82.475 149.310  14.396
  82.033 148.013  14.834  85.608 153.034  14.719  83.331 152.380  14.827  85.237
 154.256  15.204  84.191 153.337  14.997  87.659 149.106  13.565  85.360 155.653
  14.799  85.894 156.102  13.531  85.386 156.575  15.655  86.109 155.327  12.632
  86.185 157.510  13.397  85.728 157.701  15.623  86.175 158.463  14.522  86.554
 159.624  14.485  86.518 157.795  12.483  81.687 148.231  13.519  80.662 148.012
  12.476  80.786 147.226  11.291  79.346 148.534  12.655  79.824 147.027  10.538
  78.545 148.389  11.705  78.717 147.523  10.815
  84.938 147.395  14.165  84.811 148.619  14.158  85.974 149.347  13.941  83.457
 149.308  14.239  86.023 150.685  14.054  82.984 150.537  14.215  82.255 148.736
  14.349  85.150 151.755  14.207  83.699 151.672  14.206  81.706 150.150  14.236
  81.000 149.157  14.782  85.462 153.209  14.467  83.036 153.025  14.407  85.255
 154.551  14.805  84.077 153.826  14.562  86.834 148.833  13.792  85.526 155.924
  14.372  86.219 156.415  13.187  85.386 156.897  15.209  86.589 155.715  12.304
  86.544 157.848  13.195  85.701 158.032  15.277  86.378 158.778  14.232  86.729
 159.912  14.196  86.957 158.260  12.366  80.934 149.051  13.454  80.180 148.538
  12.370  80.509 147.228  11.843  79.113 149.182  11.639  79.730 146.698  10.996
  78.597 148.625  10.686  78.928 147.462  10.378
  85.290 147.544  13.841  85.217 148.744  14.088  86.384 149.518  14.162  83.865
 149.323  14.201  86.408 150.828  14.244  83.318 150.505  14.383  82.757 148.621
  14.266  85.537 151.878  14.424  84.046 151.661  14.406  82.080 149.997  14.498
  81.563 148.754  14.896  85.728 153.336  14.709  83.365 152.997  14.548  85.443
 154.672  15.090  84.314 153.851  14.809  87.264 149.081  13.914  85.559 155.952
  14.555  86.388 156.369  13.307  85.481 157.036  15.292  86.832 155.552  12.481
  86.669 157.749  13.132  85.704 158.146  15.231  86.383 158.812  14.060  86.744
 160.022  13.929  86.996 157.993  12.205  81.311 148.871  13.570  80.625 148.338
  12.427  80.590 146.912  12.154  79.688 149.028  11.616  79.805 146.436  11.334
  78.863 148.391  10.896  78.838 147.163  11.001
  86.312 147.262  14.570  85.982 148.400  14.523  87.082 149.292  14.513  84.589
 148.806  14.693  87.000 150.583  14.589  84.009 150.011  14.693  83.451 148.151
  14.846  86.056 151.555  14.720  84.567 151.312  14.651  82.779 149.545  14.750
  82.217 148.436  15.297  86.154 153.072  14.839  83.838 152.549  14.706  85.791
 154.427  15.121  84.698 153.495  14.873  88.004 148.873  14.492  85.872 155.774
  14.663  86.461 156.298  13.496  85.454 156.770  15.437  86.762 155.569  12.580
  86.642 157.795  13.434  85.462 157.944  15.428  86.105 158.811  14.397  86.321
 159.972  14.316  87.142 158.095  12.605  82.112 148.371  13.906  81.126 148.163
  12.880  81.219 147.103  11.932  79.867 148.850  12.745  80.256 146.808  11.160
  78.961 148.454  12.036  79.254 147.551  11.232
  85.909 147.125  14.425  85.708 148.359  14.390  86.805 149.223  14.137  84.354
 148.838  14.600  86.651 150.510  13.917  83.798 150.030  14.808  83.198 148.142
  14.830  85.777 151.455  14.319  84.444 151.245  14.773  82.610 149.498  14.973
  82.019 148.368  15.448  86.010 152.892  14.416  83.756 152.524  15.128  85.811
 154.212  14.875  84.684 153.383  15.046  87.655 148.762  13.834  85.927 155.541
  14.433  86.761 156.070  13.307  85.372 156.539  14.992  87.205 155.260  12.459
  86.947 157.438  13.104  85.561 157.764  14.867  86.424 158.505  13.878  86.668
 159.661  13.648  87.444 157.745  12.277  81.836 148.331  14.118  80.865 148.445
  13.047  81.145 148.037  11.688  79.488 148.907  13.171  80.213 147.910  10.827
  78.639 148.674  12.250  79.038 148.171  11.156
  85.501 147.573  14.077  85.361 148.830  14.062  86.468 149.593  13.903  83.993
 149.370  14.401  86.467 150.949  13.859  83.444 150.552  14.560  82.853 148.688
  14.669  85.580 151.958  14.104  84.102 151.779  14.377  82.263 150.010  14.922
  81.754 148.873  15.463  85.781 153.375  14.252  83.440 153.083  14.463  85.627
 154.652  14.668  84.424 153.935  14.505  87.389 149.185  14.020  85.930 155.993
  14.212  86.590 156.388  13.044  85.655 157.027  14.905  86.921 155.530  12.217
  86.889 157.801  12.888  85.825 158.183  14.829  86.622 158.840  13.773  86.890
 160.036  13.687  87.376 158.052  12.036  81.321 148.913  14.149  80.227 148.704
  13.269  80.430 148.115  11.990  78.840 149.205  13.410  79.488 147.912  11.214
  78.024 149.004  12.505  78.384 148.397  11.464
  85.017 147.611  13.020  84.919 148.818  13.170  85.974 149.631  12.628  83.751
 149.363  13.890  86.083 150.912  12.903  83.337 150.602  14.336  82.643 148.694
  14.312  85.458 151.975  13.571  84.116 151.760  14.359  82.198 150.134  14.754
  81.705 148.960  15.321  85.892 153.359  13.935  83.780 152.937  15.066  85.958
 154.571  14.621  84.763 153.760  14.863  86.787 149.149  12.263  86.061 155.963
  14.371  86.603 156.634  13.147  85.756 156.918  15.250  86.920 156.088  12.159
  86.712 158.090  13.151  85.779 158.085  15.237  86.293 159.019  14.187  86.348
 160.225  14.031  87.156 158.428  12.306  81.135 149.087  14.153  79.984 148.790
  13.354  80.060 148.466  11.929  78.649 149.016  13.733  79.036 148.170  11.359
  77.725 148.930  12.971  77.927 148.427  11.845
  85.396 147.649  12.717  85.225 148.815  13.046  86.245 149.763  12.789  83.957
 149.179  13.839  86.175 151.009  13.222  83.430 150.236  14.414  82.925 148.341
  14.239  85.292 151.878  13.831  83.948 151.463  14.512  82.394 149.619  14.845
  82.040 148.375  15.282  85.495 153.281  14.221  83.369 152.677  15.135  85.319
 154.567  14.825  84.217 153.617  15.007  87.012 149.444  12.209  85.186 155.803
  14.295  86.072 156.207  13.141  85.114 156.937  14.958  86.385 155.254  12.464
  86.566 157.567  12.991  85.501 158.055  14.982  86.333 158.681  13.890  86.610
 159.847  13.679  87.199 157.696  12.211  81.398 148.561  14.096  80.119 148.613
  13.384  79.983 148.842  11.969  78.845 148.712  14.024  78.889 148.994  11.449
  77.824 148.966  13.408  77.847 149.011  12.138
  84.805 146.871  13.211  84.906 148.093  13.359  85.989 148.899  12.841  83.808
 148.724  14.040  86.024 150.235  12.955  83.450 149.920  14.450  82.803 148.167
  14.663  85.381 151.289  13.576  84.105 151.119  14.251  82.388 149.435  15.061
  82.015 148.350  15.729  85.784 152.657  13.931  83.585 152.467  14.820  85.842
 153.966  14.441  84.603 153.233  14.702  86.769 148.391  12.441  85.752 155.283
  13.931  86.406 155.765  12.692  85.516 156.334  14.787  86.873 155.082  11.777
  86.595 157.270  12.645  85.679 157.474  14.794  86.190 158.269  13.583  86.403
 159.447  13.417  86.909 157.712  11.790  81.239 148.429  14.601  80.003 148.277
  14.000  79.740 147.563  12.797  78.782 148.767  14.598  78.600 147.368  12.391
  77.675 148.583  14.032  77.655 148.057  12.879
  85.094 147.342  12.257  85.058 148.519  12.588  85.976 149.330  11.973  84.001
 148.960  13.549  86.185 150.586  12.370  83.709 150.110  14.132  82.889 148.370
  14.013  85.672 151.486  13.295  84.467 151.274  14.096  82.607 149.684  14.773
  82.139 148.407  15.174  86.142 152.860  13.633  84.153 152.431  14.887  86.172
 154.163  14.168  85.032 153.352  14.612  86.550 148.905  11.254  86.120 155.500
  13.734  86.648 156.046  12.466  85.959 156.489  14.545  86.881 155.239  11.532
  86.836 157.482  12.357  86.179 157.609  14.514  86.623 158.455  13.398  86.794
 159.645  13.273  87.148 157.813  11.452  81.424 148.772  14.093  80.104 148.820
  13.578  79.630 147.993  12.509  79.182 149.810  13.942  78.509 148.247  12.026
  78.163 150.046  13.300  77.873 149.307  12.376
  85.740 147.577  13.240  85.653 148.743  13.477  86.753 149.550  13.241  84.365
 149.247  14.139  86.822 150.859  13.528  83.940 150.381  14.570  83.286 148.521
  14.462  86.004 151.832  14.010  84.576 151.593  14.502  82.776 149.880  14.978
  82.239 148.709  15.426  86.171 153.326  14.150  83.969 152.875  14.866  85.950
 154.638  14.557  84.903 153.763  14.733  87.617 149.049  13.071  85.844 155.987
  14.037  86.566 156.475  12.864  85.605 157.039  14.768  86.930 155.660  12.028
  86.800 157.951  12.716  85.906 158.211  14.746  86.464 158.966  13.622  86.639
 160.147  13.441  87.238 158.238  11.849  81.831 148.877  14.161  80.710 148.777
  13.252  80.719 147.945  12.116  79.491 149.517  13.373  79.763 147.873  11.358
  78.569 149.347  12.545  78.693 148.412  11.707
  86.105 147.773  13.223  85.888 148.988  13.421  86.944 149.863  13.268  84.562
 149.438  13.997  86.884 151.186  13.433  84.009 150.552  14.420  83.520 148.646
  14.396  85.997 152.121  13.906  84.573 151.774  14.330  82.864 149.949  14.741
  82.431 148.785  15.258  86.178 153.562  14.225  83.948 153.034  14.772  85.961
 154.859  14.658  84.868 153.959  14.704  87.831 149.374  13.249  86.059 156.172
  14.255  86.371 156.600  12.892  86.068 157.215  15.064  86.420 155.794  11.997
  86.690 157.986  12.693  86.213 158.376  14.942  86.676 159.000  13.714  86.930
 160.175  13.441  86.912 158.346  11.772  81.980 148.833  13.982  80.850 148.718
  13.062  80.927 147.930  11.865  79.588 149.370  13.174  79.961 147.788  11.070
  78.650 149.000  12.432  78.918 148.369  11.359
  86.120 147.153  12.900  85.914 148.386  13.134  86.944 149.294  12.735  84.606
 148.855  13.648  86.815 150.636  12.789  84.041 150.041  13.972  83.511 148.132
  13.873  86.076 151.499  13.463  84.663 151.257  13.940  82.845 149.405  14.211
  82.497 148.182  14.714  86.312 153.027  13.826  84.045 152.474  14.354  86.073
 154.290  14.341  85.003 153.357  14.363  87.866 148.948  12.493  86.039 155.648
  13.991  86.790 156.235  12.852  85.698 156.571  14.849  87.142 155.645  11.828
  87.052 157.679  12.982  85.864 157.713  14.894  86.702 158.601  13.976  87.064
 159.735  14.060  87.676 158.041  12.270  81.942 148.365  13.472  80.820 148.253
  12.623  80.775 147.410  11.430  79.510 148.689  13.023  79.678 147.081  10.958
  78.506 148.252  12.370  78.675 147.758  11.275
  85.979 147.010  12.150  85.907 148.149  12.616  87.059 148.949  12.616  84.594
 148.597  13.141  87.042 150.275  12.901  84.162 149.748  13.625  83.512 147.863
  13.373  86.205 151.279  13.539  84.772 150.968  13.792  83.025 149.171  13.947
  82.606 147.897  14.371  86.378 152.753  13.797  84.113 152.207  14.380  86.166
 154.061  14.317  85.079 153.121  14.344  87.941 148.561  12.302  86.194 155.378
  13.870  86.943 155.949  12.785  85.736 156.366  14.542  87.432 155.141  11.940
  87.203 157.422  12.794  85.812 157.548  14.595  86.656 158.432  13.685  86.990
 159.586  13.645  87.860 157.764  12.103  82.005 148.174  13.216  80.814 148.509
  12.477  80.579 148.253  11.045  79.625 149.005  13.158  79.397 148.195  10.694
  78.557 149.076  12.526  78.444 148.443  11.518
  86.462 147.324  12.088  86.282 148.383  12.581  87.331 149.278  12.368  85.022
 148.709  13.242  87.365 150.483  12.859  84.689 149.721  14.036  84.096 147.844
  13.655  86.682 151.318  13.725  85.286 150.965  14.224  83.636 149.109  14.460
  83.282 147.802  14.800  86.813 152.761  14.251  84.695 152.064  15.000  86.624
 153.957  14.802  85.586 152.998  14.966  87.939 149.070  11.584  86.428 155.232
  14.318  87.208 155.955  13.406  85.644 156.048  14.984  87.936 155.413  12.644
  87.048 157.428  13.424  85.487 157.237  15.043  86.164 158.236  14.197  86.265
 159.463  14.244  87.595 157.965  12.761  82.583 148.136  13.734  81.256 148.206
  13.193  80.968 148.422  11.787  80.136 148.402  13.993  79.813 148.611  11.454
  79.094 148.850  13.523  78.908 148.809  12.271
  86.958 147.710  12.045  86.853 148.822  12.636  87.749 149.842  12.341  85.716
 149.018  13.585  87.577 151.091  12.755  85.142 149.978  14.220  84.817 148.093
  14.016  86.763 151.786  13.702  85.551 151.241  14.351  84.136 149.237  14.669
  83.939 147.912  15.000  86.753 153.223  14.111  84.850 152.281  15.217  86.395
 154.477  14.651  85.604 153.348  15.000  88.508 149.685  11.688  86.015 155.769
  14.362  86.468 156.577  13.136  85.795 156.654  15.245  86.867 156.033  12.113
  86.418 158.024  13.174  85.810 157.842  15.378  86.068 158.814  14.264  86.191
 160.051  14.239  86.694 158.500  12.323  83.106 148.206  13.945  81.825 148.004
  13.420  81.465 147.069  12.401  80.627 148.783  13.724  80.435 147.168  11.729
  79.542 148.484  13.271  79.427 147.667  12.314
  87.073 147.684  12.883  86.624 148.826  13.121  87.473 149.897  12.801  85.271
 149.007  13.651  87.089 151.155  13.067  84.525 150.027  14.148  84.374 148.074
  13.976  86.106 151.888  13.682  84.828 151.359  14.174  83.550 149.121  14.489
  83.497 147.850  14.980  86.126 153.392  14.173  84.019 152.424  14.796  85.720
 154.615  14.688  84.799 153.479  14.719  88.437 149.711  12.552  85.455 155.859
  14.190  86.020 156.319  12.923  85.401 156.895  15.038  86.341 155.533  12.088
  86.326 157.752  12.812  85.706 158.008  15.023  86.161 158.726  13.829  86.446
 159.846  13.752  86.606 158.087  11.897  82.795 147.934  13.815  82.036 147.049
  13.030  82.622 145.870  12.368  80.651 147.087  12.805  81.998 145.265  11.533
  80.085 146.232  12.094  80.721 145.366  11.487
  86.927 147.534  13.474  86.465 148.693  13.641  87.406 149.656  13.513  85.017
 148.998  13.981  87.138 150.927  13.664  84.231 150.018  14.255  84.129 148.037
  14.123  86.101 151.754  14.130  84.651 151.292  14.296  83.188 149.224  14.474
  83.031 147.878  14.851  86.044 153.213  14.499  83.833 152.465  14.647  85.624
 154.453  14.916  84.629 153.460  14.713  88.376 149.397  13.380  85.744 155.767
  14.479  86.306 156.265  13.212  85.393 156.835  15.089  86.830 155.555  12.408
  86.372 157.711  12.949  85.365 157.987  14.932  85.863 158.758  13.795  86.090
 159.948  13.617  86.804 157.978  12.073  82.694 147.858  13.546  81.875 147.263
  12.607  81.988 145.934  12.052  80.869 148.032  11.933  81.191 145.528  11.142
  80.289 147.534  10.964  80.269 146.269  10.765
  86.679 147.524  12.694  86.334 148.663  12.917  87.270 149.698  12.716  84.906
 148.870  13.455  87.111 150.948  13.127  84.276 149.984  13.902  83.956 148.046
  13.810  86.205 151.658  13.788  84.736 151.280  14.024  83.243 149.224  14.242
  82.865 147.928  14.637  86.213 153.104  14.145  83.951 152.478  14.463  85.876
 154.394  14.648  84.837 153.425  14.515  88.149 149.452  12.277  85.949 155.692
  14.140  86.742 156.103  12.982  85.492 156.775  14.746  87.266 155.277  12.285
  86.816 157.594  12.694  85.610 157.971  14.646  86.296 158.658  13.489  86.482
 159.859  13.330  87.321 157.925  11.880  82.324 148.271  13.424  81.093 148.203
  12.612  81.025 147.374  11.524  79.842 148.677  12.976  80.005 147.119  10.878
  78.820 148.344  12.350  78.967 147.719  11.291
  86.157 147.366  12.962  86.164 148.535  13.266  87.203 149.369  12.839  85.024
 149.100  14.023  87.104 150.747  12.977  84.615 150.276  14.446  83.981 148.414
  14.475  86.371 151.739  13.513  85.142 151.543  14.321  83.481 149.747  14.994
  83.084 148.473  15.453  86.697 153.192  13.760  84.655 152.811  14.858  86.672
 154.509  14.270  85.543 153.696  14.554  87.890 148.940  12.231  86.465 155.798
  13.894  87.168 156.496  12.777  85.942 156.743  14.623  87.815 155.831  11.916
  87.056 157.889  12.628  85.883 157.921  14.612  86.435 158.799  13.615  86.491
 160.027  13.575  87.461 158.370  11.834  82.451 148.751  14.255  81.211 148.772
  13.539  81.093 148.388  12.122  79.966 149.427  13.918  80.089 148.602  11.434
  79.020 149.624  13.113  79.092 149.044  11.997
  86.640 148.070  12.703  86.461 149.165  13.252  87.582 149.951  13.331  85.280
 149.378  14.129  87.634 151.115  13.901  84.809 150.350  14.911  84.236 148.580
  14.343  86.787 151.996  14.584  85.412 151.556  15.069  83.707 149.619  15.298
  83.418 148.290  15.473  86.893 153.473  15.044  84.739 152.719  15.781  86.592
 154.754  15.548  85.578 153.726  15.663  88.322 149.755  12.668  86.414 156.056
  15.098  86.705 156.575  13.711  85.964 157.115  15.812  87.067 155.817  12.853
  86.483 158.012  13.441  85.874 158.309  15.621  86.109 159.090  14.331  86.187
 160.309  14.165  86.812 158.314  12.531  82.610 148.849  14.463  81.249 149.030
  14.060  80.737 148.682  12.760  80.210 149.757  14.816  79.505 148.703  12.569
  79.026 149.782  14.473  78.783 149.332  13.326
  85.991 147.172  13.072  85.923 148.332  13.434  86.902 149.225  12.978  84.782
 148.814  14.317  86.804 150.534  13.078  84.533 149.908  15.045  83.767 148.111
  14.910  86.200 151.439  13.866  85.172 151.049  14.930  83.516 149.304  15.710
  83.064 148.026  16.110  86.484 152.912  14.107  84.922 152.242  15.782  86.533
 154.137  14.683  85.643 153.202  15.312  87.663 148.883  12.404  86.100 155.411
  14.244  86.589 156.020  13.030  85.868 156.452  15.073  87.000 155.308  12.116
  86.639 157.479  12.871  85.914 157.639  15.035  86.453 158.433  13.923  86.954
 159.573  13.885  87.083 157.727  11.995  82.272 148.538  15.176  81.009 149.106
  14.718  80.298 148.530  13.598  80.177 150.198  15.356  79.286 149.160  13.201
  79.057 150.533  14.876  78.581 149.720  14.079
  85.462 147.381  12.836  85.656 148.451  13.298  86.680 149.196  12.796  84.766
 148.853  14.439  86.968 150.453  13.191  84.544 150.050  15.037  83.783 148.116
  15.069  86.447 151.476  13.992  85.160 151.253  14.800  83.561 149.483  15.766
  83.243 148.239  16.336  86.875 152.888  14.362  84.779 152.513  15.408  86.828
 154.167  14.922  85.698 153.363  15.130  87.256 148.827  12.048  86.715 155.520
  14.434  87.275 156.033  13.132  86.525 156.562  15.192  87.678 155.255  12.335
  87.315 157.481  12.957  86.595 157.743  15.125  87.126 158.531  13.971  87.257
 159.760  13.832  87.699 157.813  12.081  82.304 148.569  15.406  81.014 148.395
  14.923  80.795 147.921  13.561  79.812 148.860  15.484  79.656 147.886  13.100
  78.757 148.931  14.836  78.698 148.155  13.844
  85.986 147.166  13.246  85.754 148.335  13.408  86.710 149.186  12.935  84.453
 148.816  14.120  86.768 150.444  13.189  84.021 150.013  14.557  83.457 148.095
  14.498  86.087 151.345  13.893  84.812 151.145  14.631  82.917 149.407  15.089
  82.558 148.175  15.547  86.499 152.739  14.333  84.496 152.253  15.524  86.571
 153.998  14.990  85.433 153.106  15.267  87.477 148.737  12.448  86.716 155.322
  14.530  86.881 155.853  13.145  86.536 156.345  15.321  87.011 155.150  12.130
  86.795 157.328  12.968  86.546 157.555  15.226  86.696 158.330  13.962  86.781
 159.526  13.786  86.998 157.726  12.058  81.779 148.333  14.384  80.454 148.170
  13.835  80.174 147.552  12.564  79.294 148.930  14.307  79.160 147.869  11.923
  78.246 148.922  13.655  78.180 148.222  12.597
  85.582 147.608  12.323  85.484 148.789  12.672  86.322 149.769  12.053  84.415
 149.138  13.637  86.295 151.040  12.463  84.077 150.163  14.369  83.501 148.309
  14.204  85.795 151.796  13.467  84.689 151.378  14.346  83.159 149.479  15.040
  82.823 148.186  15.402  86.062 153.254  13.936  84.244 152.516  15.150  86.041
 154.464  14.662  85.073 153.450  14.971  86.898 149.507  11.261  85.774 155.740
  14.478  86.140 156.381  13.193  86.007 156.656  15.375  86.141 155.760  12.155
  86.613 157.731  13.198  86.413 157.752  15.456  86.838 158.555  14.338  87.070
 159.768  14.245  86.681 158.098  12.256  81.919 148.680  14.506  80.666 148.458
  13.777  80.718 148.453  12.308  79.463 147.786  14.258  79.828 147.930  11.639
  78.663 147.286  13.474  78.996 147.197  12.255
  85.653 147.499  12.408  85.595 148.656  12.696  86.474 149.501  12.078  84.556
 149.106  13.591  86.669 150.741  12.462  84.273 150.171  14.220  83.512 148.410
  14.136  86.141 151.672  13.326  84.898 151.397  14.135  83.204 149.671  14.834
  82.809 148.494  15.351  86.476 153.068  13.675  84.525 152.582  14.952  86.458
 154.361  14.249  85.452 153.418  14.681  87.060 149.091  11.360  86.390 155.749
  13.935  86.889 156.440  12.699  86.318 156.654  14.926  87.211 155.840  11.706
  87.118 157.920  12.759  86.595 157.822  14.963  86.964 158.803  13.878  87.143
 159.998  13.873  87.244 158.353  11.851  81.930 148.767  14.305  80.548 148.783
  13.922  80.023 148.427  12.640  79.502 148.904  14.932  78.859 148.085  12.519
  78.287 148.787  14.587  78.055 148.506  13.383
  86.035 147.752  11.755  86.029 148.839  12.334  86.978 149.731  12.005  84.970
 149.180  13.446  87.095 151.001  12.427  84.686 150.248  14.231  83.997 148.411
  13.915  86.453 151.862  13.329  85.288 151.481  14.217  83.696 149.645  14.875
  83.367 148.297  15.147  86.849 153.244  13.738  84.969 152.624  15.072  86.850
 154.443  14.365  85.817 153.552  14.826  87.599 149.469  11.248  86.873 155.779
  13.981  86.689 156.375  12.636  86.932 156.775  14.800  86.535 155.669  11.578
  86.595 157.842  12.601  86.782 157.941  14.837  86.591 158.758  13.663  86.520
 159.972  13.568  86.370 158.238  11.697  82.478 148.838  14.317  81.073 148.819
  14.025  80.347 147.565  13.575  80.152 149.867  14.329  79.105 147.587  13.552
  78.957 149.706  14.217  78.488 148.604  13.941
  85.823 146.880  11.771  85.894 148.027  12.189  86.635 148.953  11.432  85.139
 148.422  13.383  86.706 150.211  11.763  85.078 149.513  14.146  84.276 147.692
  14.030  86.533 151.117  12.789  85.728 150.734  13.981  84.231 148.928  14.983
  83.835 147.694  15.345  86.846 152.560  13.130  85.568 151.839  14.981  87.031
 153.797  13.750  86.317 152.767  14.463  87.168 148.661  10.621  86.645 155.183
  13.582  86.895 155.848  12.258  86.678 156.088  14.577  86.994 155.233  11.254
  87.123 157.341  12.291  86.755 157.267  14.630  86.981 158.198  13.492  87.086
 159.400  13.420  87.381 157.823  11.438  82.829 148.333  14.643  81.469 148.502
  14.188  80.892 147.693  13.179  80.599 149.566  14.626  79.796 147.978  12.687
  79.564 149.771  13.979  79.207 149.018  13.001
  85.742 147.287  11.476  85.934 148.275  12.192  87.057 149.066  11.927  84.994
 148.502  13.360  87.136 150.281  12.478  84.709 149.573  14.142  83.957 147.801
  13.822  86.564 151.088  13.394  85.314 150.776  14.165  83.671 148.882  14.712
  83.346 147.567  14.989  86.894 152.495  13.834  84.913 151.906  14.998  86.775
 153.768  14.462  85.768 152.836  14.795  87.701 148.744  11.215  86.664 155.081
  14.163  87.067 155.664  12.861  86.350 156.069  14.915  87.071 154.963  11.879
  87.329 157.087  12.815  86.451 157.244  14.937  86.996 158.070  13.820  87.083
 159.244  13.711  87.524 157.523  11.922  82.406 148.075  14.264  80.995 148.118
  14.057  80.327 147.522  12.878  80.020 148.625  15.000  79.106 147.274  12.869
  78.798 148.573  14.719  78.452 147.858  13.760
