#Frame       SA_00001
       1   20863.0489
       2   22226.7152
       3   22842.2825
       4   23048.7900
       5   23469.9693
       6   23551.2358
       7   23811.8906
       8   23691.5507
       9   23822.2606
      10   23899.1939
      11   24080.5266
      12   23764.4704
      13   23841.5924
      14   24045.8252
      15   24466.4543
      16   24054.7244
      17   23899.5403
      18   24394.7458
      19   24647.6647
      20   24333.2109
      21   24100.0239
      22   24027.0927
      23   24451.4750
      24   24507.0153
      25   24671.9926
      26   24275.4504
      27   24192.5297
      28   24100.4859
      29   23946.8051
      30   24375.1609
      31   24486.2849
      32   24370.3696
      33   24437.4511
      34   24385.9263
      35   24362.1180
      36   24048.4893
      37   23894.0384
      38   23844.9526
      39   23904.6392
      40   24046.1741
      41   23991.1926
      42   23752.5302
      43   23605.7070
      44   23988.7828
      45   23912.4024
      46   24161.4700
      47   24348.2594
      48   24123.5021
      49   24041.5608
      50   24021.2085
