#Frame       SA_00001
       1   21105.4951
       2   22507.4011
       3   23095.5751
       4   23327.5259
       5   23658.8310
       6   23673.0501
       7   23958.1178
       8   23798.8686
       9   23937.2725
      10   23950.2774
      11   23968.7572
      12   23911.3826
      13   23837.4991
      14   23848.8487
      15   24098.4386
      16   23912.7340
      17   23757.0252
      18   24287.9210
      19   24202.9756
      20   24381.3725
      21   24208.9886
      22   24155.5603
      23   24342.5492
      24   24579.5693
      25   24890.1682
      26   24636.4874
      27   24303.7349
      28   24153.6670
      29   24146.3282
      30   24289.4208
      31   24601.3600
      32   24666.4620
      33   24833.1502
      34   25234.6443
      35   25184.0114
      36   24891.1153
      37   24774.5269
      38   24568.9146
      39   24324.9649
      40   24475.1580
      41   24437.5893
      42   24237.8373
      43   24096.6406
      44   24482.7577
      45   24437.5417
      46   24738.2387
      47   24983.9942
      48   24856.7468
      49   24769.6329
      50   24958.5371
