Cpptraj Generated trajectory                                                    
  83.624 154.116  14.155  82.638 153.239  14.759  83.932 152.737  14.029  82.118
 151.950  15.264  84.007 151.478  14.117  82.940 150.851  14.861  81.042 151.472
  15.950  82.377 149.750  15.235  80.980 150.290  15.091  81.279 150.853  17.165
  82.272 149.475  16.580  79.836 149.503  14.768  81.319 149.491  17.600  79.786
 148.518  14.034  85.186 155.368  11.913  84.927 155.969  12.966  84.066 155.440
  13.982  85.535 157.284  13.130  83.958 156.382  14.890  85.366 158.196  14.322
  84.439 157.388  15.111  85.621 159.363  14.408  86.024 157.665  12.328  78.728
 150.110  15.290  77.432 149.512  15.428  77.425 148.259  16.203  76.575 150.484
  16.144  76.961 149.347  14.117  82.440 150.081  18.008  83.292 150.124  19.190
  82.683 150.120  20.518  84.640 149.658  19.280  83.157 149.534  21.490  85.035
 149.112  20.354  84.297 149.006  21.336
  83.515 153.655  13.957  82.460 152.911  14.549  83.750 152.215  13.906  81.782
 151.578  14.985  83.683 150.948  14.043  82.545 150.461  14.628  80.608 151.138
  15.627  81.778 149.342  14.884  80.485 149.960  14.791  80.784 150.460  16.817
  81.758 149.047  16.187  79.388 149.149  14.661  80.926 149.163  17.338  79.383
 148.099  13.998  85.659 154.599  12.265  85.344 155.262  13.261  84.366 154.747
  14.287  85.873 156.656  13.373  84.182 155.774  15.049  85.637 157.533  14.378
  84.679 156.811  15.202  86.043 158.650  14.379  86.346 157.068  12.578  78.245
 149.775  15.124  76.970 149.167  14.947  76.991 147.830  15.628  75.974 149.931
  15.651  76.598 149.268  13.531  82.050 149.786  17.643  83.205 149.696  18.485
  82.884 149.458  19.835  84.586 149.501  18.165  83.704 148.997  20.648  85.391
 149.257  19.146  84.913 149.130  20.329
  84.164 153.120  13.756  82.962 152.424  14.037  84.296 151.711  13.446  82.043
 151.225  14.135  84.040 150.453  13.353  82.762 150.043  13.717  80.969 150.751
  14.835  82.064 148.929  14.096  80.843 149.598  14.071  81.253 150.235  16.077
  82.015 148.621  15.456  79.637 148.824  13.928  81.209 148.925  16.624  79.622
 147.687  13.531  85.976 154.317  11.838  85.701 154.997  12.782  84.834 154.401
  13.822  86.000 156.519  12.772  84.556 155.404  14.627  85.552 157.376  13.905
  84.764 156.533  14.793  85.579 158.610  13.837  86.488 156.808  11.933  78.501
 149.671  14.240  77.132 149.128  14.371  77.259 147.977  15.197  76.340 150.241
  15.017  76.561 148.804  13.037  82.442 149.379  16.745  83.508 149.499  17.657
  83.634 148.758  18.872  84.592 150.449  17.557  84.694 148.839  19.624  85.548
 150.456  18.271  85.500 149.788  19.332
  84.119 153.432  14.022  82.971 152.632  14.128  84.095 152.233  13.223  81.973
 151.447  13.931  83.906 151.103  12.641  82.652 150.502  13.079  81.042 150.687
  14.662  82.100 149.310  13.269  80.823 149.854  13.577  81.592 149.795  15.635
  82.400 148.715  14.447  79.686 149.043  13.537  81.888 148.457  15.768  79.647
 148.125  12.778  86.343 154.389  12.319  85.657 155.200  12.923  84.468 154.768
  13.753  85.939 156.655  12.981  84.052 155.752  14.426  85.327 157.647  13.793
  84.293 156.884  14.603  85.490 158.839  13.724  86.578 157.059  12.306  78.561
 149.771  14.023  77.225 149.311  13.877  77.085 148.174  14.753  76.531 150.392
  14.475  76.762 149.147  12.421  83.036 149.164  15.853  84.171 149.377  16.679
  84.970 148.271  17.193  84.750 150.570  16.870  86.087 148.472  17.616  85.950
 150.641  17.315  86.546 149.597  17.741
  84.210 153.638  14.010  83.080 152.788  14.280  84.150 152.434  13.253  82.166
 151.532  14.178  83.957 151.262  12.726  82.701 150.661  13.220  81.256 150.858
  14.968  82.071 149.487  13.417  80.848 150.034  13.893  81.769 149.919  15.871
  82.438 148.807  14.564  79.578 149.406  13.813  82.112 148.564  15.930  79.298
 148.615  12.900  86.390 154.430  12.203  85.744 155.255  12.885  84.580 154.928
  13.685  86.286 156.620  12.931  84.117 156.042  14.256  85.668 157.723  13.557
  84.476 157.182  14.271  86.029 158.914  13.322  86.930 156.810  12.172  78.692
 149.936  14.698  77.281 149.540  14.730  77.080 148.065  14.979  76.746 150.355
  15.791  76.687 149.799  13.455  83.276 149.243  15.800  84.611 149.362  16.261
  85.560 148.315  16.138  85.169 150.605  16.676  86.789 148.603  16.182  86.406
 150.683  16.742  87.185 149.776  16.415
  85.069 153.245  14.725  83.827 152.604  15.042  84.834 152.064  14.010  82.709
 151.497  14.931  84.428 150.907  13.531  83.092 150.526  13.944  81.709 150.885
  15.672  82.213 149.520  14.057  81.167 150.290  14.514  82.079 149.896  16.501
  82.521 148.667  15.157  79.784 149.925  14.334  82.101 148.448  16.549  79.450
 148.962  13.663  86.444 154.109  12.225  86.154 154.931  13.084  85.500 154.547
  14.324  86.319 156.399  12.835  85.077 155.614  14.909  85.953 157.482  13.682
  85.231 156.783  14.728  86.125 158.677  13.414  86.749 156.633  11.948  79.054
 150.437  15.335  77.689 150.101  15.553  77.575 148.754  16.046  77.180 151.005
  16.629  76.924 150.380  14.337  83.347 148.849  16.436  84.666 148.902  17.000
  85.684 147.929  16.720  85.215 150.060  17.635  86.842 148.196  16.969  86.428
 150.299  17.629  87.199 149.397  17.215
  84.889 153.642  13.967  83.965 152.725  14.467  84.728 152.389  13.212  83.015
 151.473  14.549  84.470 151.229  12.735  83.342 150.622  13.428  82.297 150.708
  15.389  82.669 149.399  13.657  81.631 150.103  14.321  82.768 149.592  16.089
  83.154 148.592  14.635  80.194 149.927  14.205  82.787 148.187  16.002  79.613
 149.198  13.379  86.725 155.005  12.079  86.159 155.623  12.969  85.166 154.941
  13.919  86.423 157.038  13.144  84.655 155.872  14.646  85.763 157.917  14.032
  84.749 157.024  14.781  85.848 159.138  13.989  86.937 157.459  12.380  79.647
 150.355  15.374  78.415 149.912  15.858  78.312 148.422  15.865  78.272 150.433
  17.228  77.327 150.503  14.985  84.085 148.638  16.002  85.378 148.379  16.512
  85.681 147.681  17.705  86.581 149.024  16.012  86.762 147.859  18.297  87.616
 149.138  16.692  87.513 148.769  17.879
  85.060 153.576  14.106  84.024 152.743  14.553  84.900 152.411  13.277  83.116
 151.493  14.563  84.560 151.285  12.805  83.416 150.626  13.457  82.341 150.859
  15.489  82.817 149.435  13.797  81.706 150.005  14.473  82.979 149.890  16.195
  83.377 148.719  14.841  80.342 149.608  14.473  83.225 148.537  16.264  79.913
 148.716  13.747  86.285 154.905  11.842  85.928 155.563  12.792  85.368 154.920
  13.903  86.120 157.004  12.896  84.989 155.838  14.830  85.737 157.906  13.957
  85.049 157.013  14.880  85.922 159.145  13.990  86.618 157.416  12.116  79.635
 150.154  15.553  78.140 149.910  15.707  77.810 148.438  15.787  77.882 150.385
  17.060  77.394 150.611  14.704  84.395 149.137  16.004  85.806 149.045  16.046
  86.674 148.095  16.729  86.649 150.053  15.344  87.919 148.118  16.585  87.890
 149.931  15.305  88.445 149.145  16.123
  85.282 153.627  14.319  84.324 152.700  14.871  84.921 152.570  13.493  83.369
 151.441  14.890  84.422 151.513  12.874  83.436 150.806  13.615  82.612 150.697
  15.739  82.909 149.556  13.786  81.915 150.107  14.643  83.312 149.663  16.233
  83.438 148.639  14.712  80.673 149.492  14.774  83.638 148.311  16.062  80.314
 148.716  13.867  86.185 154.937  11.973  85.847 155.633  12.908  85.260 155.013
  14.122  86.027 157.098  12.990  85.022 155.883  15.072  85.686 157.990  14.072
  85.173 157.064  15.177  85.732 159.168  14.027  86.522 157.601  12.262  79.922
 150.160  15.701  78.518 149.786  16.136  78.389 148.363  16.384  78.144 150.518
  17.361  77.693 150.252  15.054  84.733 148.997  15.730  86.149 149.126  15.834
  87.169 148.163  16.216  86.751 150.439  15.618  88.359 148.455  16.289  87.995
 150.561  15.642  88.762 149.570  15.865
  84.987 154.402  14.541  84.238 153.319  15.072  84.905 153.281  13.637  83.632
 151.861  15.029  84.715 152.158  13.002  83.966 151.230  13.758  82.850 150.992
  15.745  83.436 149.923  13.793  82.334 150.348  14.585  83.521 149.838  16.209
  84.136 149.086  14.688  81.138 149.617  14.576  83.750 148.489  15.921  80.991
 148.629  13.832  85.204 156.113  12.070  85.229 156.620  13.175  84.986 155.787
  14.393  85.687 158.041  13.241  85.119 156.704  15.349  85.685 158.811  14.494
  85.434 157.827  15.544  85.802 160.058  14.439  85.861 158.444  12.328  80.226
 150.228  15.434  79.212 149.576  16.053  79.647 148.402  16.737  78.634 150.628
  16.901  78.245 149.269  15.064  84.985 149.120  16.091  86.385 149.053  16.408
  86.982 148.226  17.427  87.420 149.600  15.525  88.136 147.940  17.409  88.563
 149.222  15.584  88.864 148.467  16.530
  85.245 154.230  14.450  84.343 153.228  14.921  85.149 153.048  13.610  83.578
 151.858  14.936  84.842 151.994  13.051  83.952 151.106  13.759  82.854 151.040
  15.742  83.385 149.874  13.862  82.293 150.366  14.647  83.478 149.965  16.294
  83.978 149.026  14.798  80.919 150.027  14.528  83.757 148.560  16.135  80.325
 149.490  13.575  85.681 155.765  12.033  85.674 156.364  13.057  85.366 155.636
  14.321  86.103 157.750  13.184  85.562 156.443  15.328  86.139 158.602  14.293
  85.866 157.597  15.374  86.295 159.778  14.274  86.293 158.183  12.289  80.286
 150.375  15.722  78.913 150.136  16.016  78.485 148.727  16.012  78.722 150.457
  17.455  77.969 150.927  15.182  84.915 149.299  16.110  86.236 149.590  16.694
  86.855 148.546  17.513  87.174 150.531  16.249  88.080 148.443  17.550  88.317
 150.187  16.136  88.696 149.186  16.759
  85.296 154.162  14.516  84.286 153.316  14.978  85.077 152.985  13.673  83.366
 152.091  15.106  84.746 151.875  13.161  83.697 151.208  14.044  82.567 151.389
  16.014  83.166 149.973  14.337  82.031 150.608  14.867  83.227 150.490  16.819
  83.740 149.296  15.494  80.756 150.009  14.910  83.618 149.094  16.882  80.509
 148.955  14.337  85.974 155.436  11.790  85.850 156.099  12.842  85.541 155.493
  14.173  86.197 157.496  12.788  85.603 156.443  15.042  86.232 158.429  13.928
  85.820 157.622  15.079  86.464 159.640  13.764  86.282 157.899  11.863  79.959
 150.627  15.795  78.704 150.157  16.218  78.852 148.882  16.939  78.173 150.994
  17.232  77.731 150.012  15.064  84.702 149.941  16.581  86.140 149.935  16.519
  86.896 149.069  17.384  86.998 150.794  15.717  88.135 149.200  17.451  88.208
 150.822  15.921  88.707 150.034  16.723
  85.324 154.123  15.036  84.437 153.135  15.463  85.213 152.965  14.170  83.574
 151.788  15.411  84.928 151.844  13.580  83.982 151.047  14.261  82.880 151.000
  16.231  83.404 149.865  14.417  82.289 150.279  15.181  83.673 150.025  16.817
  83.989 149.001  15.307  80.999 149.760  15.079  83.965 148.614  16.710  80.664
 148.926  14.236  84.911 155.460  12.439  85.234 156.141  13.369  85.294 155.532
  14.711  85.536 157.570  13.236  85.580 156.527  15.523  86.012 158.493  14.251
  85.892 157.677  15.444  86.456 159.615  14.155  85.639 157.914  12.288  80.158
 150.379  16.042  78.837 149.814  16.373  78.959 148.406  16.627  78.527 150.653
  17.520  77.923 150.234  15.275  85.079 149.386  16.477  86.477 149.461  16.809
  87.061 148.671  17.863  87.484 150.230  16.102  88.249 148.819  18.163  88.622
 150.383  16.612  88.863 149.787  17.686
  85.498 154.445  14.783  84.534 153.484  15.321  85.256 153.277  13.919  83.733
 152.134  15.303  84.887 152.216  13.346  83.956 151.452  14.057  82.916 151.316
  16.032  83.410 150.233  14.114  82.355 150.692  14.880  83.606 150.274  16.577
  83.971 149.342  14.976  81.138 149.955  14.914  83.892 148.867  16.330  80.804
 149.143  14.067  86.700 155.900  12.542  86.213 156.569  13.445  85.477 155.812
  14.523  86.335 158.024  13.454  85.040 156.785  15.309  85.943 158.835  14.503
  85.188 157.943  15.477  86.275 160.029  14.565  86.814 158.400  12.645  80.334
 150.511  15.876  78.989 150.031  16.045  78.987 148.556  16.174  78.433 150.576
  17.254  78.177 150.511  14.944  85.012 149.598  16.232  86.418 149.530  16.427
  86.968 148.533  17.230  87.360 150.310  15.659  88.199 148.307  17.182  88.594
 149.974  15.712  88.953 149.051  16.517
  85.715 154.389  14.443  84.914 153.439  15.070  85.439 153.224  13.608  84.141
 152.098  15.235  85.021 152.099  13.119  84.198 151.342  14.001  83.490 151.367
  16.214  83.608 150.164  14.164  82.728 150.706  15.119  84.118 150.302  16.637
  84.326 149.316  14.933  81.388 150.171  15.278  84.268 148.885  16.325  80.857
 149.473  14.471  86.108 155.714  11.891  86.074 156.395  12.922  85.817 155.764
  14.200  86.265 157.840  12.918  85.718 156.719  15.125  86.207 158.802  14.006
  85.780 157.942  15.132  86.358 159.997  13.935  86.383 158.201  11.979  80.766
 150.704  16.363  79.572 150.045  16.916  80.043 148.772  17.470  79.066 150.768
  18.079  78.447 149.869  16.000  85.445 149.426  16.011  86.874 149.561  16.207
  87.586 148.890  17.237  87.796 150.309  15.329  88.838 148.870  17.225  89.014
 150.099  15.370  89.401 149.226  16.165
  85.487 154.210  14.708  84.583 153.327  15.334  85.147 153.027  13.933  83.733
 152.030  15.511  84.685 151.898  13.434  83.785 151.218  14.308  83.324 151.257
  16.558  83.484 149.973  14.747  82.550 150.441  15.694  84.243 150.371  17.124
  84.428 149.372  15.526  81.379 149.800  15.980  84.645 149.022  16.883  80.907
 148.850  15.393  86.850 155.529  12.214  86.441 156.142  13.239  85.563 155.592
  14.311  86.777 157.589  13.283  85.261 156.560  15.097  86.388 158.569  14.236
  85.512 157.728  15.156  86.532 159.734  14.203  87.146 157.976  12.423  80.830
 150.508  16.994  79.461 150.098  17.453  79.567 148.795  18.239  78.994 151.039
  18.513  78.378 149.991  16.432  85.629 149.824  16.472  87.073 149.946  16.290
  88.083 149.560  17.263  87.735 150.431  15.119  89.253 149.591  16.991  88.958
 150.253  14.875  89.667 149.885  15.822
  84.964 154.585  14.252  84.347 153.510  14.935  84.644 153.405  13.427  83.826
 152.118  15.237  84.276 152.243  12.997  83.767 151.338  14.029  83.476 151.341
  16.299  83.350 150.091  14.491  82.579 150.589  15.557  84.315 150.325  16.715
  84.335 149.343  15.176  81.260 150.102  16.011  84.627 148.937  16.501  80.599
 149.391  15.278  86.152 155.993  12.018  86.032 156.610  13.090  85.403 155.891
  14.215  86.288 158.052  13.166  85.262 156.788  15.085  86.263 158.824  14.391
  85.525 157.892  15.345  86.387 160.037  14.552  86.591 158.505  12.312  80.868
 150.550  17.324  79.541 150.303  17.784  79.226 148.832  17.695  79.423 150.707
  19.211  78.567 151.130  17.057  85.681 149.637  16.034  87.105 149.642  16.237
  87.827 149.349  17.454  87.988 149.987  15.149  89.066 149.400  17.463  89.175
 149.842  15.317  89.634 149.825  16.476
  85.519 154.496  14.735  84.638 153.520  15.155  85.397 153.370  13.898  83.803
 152.135  15.126  85.071 152.251  13.234  84.087 151.358  13.957  83.315 151.300
  16.067  83.729 150.070  14.238  82.663 150.497  15.146  84.322 150.495  16.601
  84.596 149.478  15.101  81.367 149.798  15.245  84.730 149.172  16.508  80.980
 149.002  14.374  85.691 155.813  12.078  85.772 156.450  13.050  85.464 155.847
  14.400  85.967 157.883  12.954  85.411 156.883  15.270  86.141 158.816  14.085
  85.660 158.063  15.261  86.260 160.030  13.996  86.129 158.190  12.002  80.558
 150.227  16.329  79.245 149.760  16.538  79.130 148.297  16.654  78.799 150.375
  17.833  78.304 150.289  15.527  85.794 149.945  16.151  87.188 149.936  15.905
  88.142 149.504  16.912  87.817 150.150  14.606  89.307 149.664  16.659  89.036
 150.021  14.462  89.699 149.658  15.469
  85.715 154.412  14.442  84.792 153.390  14.922  85.652 153.300  13.569  84.097
 152.029  14.901  85.394 152.184  12.982  84.491 151.340  13.680  83.535 151.103
  15.708  83.997 150.081  13.822  82.944 150.426  14.636  84.288 150.073  16.204
  84.767 149.292  14.653  81.599 149.891  14.590  84.670 148.705  15.899  81.115
 149.296  13.631  85.780 155.831  11.890  85.748 156.509  12.939  85.623 155.838
  14.240  85.743 158.013  12.984  85.467 156.674  15.176  85.730 158.814  14.171
  85.474 157.859  15.283  85.864 160.030  14.145  85.888 158.494  12.104  80.920
 150.401  15.706  79.531 150.044  15.987  79.270 148.549  15.953  79.254 150.458
  17.417  78.712 150.759  15.065  85.809 149.459  15.825  87.205 149.542  16.017
  88.120 148.460  16.439  87.849 150.861  16.022  89.318 148.709  16.301  89.042
 150.962  16.019  89.708 149.946  16.258
  85.322 154.749  13.760  84.818 153.659  14.523  85.459 153.437  13.035  84.266
 152.190  14.690  85.279 152.237  12.676  84.562 151.396  13.587  83.581 151.434
  15.600  84.126 150.128  13.794  83.022 150.606  14.583  84.295 150.423  16.247
  84.733 149.406  14.788  81.807 149.866  14.647  84.554 149.079  16.159  81.601
 148.840  13.989  86.141 156.511  11.577  85.741 157.014  12.618  85.375 156.126
  13.692  85.777 158.417  12.801  85.186 156.871  14.721  85.499 159.134  14.049
  85.206 158.037  14.993  85.573 160.322  14.132  85.921 158.956  11.955  81.094
 150.458  15.713  79.878 149.898  16.134  80.079 148.572  16.721  79.309 150.588
  17.250  78.938 150.015  15.021  85.714 149.692  16.014  87.155 149.522  16.157
  87.804 148.337  16.697  88.143 150.409  15.647  88.950 148.291  17.024  89.282
 150.301  16.066  89.674 149.265  16.681
  86.094 154.411  14.765  85.200 153.385  15.156  85.871 153.428  13.764  84.285
 152.206  15.072  85.446 152.384  13.090  84.444 151.572  13.767  83.511 151.378
  15.841  83.793 150.364  13.853  82.725 150.867  14.684  84.175 150.295  16.332
  84.352 149.413  14.696  81.416 150.246  14.848  84.439 148.912  16.050  80.893
 149.489  14.081  86.222 155.962  12.093  86.082 156.543  13.147  85.857 155.806
  14.469  86.202 158.058  13.163  85.754 156.759  15.369  86.104 158.883  14.324
  85.911 157.910  15.412  86.217 160.097  14.347  86.323 158.500  12.260  80.801
 150.837  15.965  79.589 150.346  16.519  79.833 149.017  17.020  79.212 151.246
  17.645  78.437 150.354  15.499  85.595 149.615  15.779  86.988 149.646  15.870
  87.760 149.475  17.073  87.836 150.109  14.777  88.846 150.016  17.253  88.959
 150.524  15.076  89.378 150.476  16.253
  85.813 154.673  14.548  84.965 153.611  15.054  85.423 153.733  13.520  84.129
 152.256  14.889  84.986 152.730  12.857  84.235 151.779  13.583  83.522 151.334
  15.710  83.729 150.510  13.668  82.811 150.885  14.672  84.262 150.253  16.102
  84.425 149.480  14.349  81.533 150.299  14.770  84.489 148.889  15.668  80.993
 149.761  13.838  86.658 156.215  12.220  86.295 156.776  13.220  85.714 156.044
  14.352  86.380 158.231  13.306  85.528 156.924  15.299  86.133 159.077  14.401
  85.644 158.097  15.428  86.343 160.311  14.433  86.687 158.738  12.485  81.063
 150.454  16.027  79.889 149.753  16.551  80.122 148.303  16.330  79.672 150.174
  18.004  78.654 149.944  15.756  85.577 149.625  15.560  87.004 149.615  15.728
  87.666 148.644  16.496  87.864 150.461  14.964  88.911 148.605  16.487  89.101
 150.274  15.028  89.493 149.552  16.006
  85.696 154.536  14.398  84.969 153.512  15.011  85.336 153.479  13.469  84.220
 152.166  15.138  84.940 152.361  12.958  84.326 151.453  13.887  83.663 151.293
  16.025  83.951 150.206  14.097  83.024 150.582  15.020  84.576 150.360  16.461
  84.725 149.412  14.913  81.762 149.995  15.197  84.750 148.997  16.249  81.260
 149.309  14.350  86.389 155.997  11.952  86.025 156.664  12.946  85.585 155.910
  14.145  85.879 158.158  13.008  85.329 156.661  15.102  85.468 158.863  14.225
  85.247 157.831  15.213  85.489 160.058  14.387  86.089 158.689  12.171  81.064
 150.600  16.271  79.845 150.191  16.738  79.841 148.772  17.238  79.392 151.066
  17.839  78.825 150.329  15.732  85.854 149.698  15.997  87.266 149.667  15.894
  88.007 149.186  16.995  88.011 149.711  14.676  89.240 148.899  16.741  89.232
 149.531  14.616  89.663 148.838  15.545
  85.513 154.485  14.035  84.870 153.412  14.672  85.370 153.337  13.180  84.216
 152.007  14.798  85.116 152.165  12.687  84.458 151.266  13.584  83.766 151.072
  15.747  84.107 149.973  13.819  83.100 150.333  14.734  84.725 150.115  16.146
  84.947 149.205  14.618  81.757 149.840  14.813  85.014 148.746  15.924  81.336
 149.024  14.065  85.779 156.039  11.477  85.748 156.547  12.571  85.379 155.854
  13.808  86.020 157.973  12.647  85.470 156.772  14.747  86.053 158.831  13.818
  85.759 157.926  14.854  86.240 160.015  13.745  86.150 158.400  11.737  81.144
 150.344  15.911  79.939 149.727  16.420  79.975 148.420  17.099  79.249 150.590
  17.410  78.902 149.696  15.349  86.101 149.595  15.651  87.510 149.779  15.524
  88.338 149.950  16.686  88.235 149.817  14.315  89.569 150.006  16.477  89.464
 149.839  14.283  90.064 150.048  15.318
  85.844 154.683  14.103  85.038 153.633  14.671  85.794 153.505  13.226  84.295
 152.292  14.678  85.486 152.370  12.706  84.585 151.584  13.478  83.760 151.453
  15.572  84.042 150.339  13.675  83.000 150.815  14.551  84.655 150.434  16.004
  84.781 149.514  14.410  81.857 150.064  14.716  85.011 149.065  15.734  81.474
 149.277  13.879  86.938 156.054  11.836  86.527 156.744  12.750  85.955 156.093
  13.934  86.569 158.216  12.796  85.541 156.969  14.778  86.183 159.091  13.817
  85.551 158.134  14.819  86.399 160.295  13.942  86.975 158.671  11.987  81.091
 150.552  15.694  79.768 150.127  15.979  79.637 148.656  16.175  79.353 150.815
  17.262  78.860 150.576  14.920  86.015 149.856  15.397  87.375 150.180  15.669
  88.108 150.165  16.841  88.216 150.439  14.521  89.296 150.342  16.898  89.468
 150.547  14.699  89.934 150.325  15.831
  85.689 154.823  14.287  85.071 153.672  14.825  85.664 153.719  13.331  84.580
 152.239  14.872  85.468 152.570  12.784  84.776 151.581  13.618  84.038 151.366
  15.794  84.250 150.350  13.814  83.291 150.745  14.750  84.886 150.364  16.176
  85.035 149.481  14.583  82.059 150.179  14.828  85.098 148.940  15.841  81.555
 149.579  13.963  86.584 156.351  12.043  86.238 156.966  13.012  85.720 156.237
  14.197  86.407 158.408  13.057  85.383 157.162  15.084  86.074 159.211  14.215
  85.443 158.301  15.219  86.266 160.469  14.270  86.669 158.858  12.188  81.467
 150.758  15.926  80.086 150.502  16.241  79.891 149.003  16.175  79.836 150.856
  17.627  79.171 151.097  15.296  86.224 149.680  15.687  87.558 149.750  16.105
  88.254 148.743  16.864  88.542 150.782  15.699  89.430 148.813  17.289  89.701
 150.741  16.088  90.091 149.828  16.872
  85.872 154.974  14.342  85.189 153.899  14.959  85.797 153.753  13.515  84.546
 152.467  15.082  85.513 152.649  12.962  84.744 151.788  13.870  83.938 151.632
  15.942  84.254 150.572  14.008  83.183 150.991  14.949  84.649 150.543  16.504
  84.971 149.689  14.827  82.049 150.219  15.080  84.874 149.140  16.173  81.545
 149.599  14.136  86.209 156.378  11.661  86.102 157.005  12.750  85.773 156.341
  14.056  86.326 158.438  12.707  85.496 157.287  14.857  86.200 159.339  13.830
  85.665 158.481  14.892  86.329 160.550  13.692  86.596 158.782  11.793  81.214
 150.737  16.068  79.878 150.152  16.291  79.974 148.726  16.550  79.388 150.669
  17.560  78.936 150.426  15.163  85.994 149.845  16.077  87.393 149.786  16.318
  88.005 148.899  17.299  88.398 150.490  15.676  89.221 148.838  17.454  89.595
 150.480  16.021  89.906 149.755  16.999
  85.426 154.507  14.629  84.655 153.416  15.081  85.413 153.406  13.722  83.979
 152.006  15.042  85.213 152.268  13.161  84.347 151.403  13.865  83.330 151.087
  15.836  83.821 150.149  13.872  82.705 150.412  14.661  84.158 150.108  16.324
  84.565 149.289  14.698  81.497 149.740  14.654  84.535 148.723  16.025  81.032
 149.084  13.726  86.404 155.727  12.286  86.056 156.439  13.242  85.403 155.883
  14.413  86.288 157.929  13.249  85.248 156.830  15.331  86.129 158.855  14.378
  85.505 158.004  15.447  86.285 160.057  14.364  86.744 158.357  12.452  80.796
 150.169  15.712  79.482 149.667  16.057  79.609 148.321  16.543  78.788 150.449
  17.086  78.548 149.666  14.925  85.713 149.439  15.906  87.067 149.441  16.184
  87.610 148.645  17.200  88.039 150.433  15.741  88.746 148.836  17.612  89.085
 150.626  16.390  89.477 149.690  17.083
  85.734 154.467  15.021  85.034 153.374  15.621  85.693 153.342  14.209  84.252
 152.017  15.572  85.456 152.218  13.600  84.516 151.388  14.327  83.591 151.157
  16.356  84.043 150.147  14.450  82.910 150.552  15.265  84.348 150.135  16.887
  84.720 149.305  15.267  81.692 149.940  15.166  84.606 148.769  16.572  81.494
 149.209  14.222  86.469 155.969  12.529  86.085 156.560  13.563  85.489 155.857
  14.727  86.136 157.982  13.538  85.244 156.862  15.610  85.862 158.902  14.598
  85.352 158.018  15.670  86.012 160.096  14.531  86.511 158.356  12.674  80.776
 150.213  16.213  79.357 150.067  16.117  78.970 148.687  16.287  78.826 150.738
  17.340  78.814 150.818  14.982  85.805 149.457  16.534  87.221 149.392  16.606
  87.944 148.559  17.486  88.111 150.109  15.766  89.185 148.383  17.387  89.303
 149.848  15.761  89.794 149.296  16.758
  85.864 154.521  14.266  85.291 153.490  15.089  85.784 153.258  13.559  84.819
 152.035  15.384  85.616 152.050  13.248  84.940 151.228  14.199  84.199 151.314
  16.400  84.329 149.976  14.538  83.435 150.573  15.462  84.828 150.241  16.980
  84.938 149.126  15.464  82.095 150.258  15.646  84.960 148.799  16.843  81.521
 149.327  15.083  86.229 156.181  11.761  85.951 156.747  12.827  85.740 155.931
  14.071  85.840 158.220  12.879  85.376 156.811  14.991  85.470 158.953  14.067
  85.258 157.943  15.086  85.538 160.177  14.204  85.970 158.751  12.025  81.476
 151.060  16.636  80.081 150.902  16.871  79.746 149.541  17.496  79.737 151.922
  17.903  79.213 151.142  15.672  86.161 149.326  16.535  87.524 149.346  16.854
  88.123 148.495  17.912  88.436 150.369  16.444  89.320 148.587  18.187  89.635
 150.315  16.819  90.033 149.402  17.581
  85.742 154.706  14.990  84.971 153.660  15.520  85.605 153.503  14.122  84.182
 152.269  15.599  85.387 152.314  13.697  84.474 151.488  14.480  83.585 151.419
  16.534  83.994 150.268  14.724  82.934 150.751  15.488  84.420 150.440  17.122
  84.699 149.451  15.589  81.694 150.220  15.531  84.789 149.025  16.940  81.339
 149.428  14.698  86.405 156.198  12.437  86.041 156.771  13.427  85.670 156.075
  14.700  85.988 158.191  13.439  85.424 156.992  15.617  85.684 159.072  14.514
  85.374 158.192  15.625  85.893 160.241  14.453  85.996 158.625  12.524  80.882
 150.825  16.492  79.542 150.422  16.763  79.494 149.033  17.087  79.140 151.309
  17.817  78.593 150.573  15.615  85.874 149.729  16.673  87.305 149.732  16.506
  88.160 148.998  17.400  88.155 150.514  15.623  89.397 148.955  17.262  89.382
 150.427  15.610  89.970 149.586  16.322
  85.335 154.608  15.021  84.660 153.478  15.628  85.028 153.496  14.150  83.974
 152.041  15.660  84.719 152.372  13.510  84.042 151.403  14.331  83.441 151.120
  16.504  83.541 150.174  14.439  82.642 150.576  15.448  84.222 150.005  16.774
  84.248 149.194  15.104  81.274 150.409  15.448  84.347 148.648  16.416  80.688
 149.974  14.501  86.067 155.953  12.572  85.644 156.653  13.509  85.173 156.016
  14.751  85.813 158.099  13.466  85.129 156.929  15.622  85.619 158.973  14.557
  85.294 158.082  15.664  85.841 160.203  14.590  86.130 158.524  12.603  80.797
 150.630  16.707  79.494 150.238  17.115  79.319 148.813  16.862  79.465 150.370
  18.568  78.388 151.022  16.482  85.546 149.261  16.003  86.956 149.520  16.342
  87.785 148.822  17.345  87.831 150.426  15.647  88.977 148.714  17.217  89.037
 150.266  15.677  89.554 149.352  16.367
  85.592 154.429  14.825  84.786 153.407  15.379  85.358 153.316  13.966  83.982
 152.007  15.407  85.079 152.222  13.356  84.215 151.349  14.141  83.333 151.169
  16.270  83.761 150.044  14.344  82.731 150.483  15.204  84.184 150.240  16.753
  84.559 149.282  15.210  81.433 150.116  15.032  84.546 148.862  16.580  81.152
 149.398  14.130  85.911 155.665  12.249  85.752 156.370  13.197  85.541 155.807
  14.571  85.869 157.882  13.092  85.774 156.792  15.403  85.920 158.823  14.157
  85.878 157.970  15.373  86.089 159.989  13.981  86.201 158.215  12.194  80.580
 150.471  15.974  79.200 149.953  16.207  79.433 148.495  16.466  78.704 150.578
  17.465  78.248 150.069  15.068  85.577 149.664  16.350  87.029 149.749  16.465
  87.903 148.800  17.116  87.707 150.750  15.724  89.017 148.706  16.617  88.809
 150.457  15.301  89.508 149.715  16.013
  86.322 154.565  14.387  85.561 153.519  14.962  86.012 153.509  13.515  84.675
 152.236  14.990  85.589 152.453  12.886  84.760 151.646  13.700  84.049 151.468
  15.949  84.097 150.457  13.868  83.208 150.906  14.914  84.726 150.317  16.281
  84.756 149.485  14.592  81.933 150.397  14.981  84.626 148.939  15.923  81.464
 149.751  14.036  86.156 156.090  11.862  86.121 156.684  12.952  86.233 155.915
  14.218  86.029 158.142  13.030  86.197 156.785  15.232  85.952 158.906  14.221
  85.962 157.930  15.277  85.958 160.142  14.236  86.055 158.699  12.185  81.259
 150.685  16.171  79.996 150.031  16.565  80.222 148.579  16.836  79.494 150.560
  17.764  78.948 150.252  15.575  85.904 149.381  15.708  87.257 149.161  16.225
  87.766 148.044  17.029  88.347 150.119  15.988  89.008 147.878  17.191  89.530
 149.864  16.259  89.706 148.941  17.059
  86.223 154.725  14.694  85.473 153.618  15.140  86.117 153.659  13.714  84.706
 152.261  14.947  85.792 152.672  12.983  84.890 151.757  13.615  84.139 151.272
  15.745  84.368 150.450  13.685  83.440 150.817  14.635  84.949 150.151  16.032
  85.132 149.529  14.382  82.075 150.588  14.628  85.066 148.852  15.602  81.494
 149.981  13.731  86.537 156.210  12.152  86.360 156.770  13.239  86.206 156.113
  14.551  86.395 158.218  13.242  85.997 157.001  15.468  86.165 159.100  14.364
  85.956 158.170  15.509  86.342 160.286  14.353  86.701 158.619  12.364  81.507
 151.074  15.776  80.134 150.783  16.115  80.053 149.446  16.614  79.900 151.678
  17.197  79.169 151.087  15.075  86.280 149.423  15.551  87.650 149.388  15.940
  88.102 148.444  16.915  88.705 150.240  15.441  89.342 148.280  17.063  89.841
 150.166  15.956  90.117 149.077  16.568
  86.229 154.393  14.366  85.266 153.443  14.754  86.047 153.360  13.369  84.445
 152.181  14.684  85.696 152.304  12.743  84.720 151.479  13.476  83.799 151.268
  15.496  84.138 150.225  13.609  83.120 150.725  14.379  84.623 150.220  16.031
  84.821 149.357  14.465  81.775 150.415  14.250  84.912 148.859  15.783  81.405
 149.585  13.387  86.553 155.949  11.776  86.403 156.499  12.857  86.241 155.779
  14.161  86.347 157.999  12.885  86.082 156.627  15.098  86.067 158.836  14.037
  85.947 157.794  15.162  86.044 160.071  14.033  86.429 158.446  11.979  81.060
 150.759  15.400  79.673 150.392  15.578  79.695 148.988  15.948  79.122 151.081
  16.731  78.833 150.535  14.371  85.964 149.641  15.586  87.349 149.897  15.607
  88.223 148.925  16.072  88.082 151.094  15.064  89.451 149.014  15.946  89.316
 151.046  15.032  89.897 150.118  15.650
  85.738 154.984  14.264  85.113 153.829  14.793  85.610 153.895  13.340  84.535
 152.388  14.813  85.362 152.799  12.677  84.739 151.809  13.514  83.996 151.505
  15.657  84.191 150.531  13.611  83.272 150.938  14.559  84.821 150.407  15.934
  84.882 149.566  14.311  82.020 150.266  14.603  85.031 149.043  15.575  81.634
 149.479  13.726  86.298 156.578  11.915  86.080 157.109  12.999  85.606 156.302
  14.105  86.286 158.568  13.175  85.486 157.205  15.063  86.103 159.368  14.346
  85.636 158.383  15.260  86.350 160.570  14.418  86.383 159.101  12.318  81.481
 150.284  15.899  80.246 149.663  16.298  80.416 148.203  16.453  79.884 150.191
  17.595  79.090 149.931  15.431  86.138 149.743  15.250  87.564 149.727  15.568
  88.118 148.745  16.503  88.558 150.548  14.978  89.274 148.718  16.748  89.716
 150.448  15.318  90.047 149.609  16.205
  85.995 154.958  14.801  85.084 153.992  15.199  85.766 153.930  13.815  84.297
 152.640  15.096  85.342 152.896  13.160  84.492 152.028  13.837  83.707 151.772
  15.944  83.948 150.799  13.916  83.013 151.132  14.930  84.605 150.784  16.251
  84.767 149.935  14.599  81.792 150.477  15.058  84.955 149.419  15.929  81.295
 149.720  14.224  86.502 156.604  12.220  86.259 157.150  13.285  85.957 156.389
  14.587  86.310 158.598  13.315  85.889 157.292  15.525  86.268 159.459  14.419
  86.011 158.468  15.546  86.384 160.651  14.387  86.418 159.090  12.436  81.179
 150.893  16.232  79.876 150.372  16.588  79.790 148.870  16.653  79.644 150.934
  17.927  78.896 150.859  15.631  86.032 150.199  15.563  87.432 150.234  15.447
  88.361 149.256  16.063  88.209 151.088  14.594  89.576 149.396  15.951  89.404
 151.096  14.485  90.071 150.188  15.066
  85.827 155.066  14.336  85.024 154.061  14.938  85.460 153.946  13.498  84.293
 152.685  15.071  85.065 152.871  12.934  84.281 152.018  13.797  83.924 151.782
  15.990  83.908 150.745  14.005  83.036 151.155  15.060  84.797 150.747  16.335
  84.732 149.908  14.656  81.768 150.622  15.270  84.969 149.367  15.961  81.233
 149.858  14.500  87.086 156.552  12.059  86.517 157.159  12.955  85.775 156.440
  13.957  86.490 158.665  13.084  85.299 157.357  14.828  85.944 159.483  14.151
  85.332 158.496  15.068  86.038 160.697  14.229  86.939 159.172  12.331  81.370
 150.791  16.574  80.250 150.062  17.122  80.282 148.608  16.973  80.220 150.317
  18.563  78.980 150.396  16.462  86.098 150.028  15.625  87.534 149.985  15.477
  88.448 149.106  16.262  88.323 150.794  14.579  89.663 149.225  16.191  89.546
 150.793  14.578  90.226 150.033  15.366
  85.723 154.971  14.222  84.803 153.936  14.627  85.553 153.945  13.250  84.093
 152.544  14.532  85.214 152.923  12.555  84.310 151.955  13.211  83.679 151.576
  15.351  84.061 150.621  13.352  83.021 150.887  14.226  84.598 150.670  15.743
  84.966 149.919  14.066  81.845 150.156  14.339  85.051 149.350  15.357  81.679
 149.265  13.531  85.971 156.454  11.729  85.890 157.095  12.780  85.693 156.357
  14.072  86.019 158.541  12.835  85.703 157.210  15.043  86.000 159.367  14.041
  85.867 158.352  15.085  86.158 160.625  14.004  86.071 158.990  11.928  81.161
 150.442  15.498  79.958 149.690  15.863  80.366 148.277  16.068  79.569 150.322
  17.116  78.800 149.790  14.922  86.080 150.195  15.216  87.459 150.201  15.492
  88.143 150.888  16.531  88.391 149.399  14.675  89.374 150.960  16.574  89.592
 149.550  14.794  90.035 150.255  15.745
  85.682 154.631  14.538  84.920 153.527  14.898  85.736 153.531  13.571  84.319
 152.040  14.731  85.583 152.421  12.900  84.831 151.464  13.563  83.746 151.080
  15.446  84.553 150.110  13.610  83.307 150.359  14.306  84.591 150.187  16.053
  85.216 149.356  14.546  82.107 149.642  14.156  85.084 148.872  15.889  82.023
 148.953  13.135  85.582 156.248  12.080  85.564 156.756  13.168  85.497 155.984
  14.422  85.772 158.232  13.347  85.510 156.794  15.427  85.817 158.969  14.561
  85.639 157.964  15.632  86.075 160.154  14.660  85.730 158.789  12.502  81.114
 150.057  15.039  79.776 149.523  14.876  79.659 148.053  15.219  79.003 150.109
  16.004  79.134 149.763  13.547  86.121 149.722  15.757  87.502 150.028  15.931
  88.046 151.286  15.451  88.542 149.171  16.482  89.249 151.467  15.479  89.738
 149.571  16.548  89.936 150.734  16.179
  85.931 154.548  14.244  85.112 153.447  14.515  86.224 153.415  13.369  84.539
 152.049  14.458  86.167 152.260  12.811  85.142 151.382  13.341  83.649 151.196
  14.991  84.703 150.090  13.338  83.421 150.522  13.748  84.204 150.240  15.726
  85.025 149.222  14.400  82.228 149.858  13.460  84.582 148.932  15.765  82.102
 148.961  12.621  85.642 156.254  11.700  85.737 156.774  12.855  85.784 155.904
  14.081  85.872 158.232  12.997  85.950 156.755  15.072  86.146 158.908  14.227
  86.058 157.932  15.234  86.445 160.129  14.324  85.812 158.715  12.108  81.238
 150.214  14.357  80.117 149.329  14.576  80.589 147.982  14.941  79.322 149.881
  15.633  79.275 149.383  13.302  85.740 149.596  15.792  87.142 149.621  16.153
  88.150 150.330  15.490  87.637 148.933  17.336  89.345 150.238  15.900  88.855
 148.921  17.620  89.572 149.725  16.965
  86.482 154.472  14.469  85.640 153.439  14.933  86.272 153.418  13.562  84.798
 152.104  14.898  85.988 152.373  12.869  85.037 151.460  13.591  83.819 151.342
  15.586  84.382 150.261  13.640  83.258 150.815  14.362  84.327 150.208  16.141
  84.935 149.340  14.474  81.966 150.298  14.293  84.587 148.830  15.813  81.604
 149.465  13.424  87.461 156.327  12.381  86.907 156.759  13.374  86.415 155.921
  14.409  86.596 158.186  13.484  85.879 156.660  15.391  85.964 158.875  14.643
  85.713 157.799  15.542  85.844 160.066  14.731  87.088 158.858  12.907  81.184
 150.699  15.401  79.882 150.131  15.559  80.001 148.743  15.797  79.290 150.812
  16.749  79.003 150.470  14.504  85.785 149.468  15.845  87.134 149.609  16.257
  88.038 150.606  15.823  87.811 148.527  16.946  89.237 150.588  16.194  89.004
 148.522  17.036  89.581 149.560  16.812
  86.390 154.369  14.120  85.560 153.399  14.779  86.081 153.180  13.385  84.773
 152.078  14.971  85.645 152.116  12.800  84.852 151.407  13.757  84.188 151.384
  15.918  84.313 150.199  14.004  83.405 150.688  15.004  84.850 150.271  16.399
  84.971 149.299  14.859  82.075 150.200  15.191  85.149 148.876  16.176  81.576
 149.417  14.393  87.789 155.953  12.031  87.037 156.549  12.834  86.088 155.722
  13.746  87.027 157.949  12.950  85.479 156.579  14.514  86.199 158.757  13.744
  85.452 157.738  14.626  86.285 159.912  13.779  87.717 158.442  12.395  81.519
 150.604  16.391  80.234 150.109  16.806  80.384 148.588  17.026  79.729 150.582
  18.078  79.226 150.438  15.744  86.148 149.671  15.829  87.592 149.782  15.772
  88.451 150.816  15.177  88.438 148.859  16.537  89.615 150.911  15.451  89.677
 149.050  16.636  90.178 150.050  16.140
  86.108 154.355  14.486  85.412 153.299  15.078  85.928 153.202  13.662  84.693
 151.863  15.100  85.568 152.072  13.053  84.818 151.132  13.862  84.173 150.945
  15.968  84.382 149.857  14.040  83.442 150.212  14.954  85.001 149.925  16.351
  85.252 149.086  14.788  82.224 149.531  15.134  85.361 148.568  16.060  81.761
 148.812  14.284  86.865 155.944  12.101  86.270 156.489  13.003  85.727 155.693
  14.078  86.212 157.954  13.087  85.399 156.560  15.058  85.678 158.744  14.236
  85.404 157.775  15.158  85.704 159.991  14.457  86.535 158.446  12.263  81.448
 150.202  16.128  80.036 149.948  16.153  79.725 148.585  16.516  79.399 150.858
  17.192  79.383 150.252  14.916  86.417 149.478  15.893  87.835 149.564  15.873
  88.458 150.478  14.989  88.785 148.659  16.524  89.689 150.492  14.833  90.006
 148.879  16.382  90.447 149.828  15.617
  86.343 154.300  14.410  85.760 153.169  14.971  86.128 153.147  13.464  85.124
 151.690  15.068  85.821 152.029  12.934  85.253 151.004  13.812  84.531 150.851
  15.924  84.750 149.709  14.002  83.767 150.156  14.919  85.183 149.760  16.457
  85.447 148.885  14.860  82.546 149.473  15.086  85.431 148.349  16.165  82.304
 148.512  14.370  87.129 156.074  12.077  86.740 156.538  13.100  86.324 155.733
  14.316  86.661 157.978  13.189  86.004 156.587  15.261  86.310 158.769  14.255
  85.953 157.779  15.389  86.462 159.977  14.308  86.918 158.395  12.302  81.836
 149.941  16.149  80.560 149.507  16.683  80.669 148.338  17.616  80.015 150.649
  17.418  79.625 149.126  15.557  86.567 149.058  15.942  87.953 149.346  16.287
  88.594 150.350  15.506  88.722 148.925  17.448  89.632 150.891  15.955  89.765
 149.547  17.724  90.298 150.217  16.766
  86.534 154.605  14.643  85.775 153.457  15.099  86.605 153.363  13.786  85.154
 152.027  15.054  86.396 152.229  13.192  85.585 151.258  13.907  84.482 151.129
  15.862  85.140 150.016  14.005  83.992 150.345  14.765  85.261 150.161  16.470
  85.769 149.231  14.938  82.778 149.809  14.666  85.477 148.752  16.243  82.393
 149.076  13.755  87.099 156.151  12.046  86.680 156.691  13.074  86.258 155.908
  14.241  86.460 158.175  13.125  85.753 156.771  15.145  85.873 158.945  14.284
  85.594 157.942  15.267  85.826 160.127  14.368  86.708 158.701  12.296  81.992
 150.300  15.661  80.571 150.102  15.732  80.401 148.681  16.119  80.145 150.906
  16.870  79.906 150.571  14.499  86.698 149.380  16.266  88.038 149.479  16.797
  89.039 150.049  15.886  88.593 148.917  18.028  90.186 150.091  16.329  89.817
 148.989  18.207  90.531 149.305  17.223
  86.202 154.444  14.215  85.628 153.369  14.751  86.365 153.280  13.434  85.133
 151.878  14.836  86.318 152.151  12.863  85.639 151.174  13.687  84.628 150.946
  15.674  85.333 149.863  13.849  84.192 150.123  14.610  85.547 150.121  16.313
  86.115 149.141  14.747  82.999 149.364  14.592  86.017 148.748  16.095  82.776
 148.662  13.620  86.898 156.182  11.959  86.562 156.683  13.025  86.104 155.831
  14.146  86.454 158.120  13.164  85.855 156.630  15.107  86.075 158.855  14.334
  85.888 157.776  15.352  85.954 160.062  14.483  86.625 158.670  12.331  82.074
 149.621  15.586  80.772 149.063  15.684  80.810 147.632  15.801  80.271 149.630
  16.959  79.978 149.419  14.504  87.012 149.614  15.960  88.400 149.677  16.325
  89.352 150.684  15.993  88.940 148.736  17.344  90.508 150.691  16.497  90.138
 148.836  17.668  90.721 149.930  17.432
  86.413 153.675  14.439  85.703 152.588  14.981  86.217 152.527  13.552  84.974
 151.267  15.046  85.891 151.437  12.944  85.196 150.532  13.840  84.462 150.389
  15.944  84.900 149.232  14.068  83.843 149.612  14.906  85.398 149.513  16.430
  85.760 148.622  14.934  82.464 149.371  14.733  85.792 148.169  16.307  82.008
 148.998  13.669  87.079 155.383  12.031  86.644 155.813  13.084  86.156 155.044
  14.208  86.513 157.257  13.145  85.887 155.943  15.170  86.104 158.118  14.241
  85.820 157.149  15.256  86.035 159.343  14.184  86.739 157.694  12.259  81.734
 149.595  15.885  80.259 149.307  15.951  79.973 147.812  16.047  79.733 149.891
  17.207  79.467 149.971  14.889  86.815 148.943  16.009  88.241 149.181  16.141
  89.076 150.087  15.336  89.083 148.572  17.159  90.326 150.124  15.407  90.315
 148.765  17.170  90.875 149.598  16.380
  86.586 153.602  14.564  85.728 152.588  14.972  86.487 152.533  13.620  84.972
 151.260  14.926  86.221 151.430  12.980  85.376 150.555  13.733  84.452 150.380
  15.806  84.888 149.257  13.943  83.840 149.749  14.703  85.313 149.392  16.306
  85.653 148.481  14.771  82.551 149.250  14.731  85.736 148.016  16.064  82.088
 148.514  13.893  87.678 155.161  12.513  87.026 155.723  13.320  86.542 155.000
  14.449  86.751 157.156  13.203  85.899 155.809  15.232  86.138 157.950  14.224
  85.774 156.980  15.300  85.970 159.181  14.228  87.033 157.575  12.325  81.907
 149.947  15.636  80.493 149.709  16.036  80.147 148.366  16.380  80.237 150.583
  17.204  79.606 150.109  14.961  86.805 148.851  15.854  88.242 149.103  15.986
  89.002 150.038  15.204  89.111 148.239  16.824  90.200 149.996  15.226  90.324
 148.339  16.708  90.829 149.209  15.966
