#Frame       SA_00001
       1   21103.5354
       2   22419.3430
       3   23049.1718
       4   22864.0244
       5   22811.1079
       6   22673.4734
       7   23117.0204
       8   23291.8041
       9   23499.4929
      10   23529.8073
      11   23622.0751
      12   23330.6466
      13   23279.7037
      14   23615.6031
      15   23687.7582
      16   23915.4902
      17   23874.0197
      18   23904.1764
      19   23696.8050
      20   23640.2130
      21   23848.5740
      22   24175.3518
      23   23781.9360
      24   23452.5229
      25   23856.3301
      26   23492.7863
      27   23146.3462
      28   23814.3379
      29   23630.8985
      30   23779.4380
      31   23991.1462
      32   24063.4648
      33   24074.9665
      34   23892.4861
      35   24040.5231
      36   24194.9884
      37   23913.9728
      38   23833.1240
      39   24242.5958
      40   24021.5159
      41   24046.1384
      42   24083.7524
      43   24220.0289
      44   24278.2022
      45   24130.5678
      46   24482.3602
      47   24417.7543
      48   24269.9305
      49   24454.3653
      50   24469.2649
