Cpptraj Generated trajectory                                                    
  89.145 149.095  10.622  88.435 149.840  11.260  88.201 151.085  10.625  87.871
 149.461  12.569  87.478 152.036  11.226  87.058 149.988  13.464  88.031 148.315
  13.264  86.663 152.290  12.355  86.522 151.216  13.465  87.033 148.909  14.275
  87.977 147.944  14.580  86.114 153.558  12.823  85.742 151.804  14.527  85.314
 153.983  13.836  85.059 152.989  14.776  88.735 151.166   9.768  84.870 155.282
  13.870  84.806 156.242  12.657  84.881 156.058  14.944  84.727 155.874  11.516
  84.874 157.649  12.942  84.930 157.226  15.174  84.984 158.372  14.234  85.106
 159.570  14.423  84.904 158.250  12.128  84.182 153.123  15.754  83.481 152.123
  16.259  86.961 147.306  13.852  86.020 146.262  13.736  85.018 146.295  12.703
  85.876 145.069  14.533  84.136 145.411  12.646  84.968 144.267  14.392  84.074
 144.528  13.522
  89.515 149.176  10.344  88.856 149.917  11.050  88.727 151.225  10.668  88.057
 149.411  12.214  87.831 152.127  11.183  87.155 149.908  13.067  88.160 148.237
  12.813  86.938 152.319  12.260  86.582 151.175  13.116  87.177 148.751  13.764
  88.028 147.808  14.086  86.267 153.534  12.626  85.683 151.676  14.063  85.304
 153.868  13.498  84.958 152.736  14.320  89.368 151.590   9.973  84.852 155.199
  13.571  84.929 156.256  12.513  84.977 155.944  14.671  84.804 155.939  11.363
  85.165 157.693  12.867  85.189 157.042  15.009  85.346 158.160  14.129  85.523
 159.356  14.461  85.154 158.383  12.125  83.962 152.693  15.280  83.828 151.692
  16.159  87.018 147.255  13.402  86.074 146.205  13.210  85.226 146.110  12.055
  85.809 145.092  14.096  84.410 145.170  11.897  84.983 144.214  13.820  84.463
 144.196  12.679
  89.252 148.966  10.349  88.678 149.823  10.992  88.359 151.015  10.446  88.298
 149.459  12.413  87.774 151.982  11.124  87.549 149.977  13.390  88.654 148.396
  13.090  87.050 152.289  12.258  87.004 151.230  13.326  87.678 148.982  14.237
  88.645 147.963  14.424  86.379 153.532  12.583  86.201 151.845  14.393  85.692
 153.965  13.652  85.527 153.015  14.719  88.688 151.168   9.500  85.165 155.242
  13.813  85.141 156.252  12.698  85.084 155.933  14.909  85.054 156.007  11.523
  85.270 157.651  13.040  85.161 157.056  15.262  85.286 158.225  14.380  85.239
 159.368  14.629  85.312 158.273  12.241  84.747 153.186  15.863  84.454 152.158
  16.600  87.583 147.389  13.835  86.881 146.140  13.803  85.984 145.805  12.772
  87.031 145.119  14.853  85.352 144.771  12.919  86.353 144.075  14.780  85.488
 143.979  13.893
  89.317 148.908  10.415  88.553 149.668  11.016  88.538 151.021  10.481  88.049
 149.369  12.357  87.949 151.997  11.091  87.377 149.952  13.321  88.089 148.180
  13.019  87.303 152.329  12.234  86.994 151.236  13.286  87.301 148.896  14.144
  88.028 147.742  14.276  86.689 153.552  12.614  86.252 151.865  14.303  85.927
 154.001  13.647  85.639 153.024  14.583  88.961 151.151   9.569  85.467 155.315
  13.772  85.200 156.199  12.619  85.668 156.111  14.833  84.903 155.744  11.499
  85.005 157.585  12.873  85.587 157.263  15.154  85.229 158.261  14.186  85.036
 159.470  14.369  84.741 158.186  12.101  84.829 153.242  15.710  84.877 152.331
  16.643  86.822 147.417  13.672  85.832 146.339  13.627  84.565 146.298  12.914
  86.015 145.111  14.364  83.906 145.230  12.928  85.352 144.080  14.080  84.294
 144.179  13.466
  89.209 148.655  10.282  88.741 149.507  10.996  88.824 150.811  10.586  88.072
 149.080  12.220  88.241 151.770  11.190  87.367 149.661  13.193  87.956 147.918
  12.757  87.413 152.105  12.272  86.976 150.954  13.180  87.191 148.512  13.876
  87.740 147.247  13.937  86.750 153.315  12.548  85.969 151.521  14.071  85.873
 153.770  13.468  85.398 152.680  14.279  89.407 150.994   9.777  85.449 155.078
  13.606  85.333 156.120  12.568  85.377 155.706  14.749  85.109 155.840  11.413
  85.341 157.563  13.008  85.332 156.792  15.107  85.390 158.042  14.315  85.440
 159.189  14.700  85.304 158.225  12.242  84.401 152.775  15.251  83.261 153.298
  14.872  86.630 147.108  13.140  85.212 146.607  13.126  84.150 147.448  13.493
  84.748 145.199  13.134  83.055 147.053  13.808  83.563 144.934  13.379  82.951
 145.838  13.985
  89.520 148.873  11.454  88.803 149.780  11.800  88.979 151.035  11.260  87.668
 149.434  12.733  88.048 152.007  11.509  86.663 150.002  13.262  87.464 148.236
  13.239  86.976 152.353  12.342  86.286 151.304  13.131  86.340 148.913  13.943
  86.926 147.804  14.406  86.343 153.635  12.527  85.178 151.914  13.856  85.366
 154.118  13.344  84.597 153.111  13.982  89.754 151.242  10.641  84.930 155.498
  13.513  84.838 156.461  12.400  85.081 156.234  14.582  84.472 156.148  11.274
  85.277 157.843  12.585  85.421 157.366  14.796  85.565 158.509  13.831  85.860
 159.639  13.892  85.252 158.425  11.756  83.382 153.268  14.566  82.751 152.303
  15.163  86.004 147.515  13.463  84.988 146.622  12.992  83.585 146.905  13.027
  85.216 145.325  12.442  82.747 146.194  12.404  84.343 144.705  11.862  83.195
 145.147  11.871
  88.704 149.269  10.885  88.037 150.141  11.403  88.175 151.394  10.890  87.142
 149.800  12.491  87.578 152.450  11.428  86.175 150.415  13.185  86.904 148.574
  13.021  86.528 152.798  12.294  85.829 151.767  13.117  85.774 149.270  13.798
  86.325 148.034  14.127  85.951 154.066  12.634  84.830 152.430  13.893  84.995
 154.611  13.415  84.349 153.631  14.149  88.839 151.509  10.134  84.668 155.996
  13.456  84.884 156.987  12.373  84.759 156.623  14.568  84.956 156.661  11.226
  85.073 158.414  12.827  84.850 157.753  14.980  85.145 158.905  14.187  85.314
 160.106  14.466  85.252 159.094  12.099  83.226 153.928  14.972  82.432 152.974
  15.402  85.424 147.894  13.109  84.515 146.926  12.469  83.084 147.064  12.282
  84.964 145.693  11.891  82.482 146.335  11.477  84.265 145.072  11.012  83.078
 145.385  10.896
  89.010 148.626  11.782  88.338 149.666  12.037  88.776 151.019  11.768  86.896
 149.428  12.599  87.944 152.031  11.948  85.894 150.174  13.022  86.357 148.233
  12.902  86.850 152.516  12.590  85.846 151.512  13.079  85.174 149.102  13.342
  85.353 147.750  13.729  86.507 153.846  12.864  84.733 152.249  13.597  85.457
 154.429  13.385  84.448 153.555  13.756  89.719 151.095  11.406  85.353 155.819
  13.430  85.680 156.747  12.401  85.269 156.510  14.578  85.877 156.305  11.328
  85.640 158.125  12.595  85.317 157.696  14.841  85.587 158.802  13.824  85.808
 160.046  13.942  85.888 158.694  11.794  83.285 153.999  14.222  82.227 153.148
  14.321  84.859 147.739  12.503  83.702 147.083  11.786  82.317 147.580  11.743
  83.795 145.799  11.104  81.403 146.918  11.206  82.816 145.280  10.540  81.673
 145.797  10.691
  88.242 148.354  11.029  87.652 149.305  11.519  88.172 150.555  11.284  86.477
 149.138  12.358  87.716 151.680  11.706  85.648 149.949  13.024  85.864 147.992
  12.636  86.661 152.249  12.422  85.710 151.317  13.049  85.002 148.910  13.557
  85.082 147.513  13.611  86.216 153.595  12.554  84.751 152.051  13.830  85.326
 154.300  13.331  84.445 153.365  14.033  88.939 150.540  10.622  85.274 155.691
  13.497  85.240 156.671  12.389  85.231 156.335  14.589  85.123 156.305  11.208
  85.349 158.054  12.741  85.312 157.428  14.962  85.437 158.624  14.116  85.611
 159.795  14.379  85.382 158.681  11.946  83.244 153.763  14.686  82.450 152.839
  15.124  84.120 147.854  12.617  82.933 147.343  12.024  81.711 148.057  11.897
  82.980 146.184  11.245  80.784 147.539  11.280  81.998 145.753  10.622  80.933
 146.469  10.632
  87.989 148.542  11.005  87.392 149.536  11.553  87.962 150.774  11.450  86.152
 149.210  12.233  87.415 151.862  12.058  85.243 149.914  12.955  85.699 148.011
  12.542  86.189 152.252  12.621  85.245 151.252  13.152  84.610 148.783  13.321
  84.927 147.453  13.516  85.770 153.593  12.945  84.258 151.920  13.944  84.705
 154.191  13.597  83.873 153.203  14.191  88.916 150.867  11.122  84.613 155.602
  13.681  84.929 156.498  12.547  84.618 156.334  14.816  84.956 156.095  11.410
  85.169 157.908  12.842  84.715 157.490  15.069  85.079 158.594  14.077  85.307
 159.743  14.215  85.164 158.587  12.090  82.739 153.552  14.840  82.402 152.703
  15.882  84.134 147.556  12.474  82.814 147.104  12.012  81.765 148.073  11.876
  82.425 145.780  11.489  80.759 147.805  11.204  81.284 145.631  11.053  80.503
 146.586  10.911
  88.240 147.886  11.474  87.752 148.943  11.839  88.283 150.161  11.450  86.551
 148.863  12.657  87.821 151.327  11.845  85.696 149.737  13.101  85.842 147.769
  12.935  86.791 151.955  12.546  85.723 151.091  13.075  84.900 148.783  13.590
  85.011 147.470  14.022  86.486 153.363  12.768  84.739 151.953  13.689  85.563
 154.080  13.420  84.496 153.247  13.928  89.091 150.168  10.839  85.624 155.447
  13.609  86.118 156.405  12.579  85.351 156.163  14.669  86.448 156.010  11.433
  86.170 157.842  12.956  85.400 157.258  14.985  85.828 158.411  14.239  86.017
 159.595  14.471  86.337 158.490  12.195  83.364 153.678  14.726  82.657 152.818
  15.443  84.227 147.493  12.893  83.171 146.884  12.261  81.788 147.130  12.587
  83.264 145.755  11.307  80.887 146.365  12.253  82.287 144.990  11.172  81.138
 145.375  11.489
  88.869 147.687  12.233  88.361 148.764  12.490  88.761 150.007  11.975  87.221
 148.661  13.449  88.110 151.165  12.139  86.315 149.468  13.991  86.722 147.558
  14.047  87.011 151.706  12.819  86.176 150.818  13.703  85.687 148.536  14.647
  85.892 147.259  15.098  86.497 153.048  12.813  85.076 151.604  14.209  85.538
 153.731  13.475  84.671 152.891  14.159  89.526 149.911  11.318  85.492 155.179
  13.430  86.059 156.063  12.430  85.208 155.925  14.484  86.287 155.692  11.309
  86.030 157.490  12.697  85.261 157.062  14.826  85.797 158.118  13.966  85.891
 159.343  14.127  86.292 158.125  11.952  83.452 153.268  14.699  82.744 152.419
  15.559  85.047 147.260  13.958  84.083 146.500  13.259  82.676 146.823  13.149
  84.444 145.207  12.713  81.932 146.009  12.563  83.596 144.581  12.088  82.419
 144.989  11.985
  89.064 147.934  12.247  88.406 148.880  12.734  88.760 150.166  12.391  87.245
 148.641  13.613  88.260 151.276  12.908  86.382 149.391  14.215  86.877 147.501
  14.162  87.194 151.734  13.514  86.271 150.764  14.135  85.772 148.383  14.863
  86.134 147.151  15.309  86.742 153.086  13.659  85.163 151.460  14.712  85.623
 153.665  14.185  84.736 152.750  14.769  89.518 150.361  11.748  85.405 155.091
  14.020  85.660 155.863  12.792  85.157 155.942  14.950  85.875 155.398  11.662
  85.553 157.304  12.869  85.172 157.101  15.120  85.374 158.167  14.020  85.380
 159.376  13.999  85.679 157.680  11.937  83.482 153.145  15.194  82.471 152.304
  15.083  85.239 147.008  14.250  84.386 146.071  13.535  83.014 146.319  13.200
  84.817 144.795  13.047  82.349 145.507  12.544  84.067 144.106  12.336  82.889
 144.456  12.119
  88.905 147.739  12.369  88.332 148.694  12.849  88.816 150.026  12.566  87.039
 148.378  13.569  88.139 151.143  12.894  86.085 149.196  14.070  86.540 147.202
  13.947  86.943 151.542  13.413  86.013 150.564  14.040  85.339 148.132  14.482
  85.670 146.835  14.970  86.440 152.900  13.445  84.918 151.349  14.571  85.318
 153.520  13.862  84.490 152.650  14.488  89.657 150.116  12.009  85.194 154.887
  13.760  85.857 155.697  12.731  84.909 155.799  14.710  86.370 155.206  11.746
  86.013 157.131  12.875  85.042 157.002  14.900  85.666 157.926  14.008  85.807
 159.159  14.081  86.439 157.627  12.101  83.303 153.076  15.112  82.443 152.275
  15.539  84.946 146.753  13.875  84.045 145.863  13.282  82.697 146.250  13.083
  84.366 144.594  12.738  81.893 145.374  12.708  83.545 143.903  12.251  82.323
 144.288  12.287
  88.571 147.545  11.985  88.058 148.503  12.448  88.601 149.711  12.089  86.906
 148.353  13.380  88.099 150.873  12.433  86.105 149.167  13.985  86.385 147.209
  13.740  87.011 151.443  13.070  86.097 150.521  13.889  85.456 148.172  14.554
  85.607 146.777  14.771  86.622 152.837  13.170  85.183 151.423  14.532  85.726
 153.585  13.782  84.947 152.728  14.632  89.222 149.702  11.289  85.703 155.011
  13.746  86.264 155.925  12.710  85.314 155.807  14.760  86.611 155.436  11.617
  86.326 157.360  12.970  85.309 156.966  14.944  85.879 158.029  14.144  86.000
 159.182  14.442  86.530 158.043  12.250  84.027 153.243  15.509  83.255 152.457
  16.302  84.782 146.949  13.725  83.555 146.568  13.055  82.517 147.499  12.741
  83.252 145.243  12.588  81.423 147.069  12.426  82.200 144.978  12.065  81.300
 145.865  12.068
  89.493 148.280  11.580  88.805 149.178  11.975  89.262 150.454  11.766  87.516
 148.860  12.607  88.561 151.509  12.048  86.523 149.575  13.136  86.995 147.656
  12.970  87.412 151.913  12.596  86.378 150.877  13.120  85.898 148.475  13.614
  86.241 147.245  14.061  86.951 153.213  12.896  85.300 151.627  13.762  85.961
 153.897  13.505  84.964 152.950  13.996  90.127 150.530  11.244  85.863 155.314
  13.535  86.413 156.168  12.467  85.534 156.034  14.559  86.657 155.725  11.421
  86.373 157.582  12.701  85.582 157.196  14.847  86.033 158.239  13.893  86.111
 159.405  14.092  86.628 158.153  11.904  83.756 153.392  14.491  82.888 152.542
  14.926  85.530 147.031  12.916  84.389 146.317  12.395  83.108 146.927  12.279
  84.413 145.034  11.646  82.188 146.310  11.854  83.463 144.602  11.054  82.373
 145.198  11.273
  88.832 148.273  11.341  88.220 149.214  11.893  88.482 150.546  11.436  87.161
 148.928  12.800  87.794 151.607  11.760  86.170 149.687  13.432  86.591 147.787
  13.220  86.785 152.036  12.580  85.993 151.026  13.350  85.530 148.626  13.851
  85.784 147.358  14.284  86.423 153.368  12.841  85.008 151.811  14.119  85.541
 154.021  13.590  84.599 153.126  14.204  89.271 150.688  10.816  85.537 155.420
  13.718  85.964 156.337  12.623  85.386 156.147  14.781  86.177 155.904  11.534
  86.116 157.763  12.958  85.503 157.304  15.076  85.999 158.396  14.263  86.219
 159.563  14.511  86.384 158.310  12.149  83.407 153.537  14.807  82.366 152.683
  15.082  85.005 147.324  13.118  84.188 146.606  12.216  82.760 146.950  12.086
  84.576 145.542  11.358  82.079 146.141  11.465  83.785 144.887  10.775  82.627
 145.388  10.639
  88.744 147.824  12.046  88.132 148.832  12.312  88.761 150.051  12.170  86.814
 148.720  12.975  88.260 151.217  12.437  85.865 149.567  13.280  86.108 147.609
  13.339  87.056 151.741  12.748  85.897 150.946  13.171  85.116 148.566  13.817
  85.205 147.303  14.304  86.829 153.150  12.945  84.892 151.800  13.620  85.828
 153.917  13.402  84.689 153.140  13.787  89.753 150.048  11.962  85.975 155.293
  13.512  86.230 156.224  12.348  85.719 156.078  14.531  86.447 155.832  11.201
  86.221 157.666  12.634  85.752 157.231  14.820  86.075 158.328  13.924  86.210
 159.516  14.064  86.294 158.294  11.843  83.517 153.648  14.416  82.349 152.989
  14.521  84.583 147.210  13.060  83.505 146.567  12.320  82.212 147.048  12.070
  83.657 145.197  11.741  81.350 146.452  11.406  82.760 144.728  10.995  81.642
 145.300  10.991
  88.048 147.424  12.573  87.624 148.506  12.701  88.403 149.580  12.532  86.245
 148.526  13.201  88.030 150.798  13.020  85.452 149.398  13.590  85.443 147.500
  13.456  86.868 151.486  13.261  85.670 150.733  13.591  84.437 148.552  13.879
  84.355 147.243  14.275  86.681 152.905  13.200  84.673 151.713  13.844  85.707
 153.770  13.530  84.538 153.075  13.823  89.376 149.472  12.271  85.838 155.170
  13.429  86.634 155.898  12.405  85.325 156.057  14.239  87.324 155.328  11.522
  86.613 157.320  12.460  85.397 157.222  14.456  86.130 158.186  13.568  86.349
 159.366  13.783  87.120 157.813  11.736  83.391 153.651  14.223  82.181 153.028
  14.316  83.818 147.418  13.036  82.655 147.026  12.413  81.396 147.645  12.828
  82.416 145.954  11.537  80.337 147.417  12.242  81.260 145.701  11.118  80.328
 146.348  11.592
  87.034 147.049  12.122  86.672 148.218  12.301  87.490 149.326  11.849  85.425
 148.398  12.983  87.138 150.584  12.042  84.692 149.427  13.428  84.559 147.470
  13.451  86.125 151.403  12.542  84.927 150.770  13.220  83.824 148.581  13.957
  83.691 147.309  14.490  86.119 152.824  12.690  84.137 151.826  13.828  85.349
 153.707  13.401  84.183 153.130  13.953  88.386 149.110  11.428  85.523 155.058
  13.517  85.476 156.055  12.400  85.813 155.775  14.582  85.123 155.758  11.272
  85.644 157.493  12.727  86.043 156.886  14.867  85.996 158.017  13.931  86.189
 159.181  14.268  85.484 158.179  11.999  83.257 153.849  14.603  82.092 153.888
  14.130  83.008 147.438  13.373  81.762 147.391  12.698  81.163 148.537  12.166
  80.973 146.233  12.238  80.039 148.610  11.669  79.813 146.404  11.798  79.430
 147.546  11.461
  87.503 147.357  12.933  87.119 148.503  13.116  88.012 149.523  13.115  85.668
 148.706  13.410  87.692 150.863  13.218  84.895 149.774  13.577  84.563 147.885
  13.480  86.644 151.713  13.362  85.294 151.067  13.593  83.837 149.000  13.775
  83.485 147.830  14.318  86.714 153.131  13.360  84.466 152.246  13.813  85.890
 154.131  13.645  84.591 153.616  13.852  88.948 149.281  12.812  86.203 155.514
  13.704  86.393 156.313  12.476  86.044 156.380  14.693  86.418 155.883  11.363
  86.316 157.736  12.584  85.955 157.521  14.831  86.254 158.561  13.835  86.306
 159.803  13.895  86.450 158.172  11.679  83.520 154.462  14.112  82.322 154.211
  13.752  82.971 147.944  13.096  81.932 147.490  12.256  81.365 148.297  11.206
  81.474 146.143  12.093  80.665 147.840  10.345  80.908 145.768  11.093  80.450
 146.622  10.295
  87.879 148.075  12.833  87.216 149.123  12.917  87.918 150.362  12.617  85.749
 149.151  13.242  87.435 151.587  12.735  84.873 150.102  13.475  84.964 148.166
  13.405  86.313 152.225  13.270  84.995 151.464  13.536  83.920 149.206  13.653
  83.798 147.938  14.142  86.060 153.638  13.397  83.968 152.377  13.804  84.997
 154.401  13.686  83.828 153.701  13.931  88.923 150.248  12.552  85.021 155.788
  13.627  85.749 156.515  12.498  85.087 156.556  14.696  86.100 155.969  11.481
  86.103 157.869  12.676  85.478 157.644  14.858  85.977 158.594  13.889  86.228
 159.801  14.019  86.615 158.360  11.953  82.619 154.286  14.225  81.457 153.667
  14.255  83.495 147.980  12.846  82.782 147.368  11.814  81.463 147.674  11.398
  83.293 146.189  11.119  80.999 147.196  10.353  82.633 145.713  10.208  81.501
 146.153   9.958
  87.934 148.153  11.982  87.346 149.152  12.225  87.853 150.353  11.870  85.927
 149.055  12.800  87.229 151.527  12.053  84.966 149.903  13.178  85.219 147.985
  13.084  86.184 152.134  12.673  85.054 151.259  13.134  84.179 148.929  13.591
  84.408 147.630  14.065  85.986 153.518  12.882  84.118 152.195  13.736  85.009
 154.351  13.362  83.973 153.530  13.973  88.830 150.304  11.608  85.119 155.758
  13.411  85.631 156.678  12.428  84.831 156.501  14.411  86.021 156.258  11.364
  85.887 158.087  12.809  84.976 157.614  14.788  85.572 158.739  14.065  85.767
 159.865  14.473  86.319 158.754  12.181  82.856 154.046  14.505  81.872 153.278
  14.902  83.816 147.489  12.883  82.845 146.715  12.156  81.918 147.206  11.208
  82.675 145.298  12.328  81.204 146.416  10.573  81.857 144.670  11.657  81.159
 145.208  10.817
  87.988 148.416  10.986  87.505 149.421  11.440  88.124 150.635  11.147  86.261
 149.153  12.179  87.589 151.829  11.514  85.465 149.994  12.893  85.656 148.042
  12.565  86.513 152.254  12.300  85.575 151.317  12.974  84.749 148.955  13.420
  84.876 147.632  13.607  86.222 153.651  12.554  84.701 152.133  13.751  85.358
 154.353  13.325  84.390 153.489  13.914  88.816 150.638  10.407  85.420 155.837
  13.495  85.223 156.886  12.387  85.795 156.487  14.529  84.690 156.542  11.312
  85.515 158.204  12.717  85.924 157.592  14.926  85.809 158.837  14.026  86.014
 160.020  14.184  85.362 158.854  11.955  83.351 154.003  14.707  82.146 153.570
  14.510  84.064 147.788  12.579  82.783 147.431  12.062  81.519 147.978  12.404
  82.706 146.441  11.053  80.507 147.557  11.850  81.599 146.273  10.433  80.594
 146.724  10.953
  87.726 148.329  10.555  87.035 149.233  10.938  87.271 150.551  10.420  85.951
 149.041  11.975  86.662 151.600  10.893  85.064 149.777  12.700  85.540 147.862
  12.516  85.854 152.062  11.868  85.027 151.078  12.710  84.539 148.704  13.293
  85.041 147.451  13.708  85.686 153.469  12.229  84.186 151.940  13.511  84.885
 154.163  13.063  84.000 153.229  13.778  87.998 150.583   9.714  84.854 155.559
  13.246  85.289 156.665  12.339  84.931 156.059  14.497  85.372 156.418  11.145
  85.402 158.003  12.877  85.016 157.140  15.007  85.222 158.379  14.269  85.299
 159.535  14.699  85.394 158.793  12.243  83.107 153.753  14.570  81.814 153.615
  14.315  84.126 147.203  12.709  82.693 146.882  12.485  81.596 147.266  13.323
  82.174 146.495  11.158  80.423 147.378  12.878  81.055 146.810  10.777  80.260
 147.193  11.635
  87.270 148.610  10.500  86.765 149.576  11.044  87.195 150.839  10.686  85.783
 149.297  12.047  86.823 151.954  11.340  84.937 150.024  12.774  85.157 148.182
  12.453  85.895 152.370  12.240  84.943 151.362  12.901  84.294 148.970  13.299
  84.570 147.678  13.613  85.615 153.686  12.709  84.045 152.158  13.688  84.750
 154.353  13.551  83.817 153.447  14.085  87.690 150.870   9.803  84.810 155.696
  13.852  84.754 156.740  12.810  85.171 156.213  14.961  84.546 156.440  11.664
  85.056 158.071  13.217  85.459 157.307  15.301  85.348 158.508  14.505  85.508
 159.638  14.833  84.888 158.757  12.491  82.735 153.845  14.876  81.916 154.850
  14.605  83.588 147.799  12.708  82.226 147.484  12.435  81.170 147.999  13.235
  81.755 146.551  11.420  80.002 147.792  12.969  80.547 146.400  11.243  79.708
 147.071  11.962
  86.711 148.244  10.283  86.444 149.218  11.006  87.118 150.435  10.748  85.433
 149.052  12.124  86.831 151.576  11.487  84.811 149.844  12.925  84.705 147.990
  12.461  86.034 152.034  12.483  85.042 151.167  13.041  84.027 148.840  13.392
  84.134 147.471  13.565  85.894 153.399  12.908  84.201 151.999  13.904  85.182
 154.171  13.777  84.160 153.334  14.298  87.601 150.611   9.874  85.210 155.562
  13.861  85.675 156.450  12.733  85.056 156.327  14.917  85.716 156.040  11.597
  85.855 157.894  13.004  85.166 157.470  15.164  85.576 158.529  14.257  85.797
 159.686  14.485  86.080 158.520  12.239  83.175 153.781  15.101  81.951 153.682
  14.683  83.126 147.834  12.722  82.039 147.519  11.847  80.737 148.167  11.841
  82.117 146.393  10.954  79.871 147.739  11.086  81.184 146.152  10.213  80.031
 146.644  10.467
  86.987 147.629  11.486  86.389 148.628  11.859  87.028 149.825  11.666  85.084
 148.578  12.528  86.518 150.980  11.957  84.215 149.418  13.122  84.316 147.486
  12.674  85.531 151.655  12.627  84.383 150.839  13.252  83.322 148.468  13.365
  83.409 147.097  13.616  85.364 153.091  12.857  83.510 151.725  13.863  84.483
 153.853  13.475  83.395 153.098  14.005  87.906 149.842  11.161  84.482 155.253
  13.452  84.732 156.095  12.216  84.773 155.985  14.527  84.514 155.588  11.138
  85.040 157.503  12.459  85.117 157.096  14.745  85.291 158.180  13.723  85.535
 159.335  13.815  85.013 158.086  11.632  82.363 153.678  14.729  81.207 153.056
  15.058  82.774 147.240  12.437  81.722 146.791  11.576  80.377 147.264  11.664
  81.787 145.665  10.623  79.423 146.761  11.098  80.782 145.297  10.027  79.692
 145.946  10.147
  86.726 147.081  11.916  86.257 148.200  12.124  87.044 149.270  11.864  84.868
 148.256  12.632  86.581 150.543  12.198  84.053 149.151  13.198  83.950 147.258
  12.776  85.508 151.244  12.737  84.296 150.502  13.241  83.048 148.274  13.402
  82.958 146.888  13.713  85.466 152.619  12.902  83.424 151.550  13.784  84.561
 153.485  13.421  83.368 152.843  13.878  87.990 149.189  11.509  84.728 154.909
  13.547  85.552 155.757  12.618  84.328 155.692  14.484  86.071 155.273  11.612
  85.712 157.166  12.906  84.484 156.842  14.815  85.256 157.865  14.098  85.370
 159.049  14.374  86.149 157.701  12.164  82.361 153.523  14.471  81.259 152.915
  14.923  82.412 147.146  12.490  81.269 146.814  11.697  80.587 147.809  10.939
  80.853 145.469  11.391  79.629 147.493  10.230  79.966 145.296  10.566  79.339
 146.271  10.049
  86.705 147.124  11.318  86.231 148.193  11.587  87.029 149.331  11.283  84.949
 148.243  12.341  86.646 150.547  11.649  84.165 149.176  12.841  84.174 147.295
  12.658  85.689 151.311  12.336  84.461 150.501  12.875  83.187 148.266  13.212
  83.083 146.962  13.525  85.678 152.743  12.637  83.601 151.558  13.313  84.776
 153.526  13.247  83.566 152.859  13.696  87.899 149.097  10.819  85.064 154.856
  13.555  85.506 155.842  12.573  85.026 155.486  14.751  85.799 155.552  11.453
  85.746 157.234  13.058  85.306 156.558  15.138  85.734 157.712  14.336  85.922
 158.907  14.546  85.954 157.913  12.336  82.571 153.435  14.459  81.433 152.832
  14.668  82.488 147.091  12.275  81.458 146.802  11.268  80.313 147.659  11.109
  81.489 145.736  10.269  79.640 147.586  10.096  80.658 145.732   9.323  79.760
 146.606   9.346
  86.829 147.590  10.258  86.512 148.650  10.798  87.342 149.755  10.687  85.293
 148.646  11.631  87.042 150.949  11.241  84.601 149.555  12.285  84.407 147.573
  11.854  86.083 151.667  12.006  84.879 150.889  12.470  83.634 148.691  12.640
  83.528 147.282  12.786  85.969 153.072  12.258  84.030 151.851  13.152  85.142
 153.798  13.084  84.028 153.129  13.471  88.113 149.599  10.049  85.389 155.177
  13.352  85.556 156.187  12.274  85.531 155.781  14.511  85.479 155.839  11.121
  85.858 157.569  12.608  85.857 156.894  14.875  86.189 158.041  13.948  86.604
 159.114  14.216  85.933 158.297  11.907  82.976 153.697  14.180  81.903 153.016
  14.520  82.819 147.577  11.690  81.779 147.200  10.780  80.487 147.753  10.815
  81.815 146.019   9.907  79.537 147.406  10.062  80.823 145.682   9.299  79.790
 146.382   9.402
  86.973 147.430  10.223  86.688 148.473  10.825  87.463 149.558  10.771  85.367
 148.454  11.508  87.108 150.719  11.270  84.634 149.316  12.243  84.607 147.453
  11.726  86.182 151.313  12.107  84.992 150.646  12.585  83.707 148.349  12.501
  83.812 147.030  12.738  86.266 152.687  12.564  84.295 151.599  13.385  85.535
 153.516  13.354  84.311 152.872  13.743  88.312 149.583  10.217  85.724 154.979
  13.513  85.937 155.881  12.368  85.682 155.694  14.547  86.018 155.479  11.196
  86.129 157.311  12.654  85.729 156.829  14.918  86.077 157.946  13.980  86.307
 159.108  14.252  86.388 157.849  11.835  83.313 153.555  14.345  82.139 153.074
  14.689  82.952 147.280  11.728  81.719 146.789  11.208  80.530 147.652  11.032
  81.538 145.543  10.557  79.605 147.347  10.293  80.549 145.341   9.863  79.605
 146.161   9.980
  86.913 147.445  10.447  86.412 148.488  10.902  87.018 149.649  10.554  85.310
 148.386  11.877  86.641 150.809  11.054  84.555 149.255  12.493  84.459 147.369
  12.188  85.824 151.415  12.009  84.754 150.606  12.644  83.651 148.353  13.016
  83.678 146.977  13.236  85.805 152.814  12.346  83.953 151.534  13.417  85.004
 153.592  13.102  83.938 152.850  13.677  87.901 149.670  10.058  85.126 155.050
  13.132  85.735 155.938  12.105  85.127 155.792  14.215  85.949 155.604  10.934
  86.075 157.307  12.456  85.392 156.867  14.573  85.892 157.954  13.767  86.186
 159.119  14.041  86.268 157.933  11.682  82.914 153.409  14.414  81.658 153.068
  14.268  82.907 147.284  12.185  81.564 147.149  11.675  80.560 148.161  11.888
  81.053 145.980  11.014  79.444 148.065  11.378  79.915 146.047  10.507  79.145
 146.950  10.876
  86.648 148.010  11.069  86.225 149.057  11.562  87.041 150.141  11.479  84.932
 149.071  12.225  86.753 151.337  11.969  84.228 150.010  12.783  84.038 148.096
  12.497  85.745 152.071  12.516  84.543 151.354  12.957  83.258 149.171  13.172
  83.203 147.814  13.524  85.644 153.517  12.637  83.622 152.320  13.529  84.809
 154.394  13.265  83.621 153.711  13.712  87.941 149.981  11.043  85.051 155.775
  13.370  85.495 156.634  12.274  85.087 156.440  14.546  85.461 156.274  11.117
  85.845 158.046  12.655  85.397 157.525  14.813  85.823 158.635  13.932  86.106
 159.819  14.097  85.962 158.747  11.932  82.621 154.340  14.441  81.563 153.692
  14.846  82.450 147.958  12.389  81.241 147.669  11.692  80.195 148.626  11.326
  80.952 146.354  11.209  79.220 148.168  10.660  79.996 146.073  10.499  79.386
 147.066  10.041
  86.490 147.825  10.779  86.100 148.899  11.234  86.870 150.051  10.823  84.821
 148.996  12.045  86.553 151.251  11.319  84.118 149.878  12.701  84.008 147.995
  12.340  85.593 151.922  12.093  84.464 151.227  12.741  83.213 149.016  13.070
  83.081 147.671  13.311  85.661 153.324  12.491  83.763 152.208  13.505  84.934
 154.133  13.276  83.797 153.500  13.899  87.650 149.948  10.185  85.275 155.509
  13.501  85.690 156.498  12.537  84.993 156.121  14.596  85.981 156.192  11.364
  85.809 157.901  12.947  84.917 157.231  15.015  85.417 158.411  14.241  85.710
 159.521  14.635  86.173 158.587  12.296  82.894 154.158  14.735  81.606 153.811
  14.602  82.437 147.965  12.172  81.182 147.766  11.438  80.299 148.847  11.146
  80.564 146.438  11.239  79.131 148.621  10.996  79.329 146.369  10.918  78.771
 147.492  10.525
  86.262 148.170  10.260  85.868 149.183  10.894  86.472 150.404  10.546  84.827
 149.040  11.906  86.117 151.595  11.106  84.221 149.860  12.731  84.054 147.975
  12.226  85.377 152.084  12.143  84.392 151.202  12.849  83.412 148.882  13.215
  83.372 147.490  13.328  85.129 153.465  12.404  83.616 152.067  13.731  84.387
 154.243  13.197  83.501 153.396  13.935  87.150 150.460   9.795  84.531 155.641
  13.404  84.764 156.575  12.320  85.003 156.177  14.521  84.354 156.417  11.235
  85.334 157.904  12.671  85.487 157.231  14.772  85.754 158.404  13.914  86.021
 159.557  14.131  85.403 158.542  11.888  82.528 153.877  14.774  81.247 153.836
  14.441  82.411 147.904  12.403  81.081 147.775  11.930  80.075 148.760  12.114
  80.536 146.575  11.408  78.971 148.683  11.509  79.415 146.582  10.938  78.691
 147.602  10.883
  86.574 147.949  10.776  86.198 149.036  11.316  86.869 150.191  10.976  85.057
 149.005  12.361  86.794 151.335  11.650  84.446 149.936  13.092  84.246 148.008
  12.670  85.997 151.946  12.568  84.793 151.239  13.145  83.455 149.078  13.448
  83.379 147.763  13.734  85.921 153.298  12.810  83.883 152.220  13.643  85.065
 154.177  13.455  83.892 153.537  13.933  87.512 150.174  10.194  85.415 155.524
  13.488  86.114 156.340  12.434  85.167 156.388  14.460  86.410 155.843  11.348
  86.304 157.774  12.689  85.407 157.499  14.702  86.063 158.553  13.919  86.294
 159.741  14.099  86.822 158.222  11.943  82.871 154.145  14.615  81.610 153.783
  14.449  82.627 148.006  12.649  81.600 147.516  11.830  80.436 148.304  11.464
  81.535 146.171  11.343  79.581 147.827  10.755  80.518 145.785  10.713  79.583
 146.603  10.526
  86.704 147.612  11.754  86.246 148.708  12.037  87.082 149.806  11.750  84.914
 148.868  12.698  86.668 150.997  11.883  84.164 149.830  13.083  84.084 147.843
  12.983  85.704 151.790  12.440  84.474 151.134  13.002  83.176 148.994  13.494
  83.044 147.692  13.898  85.700 153.217  12.548  83.626 152.133  13.398  84.858
 154.110  13.165  83.678 153.469  13.518  88.029 149.529  11.520  84.996 155.505
  13.383  85.414 156.433  12.318  85.215 156.059  14.519  85.420 156.143  11.099
  85.852 157.788  12.730  85.569 157.153  14.909  85.987 158.287  14.015  86.396
 159.451  14.230  85.994 158.500  12.022  82.593 154.179  14.096  81.413 153.635
  14.320  82.507 147.754  12.647  81.486 147.237  11.800  80.424 148.074  11.368
  81.230 145.871  11.366  79.411 147.689  10.729  80.193 145.566  10.820  79.475
 146.509  10.383
  86.798 147.683  11.724  86.348 148.754  12.048  87.183 149.873  11.742  84.983
 148.812  12.696  86.809 151.160  12.035  84.363 149.835  13.286  84.184 147.851
  13.106  85.881 151.850  12.773  84.648 151.164  13.289  83.398 149.001  13.684
  83.313 147.706  14.216  85.852 153.270  12.944  83.806 152.246  13.780  84.993
 154.169  13.436  83.821 153.556  13.914  88.072 149.809  11.259  85.294 155.555
  13.605  85.962 156.320  12.564  85.095 156.300  14.642  86.226 155.888  11.451
  86.216 157.678  12.881  85.353 157.445  14.962  86.015 158.405  14.138  86.356
 159.511  14.446  86.631 158.170  12.098  82.854 154.231  14.543  81.529 154.092
  14.114  82.573 147.692  12.985  81.767 147.010  11.981  80.463 147.509  11.590
  82.134 145.792  11.354  79.724 146.796  10.923  81.305 145.249  10.544  80.218
 145.766  10.447
  88.328 147.969  12.581  87.617 148.928  12.719  88.026 150.133  12.285  86.134
 148.773  13.173  87.428 151.196  12.596  85.099 149.640  13.449  85.403 147.680
  13.510  86.234 151.755  12.922  85.121 150.962  13.308  84.277 148.658  13.875
  84.411 147.366  14.333  86.087 153.194  13.026  84.075 151.884  13.617  85.052
 153.978  13.477  83.892 153.223  13.788  88.910 150.255  11.805  85.047 155.342
  13.689  85.347 156.377  12.728  85.293 155.916  14.875  85.442 156.120  11.521
  85.716 157.789  13.179  85.653 156.983  15.291  85.976 158.200  14.586  86.239
 159.290  14.957  85.796 158.415  12.386  82.651 153.830  14.238  81.515 153.173
  14.312  83.846 147.309  13.063  82.769 146.920  12.214  81.657 147.852  12.078
  82.591 145.661  11.689  80.619 147.421  11.422  81.588 145.408  11.034  80.610
 146.156  11.167
  88.204 148.101  11.799  87.701 149.143  12.234  88.313 150.392  11.978  86.455
 148.989  13.039  87.819 151.528  12.373  85.601 149.749  13.699  85.890 147.870
  13.383  86.746 152.005  13.072  85.705 151.139  13.733  84.821 148.729  14.115
  85.023 147.379  14.390  86.302 153.398  13.183  84.661 151.979  14.368  85.333
 154.111  13.788  84.380 153.285  14.516  89.201 150.354  11.493  85.238 155.542
  13.724  85.595 156.407  12.524  85.311 156.356  14.767  85.870 156.039  11.430
  85.890 157.793  12.843  85.585 157.460  15.051  85.966 158.519  14.106  86.084
 159.722  14.241  86.128 158.413  12.078  83.250 153.784  15.125  82.181 153.044
  15.259  84.277 147.432  13.250  83.254 146.982  12.411  81.942 147.649  12.220
  83.304 145.724  11.819  81.010 147.032  11.745  82.237 145.124  11.642  81.185
 145.847  11.373
  88.298 148.211  11.776  87.817 149.246  12.162  88.404 150.421  11.776  86.558
 149.115  12.932  87.931 151.545  12.202  85.648 149.924  13.479  85.993 147.977
  13.316  86.821 152.071  12.815  85.711 151.258  13.400  84.909 148.935  13.970
  85.087 147.583  14.302  86.635 153.460  12.915  84.719 152.124  13.817  85.666
 154.245  13.384  84.556 153.462  13.857  89.314 150.386  11.330  85.736 155.717
  13.475  85.987 156.638  12.349  85.796 156.409  14.564  86.113 156.252  11.206
  86.206 158.063  12.604  86.022 157.515  14.813  86.204 158.692  13.937  86.360
 159.920  14.214  86.347 158.612  11.763  83.444 154.129  14.376  82.338 153.440
  14.756  84.403 147.660  13.108  83.153 147.230  12.633  82.004 148.085  12.561
  83.036 146.091  11.713  81.175 147.969  11.631  82.226 146.088  10.870  81.256
 146.922  10.940
  88.277 148.365  11.823  87.647 149.383  12.061  88.258 150.519  11.682  86.415
 149.237  12.862  87.718 151.729  12.007  85.623 150.095  13.424  85.836 148.114
  13.264  86.663 152.261  12.770  85.685 151.397  13.438  84.828 149.115  13.903
  84.966 147.785  14.248  86.322 153.659  13.004  84.729 152.176  14.146  85.319
 154.337  13.687  84.438 153.443  14.314  89.188 150.476  11.282  85.163 155.765
  13.676  85.752 156.613  12.648  85.012 156.574  14.750  86.155 156.132  11.602
  86.004 158.006  12.952  85.299 157.717  15.060  85.914 158.675  14.212  86.244
 159.820  14.354  86.251 158.558  12.138  83.387 153.846  15.131  82.166 153.463
  14.790  84.176 147.851  13.115  83.074 147.404  12.289  81.860 148.174  12.073
  82.997 146.158  11.550  80.875 147.641  11.555  82.066 145.891  10.780  81.037
 146.611  10.832
  87.944 147.527  12.008  87.423 148.633  12.163  88.081 149.834  11.867  86.019
 148.589  12.677  87.540 151.025  12.133  85.138 149.502  13.118  85.201 147.560
  12.914  86.463 151.681  12.740  85.284 150.881  13.178  84.252 148.544  13.445
  84.208 147.199  13.779  86.240 153.126  12.880  84.312 151.819  13.622  85.207
 153.911  13.330  84.148 153.138  13.869  89.030 149.712  11.536  85.349 155.325
  13.420  85.820 156.277  12.394  85.107 155.979  14.495  86.216 155.850  11.324
  85.799 157.698  12.709  85.130 157.097  14.859  85.624 158.271  14.057  85.705
 159.461  14.359  85.958 158.300  11.910  83.060 153.688  14.516  82.004 152.960
  14.792  83.629 147.353  12.596  82.366 147.154  11.915  81.248 147.961  12.054
  82.129 146.024  11.066  80.265 147.884  11.330  81.068 146.008  10.410  80.156
 146.816  10.656
  87.048 147.111  11.993  86.521 148.214  12.091  87.137 149.380  11.576  85.163
 148.354  12.846  86.758 150.651  11.860  84.358 149.301  13.218  84.407 147.343
  13.217  85.646 151.412  12.342  84.506 150.649  13.068  83.543 148.398  13.766
  83.439 147.073  14.217  85.513 152.844  12.487  83.647 151.605  13.571  84.650
 153.651  13.182  83.548 152.919  13.783  88.000 149.223  11.070  84.905 155.028
  13.371  85.849 155.923  12.687  84.188 155.820  14.182  86.624 155.475  11.882
  85.868 157.339  13.076  84.279 156.955  14.529  85.237 157.998  14.191  85.381
 159.166  14.474  86.580 157.958  12.706  82.475 153.478  14.530  81.390 152.775
  14.756  82.890 147.185  12.952  81.819 146.683  12.150  80.559 147.374  11.987
  81.840 145.593  11.199  79.758 147.149  11.088  80.901 145.272  10.473  79.961
 146.134  10.390
  86.308 146.862  12.163  85.960 148.004  12.413  86.806 149.058  12.160  84.622
 148.255  12.923  86.673 150.350  12.542  83.934 149.306  13.383  83.724 147.307
  13.180  85.679 151.126  13.015  84.310 150.584  13.393  82.947 148.464  13.739
  82.648 147.101  13.992  85.873 152.499  13.298  83.603 151.701  13.935  85.166
 153.483  13.886  83.858 153.023  14.310  87.588 148.881  11.541  85.532 154.801
  14.008  86.185 155.649  12.955  85.021 155.610  14.881  86.644 155.193  11.906
  86.363 157.094  13.229  85.144 156.774  15.184  85.913 157.793  14.460  86.258
 158.948  14.720  86.800 157.631  12.489  82.872 153.804  14.887  81.650 153.424
  14.922  82.165 147.395  12.813  81.124 147.200  11.835  80.086 148.180  11.582
  80.921 145.989  11.034  79.174 147.981  10.778  79.896 145.883  10.341  79.062
 146.825  10.291
  86.180 146.552  11.857  85.884 147.704  12.146  86.791 148.758  11.873  84.595
 147.946  12.837  86.582 150.035  12.170  84.040 149.008  13.426  83.557 147.137
  13.051  85.829 150.824  13.054  84.559 150.275  13.563  82.930 148.330  13.696
  82.506 147.072  13.878  85.957 152.244  13.249  83.854 151.395  14.090  85.197
 153.238  13.790  83.975 152.760  14.283  87.605 148.586  11.295  85.562 154.613
  13.826  86.480 155.330  12.876  85.331 155.454  14.848  87.011 154.657  12.033
  86.660 156.770  13.140  85.595 156.605  15.102  86.287 157.560  14.258  86.331
 158.811  14.353  87.020 157.255  12.327  83.053 153.566  14.840  81.769 153.224
  14.916  81.906 147.543  12.733  80.783 147.267  11.869  79.612 148.113  11.877
  80.685 146.192  10.945  78.686 147.889  11.054  79.769 146.227  10.104  78.826
 147.030  10.130
  86.093 146.564  12.208  85.831 147.697  12.520  86.787 148.687  12.389  84.511
 147.998  13.213  86.620 149.951  12.718  83.925 149.104  13.706  83.443 147.218
  13.390  85.741 150.918  13.218  84.451 150.378  13.697  82.815 148.491  14.034
  82.387 147.196  14.268  85.885 152.364  13.370  83.728 151.520  14.199  85.091
 153.396  13.898  83.846 152.879  14.366  87.683 148.392  12.019  85.508 154.702
  13.983  86.273 155.498  12.939  85.118 155.661  14.861  86.595 154.909  11.899
  86.563 156.892  13.212  85.265 156.811  15.004  86.087 157.722  14.213  86.238
 158.916  14.383  87.069 157.349  12.462  82.765 153.690  14.734  81.500 153.297
  14.623  81.914 147.612  13.063  80.885 147.317  12.080  79.695 148.107  12.058
  80.829 146.164  11.166  78.719 147.690  11.411  79.806 146.038  10.434  78.893
 146.869  10.478
  85.731 147.037  12.197  85.467 148.148  12.641  86.463 149.104  12.586  84.110
 148.409  13.240  86.303 150.340  13.068  83.452 149.422  13.723  83.121 147.497
  13.403  85.329 151.171  13.488  83.942 150.693  13.812  82.340 148.648  13.882
  82.028 147.321  14.171  85.443 152.583  13.707  83.150 151.753  14.153  84.632
 153.601  13.978  83.295 153.145  14.228  87.402 148.782  12.382  85.010 154.984
  13.943  85.782 155.655  12.903  84.934 155.811  14.948  86.205 155.046  11.922
  86.339 156.928  13.059  85.300 156.911  15.121  86.128 157.746  14.230  86.461
 158.928  14.319  86.870 157.352  12.308  82.249 154.018  14.432  81.036 153.597
  14.738  81.676 147.564  12.842  80.668 147.452  11.902  79.649 148.452  11.692
  80.750 146.533  10.767  78.940 148.401  10.650  79.985 146.628   9.797  79.163
 147.577   9.762
  85.976 147.094  12.808  85.651 148.303  13.045  86.696 149.283  13.044  84.195
 148.627  13.132  86.467 150.633  13.159  83.519 149.757  13.266  83.152 147.762
  13.071  85.422 151.506  13.265  84.015 151.023  13.295  82.370 149.055  13.229
  81.925 147.834  13.666  85.504 152.926  13.397  83.150 152.142  13.504  84.651
 153.962  13.592  83.312 153.480  13.619  87.670 149.003  13.035  84.971 155.385
  13.693  85.215 156.284  12.534  85.025 156.156  14.787  85.240 155.831  11.446
  85.556 157.675  12.837  85.305 157.283  15.061  85.712 158.382  14.143  85.999
 159.544  14.324  85.772 158.262  12.040  82.361 154.399  13.636  81.075 154.069
  13.756  81.703 147.865  12.375  80.699 147.421  11.377  79.405 147.957  11.125
  81.066 146.444  10.392  78.694 147.364  10.323  80.205 145.794   9.846  79.038
 146.265   9.807
