#Frame       SA_00001
       1   21028.2214
       2   22399.2023
       3   22876.4288
       4   23206.1228
       5   23536.7119
       6   23531.1496
       7   23654.1343
       8   23531.3868
       9   23965.2754
      10   23988.4111
      11   24133.6958
      12   23877.4000
      13   23696.8262
      14   23830.4102
      15   24144.0112
      16   24012.0745
      17   24038.0307
      18   24399.1100
      19   24537.7615
      20   24597.3367
      21   24524.5714
      22   24347.1544
      23   24432.5229
      24   24356.3233
      25   24536.8788
      26   24323.5924
      27   24290.5585
      28   24109.5365
      29   24303.4402
      30   24218.3824
      31   24582.9173
      32   24352.3792
      33   24467.1939
      34   24794.4866
      35   24724.9548
      36   24071.9447
      37   23972.0737
      38   23947.2629
      39   23769.2741
      40   23729.0454
      41   23855.3099
      42   23689.5510
      43   23701.1361
      44   23881.0292
      45   24182.6646
      46   24195.3971
      47   24134.8955
      48   24177.7513
      49   23924.9128
      50   24002.7327
