#Frame       SA_00001
       1   20776.1631
       2   22196.2908
       3   22901.9245
       4   23117.8333
       5   23375.9510
       6   23275.0867
       7   23244.8766
       8   23155.9738
       9   23395.3842
      10   23393.3548
      11   23573.8594
      12   23412.5964
      13   23128.1813
      14   22978.5436
      15   23003.2999
      16   22621.4121
      17   22891.2458
      18   23057.7953
      19   23184.0998
      20   22806.6898
      21   22626.7792
      22   22883.1974
      23   23458.0922
      24   23804.3428
      25   23765.9928
      26   23523.0209
      27   23497.2027
      28   23347.0099
      29   22985.4440
      30   23027.6737
      31   23167.4115
      32   23473.7194
      33   23815.9265
      34   24185.4969
      35   24451.0857
      36   24652.9988
      37   24439.5527
      38   24383.7714
      39   24251.9351
      40   24158.0509
      41   24355.2536
      42   24282.9102
      43   24552.0518
      44   24615.6494
      45   24597.5285
      46   24284.7732
      47   24057.0485
      48   23687.3694
      49   23777.8221
      50   24066.0799
