#Frame       SA_00001
       1   20927.1767
       2   22293.4234
       3   22836.7254
       4   23121.9506
       5   23414.3105
       6   23403.9799
       7   23553.8013
       8   23414.5286
       9   23838.6151
      10   23846.9070
      11   23990.4546
      12   23713.0938
      13   23587.3130
      14   23724.2269
      15   24004.6426
      16   23856.8091
      17   23921.3904
      18   24231.6263
      19   24363.5038
      20   24430.6937
      21   24360.7838
      22   24221.5349
      23   24246.6683
      24   24188.9766
      25   24383.3737
      26   24172.9439
      27   24121.6505
      28   23946.5265
      29   24109.6588
      30   24077.4293
      31   24412.6009
      32   24177.8435
      33   24253.4069
      34   24623.1753
      35   24554.2558
      36   23909.4526
      37   23810.4120
      38   23779.5002
      39   23644.7445
      40   23558.4039
      41   23668.7184
      42   23528.0222
      43   23525.2686
      44   23714.4603
      45   24003.0598
      46   24023.4430
      47   23988.9588
      48   24039.4665
      49   23748.8094
      50   23919.7532
