#Frame       SA_00001
       1   21088.9009
       2   22319.5322
       3   22984.6060
       4   22842.7161
       5   22931.0947
       6   22618.1751
       7   23146.8147
       8   23397.7545
       9   23734.0397
      10   23515.6237
      11   23633.6484
      12   23566.7166
      13   23570.2342
      14   23727.2487
      15   23816.0154
      16   23964.1945
      17   23957.2526
      18   24320.8709
      19   24459.5662
      20   24478.2302
      21   24640.7780
      22   24435.5995
      23   24397.4413
      24   24463.6734
      25   24397.2288
      26   24010.5349
      27   23899.8724
      28   23985.3270
      29   23775.8024
      30   23789.7711
      31   24499.1882
      32   24750.5128
      33   24830.3787
      34   24563.9044
      35   24611.6915
      36   24472.4429
      37   24522.5126
      38   24175.9226
      39   24652.7918
      40   24432.0795
      41   24486.7632
      42   24604.3581
      43   24450.6224
      44   24587.7850
      45   24476.9227
      46   24780.5052
      47   24712.1054
      48   24544.0811
      49   24338.8508
      50   23907.0117
