#Frame       SA_00001
       1   21008.0067
       2   22409.5233
       3   23129.9206
       4   22975.0451
       5   22841.2287
       6   22551.0205
       7   22751.5552
       8   23222.3661
       9   23538.3201
      10   23479.9677
      11   23345.1370
      12   23498.4448
      13   23543.1015
      14   23626.5887
      15   23922.0920
      16   23948.0454
      17   23914.5981
      18   23965.3218
      19   24319.8340
      20   24032.5856
      21   24191.8920
      22   24279.7929
      23   24231.9503
      24   24268.4574
      25   24086.2975
      26   23760.2763
      27   23795.1778
      28   23977.8192
      29   23826.4986
      30   24083.9256
      31   24407.9092
      32   24472.5447
      33   24602.7987
      34   24329.2033
      35   24426.1272
      36   24072.9172
      37   24123.0175
      38   23599.2454
      39   23842.8770
      40   23457.5497
      41   23563.5664
      42   23821.0229
      43   24083.6068
      44   24172.0759
      45   24109.6714
      46   24003.3178
      47   24258.2401
      48   24343.7022
      49   24148.8353
      50   24139.9192
