Cpptraj Generated trajectory                                                    
  89.107 153.015   4.360  88.796 152.336   5.371  89.672 152.407   6.440  87.662
 151.374   5.322  89.467 151.750   7.611  87.086 150.578   6.243  86.791 151.128
   4.345  88.605 150.940   8.343  87.457 150.368   7.566  86.180 150.219   5.351
  85.484 150.694   4.310  88.810 150.666   9.683  86.600 149.464   8.362  87.933
 149.812  10.304  86.993 149.447   9.483  90.438 153.069   6.479  87.886 149.479
  11.692  86.692 149.522  12.617  88.840 148.856  12.343  85.584 149.946  12.198
  86.863 148.928  13.958  88.938 148.333  13.400  87.982 148.232  14.463  88.021
 147.585  15.499  86.068 148.972  14.584  89.807 151.212  10.426  89.466 152.310
  11.056  86.335 149.784   3.787  86.289 148.872   2.658  85.385 149.086   1.573
  86.864 147.558   2.593  85.132 148.117   0.825  86.448 146.683   1.888  85.413
 146.946   1.179
  88.327 153.171   4.447  88.258 152.302   5.317  89.018 152.475   6.435  87.250
 151.200   5.203  88.899 151.755   7.548  86.723 150.321   6.043  86.469 150.959
   4.157  88.108 150.828   8.219  87.022 150.132   7.419  85.878 149.901   5.079
  85.257 150.414   3.933  88.316 150.550   9.591  86.269 149.172   8.148  87.446
 149.595  10.155  86.614 149.190   9.255  89.583 153.315   6.487  87.407 149.270
  11.505  86.165 148.998  12.296  88.391 148.715  12.114  85.009 149.192  11.943
  86.357 148.386  13.621  88.526 148.092  13.102  87.490 147.802  14.174  87.607
 147.481  15.343  85.454 148.273  14.067  89.219 151.219  10.358  88.746 152.085
  11.183  86.168 149.434   3.551  86.171 148.268   2.816  86.027 148.149   1.376
  86.529 146.929   3.309  86.176 147.076   0.741  86.424 145.922   2.590  86.282
 146.017   1.355
  88.897 152.185   3.779  88.631 151.608   4.798  89.427 151.824   5.874  87.503
 150.637   4.901  89.127 151.320   7.054  86.967 149.911   5.814  86.686 150.185
   3.901  88.320 150.629   7.897  87.237 149.840   7.159  86.129 149.339   4.953
  85.520 149.617   3.769  88.491 150.471   9.280  86.483 148.933   8.048  87.619
 149.705   9.987  86.768 149.102   9.190  90.162 152.514   5.772  87.663 149.468
  11.385  86.487 149.416  12.313  88.681 148.959  12.080  85.394 149.882  11.951
  86.671 148.874  13.661  88.882 148.499  13.169  87.915 148.370  14.192  88.065
 147.919  15.306  85.877 148.829  14.289  89.547 151.173   9.860  89.214 152.215
  10.630  86.503 148.709   3.538  86.901 147.596   2.751  86.127 147.031   1.665
  88.211 146.966   2.876  86.677 146.278   0.849  88.495 146.110   2.034  87.725
 145.679   1.165
  88.415 151.904   3.785  88.170 151.455   4.909  89.025 151.953   5.950  87.249
 150.311   4.937  89.024 151.444   7.160  86.896 149.480   5.889  86.474 149.769
   4.026  88.450 150.432   7.910  87.367 149.536   7.192  86.076 148.870   5.122
  85.341 148.994   3.949  88.862 150.226   9.269  86.922 148.513   8.079  88.239
 149.203   9.974  87.439 148.519   9.168  89.542 152.808   5.778  88.327 148.979
  11.411  87.674 149.847  12.468  89.210 148.283  12.019  86.771 150.655  12.190
  88.085 149.732  13.844  89.614 148.152  13.135  89.097 148.869  14.342  89.491
 148.835  15.495  87.700 150.359  14.541  89.684 151.094   9.981  89.212 152.192
  10.590  86.374 148.179   3.694  86.729 146.949   3.005  85.750 146.189   2.195
  87.997 146.388   3.018  86.105 145.082   1.772  88.198 145.328   2.385  87.295
 144.788   1.736
  87.784 151.958   3.695  87.770 151.351   4.748  88.669 151.789   5.669  86.849
 150.178   4.993  88.687 151.357   6.947  86.670 149.384   6.031  86.049 149.476
   4.199  88.186 150.386   7.884  87.187 149.443   7.284  85.786 148.658   5.403
  84.832 148.883   4.480  88.634 150.312   9.154  86.650 148.489   8.329  88.041
 149.377  10.015  87.120 148.666   9.392  89.344 152.524   5.495  88.486 149.117
  11.338  88.357 149.882  12.570  89.307 148.118  11.623  87.675 150.956  12.535
  89.079 149.472  13.769  89.913 147.733  12.604  89.920 148.372  13.915  90.571
 148.127  14.884  89.101 150.132  14.537  89.664 151.038   9.699  89.449 152.281
  10.016  85.725 147.921   3.962  85.932 146.836   3.090  84.941 146.054   2.371
  87.255 146.427   2.797  85.287 145.062   1.709  87.426 145.573   1.891  86.515
 144.818   1.487
  86.938 152.497   4.049  87.283 151.696   4.904  88.363 151.989   5.677  86.681
 150.394   4.974  88.763 151.265   6.698  86.602 149.430   5.843  85.847 149.814
   4.100  88.353 150.272   7.596  87.263 149.341   6.996  85.739 148.761   5.088
  84.760 149.018   4.245  88.942 150.025   8.850  86.884 148.187   7.777  88.360
 148.970   9.572  87.517 148.289   8.805  88.709 152.933   5.547  88.685 148.682
  10.986  88.209 149.433  12.125  89.415 147.653  11.387  87.508 150.411  11.937
  88.645 148.974  13.472  89.777 147.252  12.422  89.472 147.860  13.765  90.005
 147.651  14.853  88.463 149.633  14.220  89.883 150.769   9.468  89.568 151.977
   9.924  85.864 148.429   3.565  86.309 147.348   2.686  85.437 146.628   1.767
  87.622 146.703   2.713  85.771 145.547   1.197  87.831 145.721   2.030  86.905
 145.110   1.512
  87.642 152.590   3.502  87.661 152.111   4.603  88.418 152.611   5.654  86.806
 150.909   4.811  88.513 151.986   6.866  86.577 150.032   5.789  85.963 150.258
   3.940  88.091 150.946   7.759  87.100 150.019   7.027  85.684 149.318   5.099
  84.786 149.553   4.108  88.600 150.704   9.071  86.662 148.882   7.810  88.075
 149.531   9.643  87.237 148.924   8.860  89.026 153.374   5.378  88.462 149.110
  10.920  88.253 149.820  12.149  88.866 147.927  11.227  87.819 150.967  12.219
  88.460 149.071  13.455  88.958 147.286  12.153  88.894 147.732  13.545  89.154
 147.159  14.591  88.398 149.568  14.336  89.461 151.533   9.742  89.109 152.780
   9.812  85.761 148.750   3.705  86.045 147.609   2.870  85.336 147.375   1.620
  86.737 146.546   3.315  85.332 146.265   1.144  86.593 145.424   2.778  85.879
 145.321   1.746
  88.106 152.115   3.492  88.149 151.462   4.521  89.194 151.598   5.410  87.123
 150.378   4.708  89.284 150.842   6.493  86.813 149.528   5.685  86.074 150.080
   3.909  88.615 150.076   7.452  87.331 149.466   6.910  85.833 148.977   4.992
  84.842 149.481   4.095  89.040 149.926   8.794  86.558 148.692   7.921  88.122
 149.115   9.601  87.082 148.701   8.974  89.978 152.219   5.249  88.287 148.993
  11.000  88.622 150.076  11.973  88.654 147.893  11.564  88.532 151.224  11.664
  89.100 149.669  13.315  89.072 147.471  12.576  89.471 148.311  13.757  89.984
 148.029  14.829  89.277 150.428  13.962  90.172 150.537   9.337  90.270 151.872
   9.215  85.660 148.697   3.387  85.714 147.881   2.130  84.734 148.017   1.131
  86.675 146.813   1.855  84.688 147.204   0.206  86.410 145.975   1.001  85.477
 146.188   0.186
  88.313 152.156   3.155  88.281 151.482   4.175  89.335 151.517   5.028  87.133
 150.600   4.366  89.405 150.883   6.201  86.726 149.770   5.333  86.117 150.428
   3.551  88.692 150.062   7.076  87.351 149.542   6.545  85.583 149.440   4.609
  84.813 150.038   3.680  89.160 149.756   8.343  86.563 148.705   7.440  88.342
 148.916   9.087  87.215 148.595   8.467  90.171 152.034   4.783  88.582 148.647
  10.475  88.059 149.549  11.498  89.655 148.074  10.993  87.144 150.332  11.178
  88.651 149.557  12.813  90.281 148.021  12.008  89.818 148.730  13.213  90.176
 148.712  14.396  88.152 150.131  13.483  90.340 150.292   8.763  90.333 151.443
   9.371  85.479 149.009   3.111  85.328 148.003   2.126  84.624 148.155   0.912
  85.856 146.675   2.294  84.340 147.146   0.264  85.602 145.772   1.495  84.961
 146.082   0.475
  88.455 151.960   2.502  88.350 151.471   3.559  89.324 151.689   4.546  87.202
 150.583   3.864  89.190 151.267   5.741  86.841 149.795   4.877  86.199 150.249
   3.105  88.528 150.479   6.707  87.363 149.691   6.157  85.788 149.369   4.193
  84.897 149.832   3.288  88.850 150.428   8.101  86.655 148.859   7.082  88.116
 149.557   8.875  87.184 148.924   8.158  90.191 152.117   4.242  88.474 149.297
  10.244  87.593 149.479  11.433  89.483 148.524  10.623  86.582 150.119  11.388
  88.088 148.891  12.730  89.932 148.003  11.597  89.363 148.162  12.938  89.602
 147.633  13.971  87.613 149.096  13.602  89.895 151.203   8.600  89.572 152.317
   9.256  85.550 148.737   2.831  85.549 147.554   2.039  85.167 147.692   0.611
  85.661 146.169   2.480  84.777 146.679   0.010  85.352 145.291   1.681  84.982
 145.553   0.537
  88.276 151.543   2.556  88.202 151.177   3.719  89.151 151.430   4.679  86.990
 150.416   4.049  89.133 150.995   5.959  86.516 149.893   5.135  85.903 150.184
   3.343  88.404 150.259   6.924  87.028 149.730   6.397  85.336 149.580   4.538
  84.518 149.977   3.521  88.744 150.053   8.307  86.185 149.112   7.376  87.830
 149.380   9.022  86.767 149.036   8.390  89.896 152.070   4.432  88.059 149.055
  10.394  88.151 149.891  11.531  88.057 147.810  10.811  88.018 151.140  11.377
  88.451 149.337  12.836  88.312 147.270  11.849  88.652 147.942  13.118  89.032
 147.514  14.142  88.573 149.980  13.609  89.932 150.591   8.888  89.975 151.865
   9.086  85.056 148.782   3.151  84.946 147.395   2.716  84.395 146.890   1.489
  85.503 146.308   3.524  84.540 145.746   1.166  85.354 145.151   3.148  84.795
 144.887   2.042
  88.717 150.304   2.871  88.297 150.236   4.013  89.220 150.533   4.987  86.895
 149.821   4.330  88.861 150.528   6.309  86.243 149.402   5.432  85.935 149.667
   3.449  88.049 149.997   7.283  86.677 149.417   6.761  85.159 149.135   4.726
  84.553 149.647   3.601  88.502 149.852   8.571  85.869 148.908   7.823  87.579
 149.259   9.497  86.491 148.909   8.858  90.181 150.752   4.751  87.832 149.153
  10.915  88.475 150.251  11.696  88.212 148.001  11.501  88.247 151.379  11.350
  89.327 149.899  12.861  88.914 147.637  12.338  89.696 148.563  13.236  90.422
 148.361  14.203  89.710 150.652  13.421  89.670 150.297   9.097  90.200 151.497
   8.894  84.926 148.338   3.405  84.387 147.073   3.072  84.528 146.553   1.739
  84.124 146.045   4.034  84.668 145.336   1.584  84.167 144.862   3.732  84.387
 144.562   2.521
  87.722 150.534   3.064  87.691 150.146   4.187  88.815 150.466   4.949  86.493
 149.539   4.714  88.742 150.340   6.256  86.101 149.137   5.902  85.364 149.267
   4.073  88.134 149.901   7.449  86.756 149.261   7.129  84.893 148.801   5.463
  83.983 149.186   4.443  88.669 149.953   8.727  86.094 148.716   8.238  87.909
 149.376   9.757  86.790 148.885   9.231  89.611 150.932   4.529  88.241 149.357
  11.130  88.696 150.378  12.036  88.524 148.145  11.645  88.608 151.566  11.755
  89.262 149.887  13.321  89.130 147.748  12.552  89.579 148.533  13.626  89.904
 148.159  14.746  89.426 150.538  14.079  89.859 150.520   9.074  89.963 151.815
   8.926  84.467 147.899   4.241  84.148 146.670   3.596  83.742 146.632   2.265
  84.219 145.336   4.117  83.466 145.601   1.634  84.109 144.329   3.373  83.638
 144.489   2.240
  86.810 150.320   2.748  86.866 149.980   3.912  87.915 150.455   4.624  85.893
 149.038   4.495  88.307 149.957   5.762  85.715 148.487   5.667  84.711 148.583
   3.993  87.872 149.321   6.917  86.546 148.529   6.735  84.581 147.834   5.307
  83.507 148.058   4.494  88.509 149.398   8.103  86.146 147.893   7.906  87.957
 148.734   9.205  86.856 148.108   8.778  88.604 151.027   4.151  88.413 148.711
  10.547  88.754 149.910  11.348  88.206 147.760  11.417  88.867 151.037  10.823
  88.935 149.854  12.799  88.327 147.652  12.649  88.662 148.696  13.604  88.764
 148.728  14.767  89.303 150.663  13.285  89.671 150.101   8.293  89.895 151.342
   7.904  84.213 147.007   4.045  84.153 145.844   3.146  83.173 145.704   2.161
  84.746 144.560   3.472  82.696 144.600   1.916  84.350 143.512   2.967  83.203
 143.576   2.346
  86.833 150.198   2.051  86.848 149.773   3.214  87.985 150.017   3.892  85.702
 149.120   3.816  88.200 149.871   5.225  85.431 148.684   5.056  84.511 148.729
   3.304  87.637 149.335   6.383  86.193 148.806   6.199  84.281 148.274   4.742
  83.251 148.484   3.844  88.296 149.265   7.602  85.627 148.267   7.373  87.566
 148.664   8.676  86.369 148.351   8.318  88.690 150.567   3.415  88.012 148.360
  10.018  88.777 149.290  10.868  87.914 147.245  10.653  89.056 150.331  10.431
  89.140 148.844  12.214  88.186 146.837  11.742  88.837 147.611  12.856  89.033
 147.309  14.023  89.547 149.477  12.893  89.642 149.688   7.780  90.093 150.942
   7.527  83.789 147.307   3.506  83.644 145.940   3.159  83.056 145.498   1.884
  84.190 144.852   3.863  83.080 144.274   1.606  84.204 143.714   3.469  83.651
 143.448   2.388
  86.409 150.712   1.580  86.566 150.291   2.714  87.689 150.611   3.396  85.510
 149.441   3.304  87.903 150.363   4.716  85.330 148.962   4.516  84.410 148.855
   2.715  87.439 149.758   5.879  86.110 149.007   5.661  84.185 148.374   4.170
  83.190 148.447   3.192  88.217 149.681   7.087  85.797 148.177   6.800  87.669
 148.867   8.116  86.580 148.299   7.663  88.420 151.028   2.832  88.098 148.683
   9.465  88.636 149.653  10.486  88.120 147.477  10.126  88.815 150.795  10.230
  88.931 149.142  11.807  88.431 147.093  11.150  89.017 147.849  12.230  89.510
 147.543  13.331  89.241 149.838  12.475  89.461 150.237   7.247  89.628 151.487
   6.913  83.940 147.342   2.989  84.044 145.873   2.927  83.403 145.078   1.976
  84.822 145.040   3.877  83.506 143.938   1.940  84.782 143.832   3.719  84.285
 143.310   2.710
  85.696 150.614   1.819  85.928 150.336   3.016  87.187 150.651   3.492  85.004
 149.518   3.824  87.567 150.373   4.713  85.044 149.001   5.087  83.841 149.009
   3.488  87.321 149.864   5.986  85.960 149.151   6.103  83.861 148.366   4.902
  82.747 148.549   4.144  88.298 149.876   6.964  85.730 148.530   7.286  87.873
 149.310   8.180  86.635 148.836   8.057  87.937 151.092   2.974  88.709 149.134
   9.398  89.701 150.086   9.877  88.686 148.168  10.202  90.117 151.025   9.250
  90.280 149.804  11.220  89.118 147.817  11.256  90.101 148.620  12.020  90.547
 148.353  13.111  91.020 150.447  11.475  89.577 150.296   6.645  89.819 151.568
   6.479  83.382 147.445   3.684  83.239 146.084   3.139  83.196 145.809   1.709
  83.085 144.913   3.877  83.138 144.651   1.371  83.110 143.796   3.431  82.985
 143.698   2.192
  85.681 150.191   2.012  86.092 149.692   3.043  87.486 149.612   3.228  85.293
 149.024   3.940  88.038 149.383   4.364  85.437 148.558   5.182  84.013 148.708
   3.804  87.879 149.085   5.699  86.488 148.527   5.981  84.146 148.266   5.167
  82.937 148.639   4.568  88.873 149.224   6.738  86.297 148.048   7.334  88.444
 148.892   8.014  87.243 148.347   7.999  88.037 149.987   2.466  89.210 149.060
   9.147  89.756 150.314   9.618  89.764 148.078   9.849  89.477 151.382   9.027
  90.578 150.292  10.843  90.511 148.013  10.742  91.123 149.140  11.455  91.814
 149.232  12.371  90.873 151.174  11.244  90.131 149.740   6.577  90.348 150.916
   5.995  83.259 147.385   4.155  83.020 146.163   3.477  83.218 145.967   2.138
  82.639 144.948   4.159  83.129 144.849   1.557  82.700 143.833   3.566  82.743
 143.900   2.310
  85.702 149.785   1.986  86.113 149.756   3.097  87.311 150.384   3.452  85.291
 149.035   4.070  87.899 150.333   4.664  85.411 148.923   5.355  84.020 148.598
   3.940  87.822 149.872   5.934  86.443 149.222   6.168  84.225 148.379   5.446
  82.971 148.549   4.877  88.864 149.927   6.882  86.317 148.832   7.538  88.631
 149.295   8.153  87.337 148.891   8.137  87.818 150.883   2.730  89.577 149.075
   9.177  90.842 149.817   9.477  89.545 148.108  10.068  91.194 150.798   8.825
  91.606 149.419  10.691  90.178 147.719  10.947  91.423 148.231  11.519  92.222
 147.769  12.316  92.457 149.918  10.921  90.000 150.576   6.572  90.003 151.863
   6.200  83.345 147.219   4.622  82.608 146.045   4.347  82.184 145.724   2.993
  82.208 144.990   5.227  81.646 144.618   2.686  81.583 143.958   4.882  81.380
 143.844   3.675
  85.278 150.214   1.410  85.745 150.048   2.529  87.110 150.134   2.793  84.826
 149.580   3.554  87.713 149.972   3.959  84.977 149.225   4.778  83.527 149.413
   3.484  87.568 149.448   5.264  86.100 149.189   5.546  83.735 148.872   4.855
  82.516 149.271   4.403  88.599 149.227   6.155  85.858 148.822   6.882  88.178
 148.884   7.428  86.898 148.736   7.474  87.640 150.463   1.994  88.956 148.576
   8.550  90.213 149.155   9.001  88.505 147.878   9.616  90.741 150.079   8.411
  90.772 148.878  10.356  88.936 147.567  10.685  90.219 148.003  11.283  90.667
 147.691  12.401  91.643 149.371  10.516  89.889 149.436   5.756  90.248 150.679
   5.470  82.763 148.023   3.982  82.470 146.610   4.075  82.620 145.650   3.012
  82.021 145.965   5.306  82.275 144.472   3.169  81.861 144.701   5.326  81.796
 144.097   4.231
  86.065 150.798   1.092  86.318 150.322   2.234  87.580 150.452   2.761  85.239
 149.802   2.996  87.944 150.000   3.979  85.143 149.319   4.175  83.944 149.614
   2.647  87.521 149.559   5.166  86.082 149.133   5.152  83.828 149.201   4.111
  82.755 149.582   3.375  88.371 149.423   6.344  85.672 148.494   6.401  87.802
 148.912   7.495  86.578 148.533   7.186  88.227 151.104   2.331  88.373 148.743
   8.732  89.263 149.723   9.503  88.398 147.636   9.369  89.448 150.881   9.082
  89.856 149.236  10.687  88.904 147.226  10.355  89.796 147.947  11.241  90.273
 147.565  12.262  90.483 149.948  11.043  89.738 149.737   6.366  90.038 151.006
   6.156  83.024 148.338   3.000  82.833 146.881   3.071  82.804 146.009   1.970
  82.649 146.112   4.334  82.517 144.798   2.081  82.494 144.895   4.341  82.292
 144.331   3.230
  86.514 150.763   1.092  86.560 150.701   2.362  87.662 151.340   2.976  85.526
 150.041   3.210  88.041 151.092   4.228  85.452 149.636   4.455  84.291 149.631
   2.822  87.800 150.417   5.473  86.444 149.753   5.464  84.275 149.057   4.263
  83.137 149.303   3.512  88.679 150.352   6.581  86.073 149.114   6.696  88.192
 149.651   7.661  86.998 149.170   7.432  88.162 151.972   2.361  88.847 149.396
   8.889  89.613 150.477   9.653  88.782 148.355   9.620  89.904 151.551   9.202
  90.166 150.080  10.941  89.133 148.070  10.707  89.973 148.787  11.625  90.416
 148.443  12.688  90.832 150.694  11.395  89.938 150.910   6.548  90.111 152.177
   6.298  83.645 148.188   3.012  83.374 146.991   2.314  82.881 146.984   0.938
  83.427 145.618   2.747  82.765 145.933   0.253  83.257 144.651   1.994  83.209
 144.888   0.766
  86.445 151.709   1.053  86.615 151.384   2.164  87.724 151.825   2.875  85.689
 150.383   2.831  88.093 151.432   4.090  85.590 149.862   4.021  84.541 149.877
   2.440  87.821 150.646   5.199  86.475 149.994   5.075  84.441 149.196   3.746
  83.368 149.396   2.890  88.675 150.553   6.352  86.133 149.256   6.219  88.104
 149.770   7.422  86.990 149.179   7.056  88.331 152.544   2.498  88.688 149.519
   8.617  88.978 150.572   9.573  88.759 148.379   9.244  88.980 151.808   9.243
  89.336 150.153  10.928  88.940 148.010  10.368  89.380 148.827  11.549  89.620
 148.498  12.732  89.567 150.924  11.543  89.924 151.042   6.382  90.170 152.321
   6.214  84.042 148.410   2.341  83.788 147.195   1.673  83.593 147.146   0.238
  83.768 145.842   2.290  83.537 146.069  -0.332  83.608 144.883   1.531  83.343
 145.021   0.337
  86.604 152.532   0.717  86.790 152.057   1.869  87.939 152.318   2.580  85.682
 151.331   2.497  88.130 151.811   3.784  85.401 150.763   3.679  84.546 151.001
   1.920  87.681 151.139   4.923  86.246 150.635   4.751  84.218 150.357   3.244
  83.241 150.810   2.354  88.473 150.905   6.129  85.731 149.972   5.943  87.811
 150.259   7.141  86.595 149.945   6.823  88.703 152.868   2.207  88.342 150.002
   8.427  89.106 150.998   9.282  88.643 148.751   8.874  88.964 152.232   9.155
  89.793 150.450  10.442  89.214 148.346   9.810  89.888 149.087  10.864  90.357
 148.736  11.938  90.271 151.109  11.046  89.782 151.262   6.203  90.091 152.528
   6.148  83.825 149.604   1.994  83.640 148.396   1.259  83.912 148.238  -0.201
  83.282 147.192   1.886  83.795 147.157  -0.726  83.247 146.131   1.205  83.216
 146.298  -0.089
  86.222 152.657   0.624  86.471 152.206   1.743  87.628 152.514   2.327  85.558
 151.263   2.414  88.065 152.045   3.510  85.394 150.702   3.593  84.367 150.856
   1.943  87.719 151.333   4.734  86.265 150.798   4.692  84.148 150.177   3.289
  83.128 150.533   2.528  88.537 151.136   5.903  85.751 150.272   5.926  87.900
 150.525   6.992  86.646 150.221   6.692  88.056 153.306   1.863  88.469 150.255
   8.258  89.259 151.161   9.097  88.747 149.069   8.637  89.196 152.349   8.946
  89.960 150.517  10.264  89.299 148.574   9.511  90.189 149.145  10.482  90.874
 148.614  11.348  90.473 151.095  10.919  89.815 151.647   5.991  90.088 152.834
   5.556  83.702 149.484   2.024  83.559 148.337   1.227  83.731 148.415  -0.201
  83.468 147.001   1.653  83.511 147.405  -0.973  83.365 146.096   0.840  83.649
 146.280  -0.374
  86.297 152.624   0.311  86.508 152.392   1.508  87.669 152.787   2.147  85.479
 151.588   2.181  88.067 152.266   3.298  85.355 151.103   3.412  84.250 151.130
   1.765  87.677 151.664   4.475  86.268 151.060   4.447  84.120 150.636   3.091
  83.043 150.904   2.377  88.460 151.563   5.629  85.845 150.266   5.619  87.956
 150.844   6.694  86.759 150.409   6.406  88.323 153.234   1.516  88.520 150.603
   7.900  89.109 151.607   8.816  88.869 149.394   8.219  88.929 152.823   8.662
  89.849 151.088   9.920  89.595 148.888   9.046  90.213 149.736  10.103  90.816
 149.326  11.042  90.089 151.763  10.636  89.736 152.075   5.761  89.803 153.413
   5.783  83.673 149.823   1.825  83.452 148.536   1.151  83.489 148.217  -0.285
  83.194 147.280   1.864  83.272 147.122  -0.751  82.924 146.176   1.309  83.287
 146.138   0.055
  85.989 153.595   0.761  86.345 152.824   1.593  87.497 153.142   2.128  85.491
 151.712   2.108  87.876 152.521   3.263  85.522 150.894   3.168  84.361 151.288
   1.671  87.649 151.674   4.405  86.472 150.793   4.187  84.343 150.311   2.812
  83.181 150.707   2.192  88.533 151.628   5.493  86.371 149.789   5.258  88.353
 150.538   6.404  87.264 149.881   6.044  87.970 153.993   1.850  89.110 150.253
   7.521  89.440 151.105   8.670  89.457 149.054   7.889  89.159 152.310   8.675
  89.946 150.444   9.927  89.833 148.455   8.802  90.236 149.043  10.120  90.759
 148.517  11.115  90.012 151.074  10.717  89.732 152.402   5.558  89.464 153.692
   5.694  83.914 149.756   1.522  83.636 148.607   0.723  83.678 148.690  -0.690
  83.171 147.338   1.152  83.408 147.706  -1.408  82.938 146.430   0.406  82.982
 146.672  -0.845
  85.709 153.047   1.020  86.079 152.398   1.976  87.390 152.626   2.489  85.163
 151.420   2.448  87.728 152.281   3.644  85.195 150.621   3.473  83.993 151.045
   1.944  87.387 151.361   4.655  86.149 150.517   4.482  84.044 150.014   3.093
  82.831 150.466   2.421  88.276 151.195   5.719  85.940 149.524   5.542  88.034
 150.107   6.551  86.965 149.495   6.240  87.950 153.339   2.037  88.836 149.753
   7.687  89.616 150.637   8.587  89.316 148.541   7.793  89.333 151.766   8.848
  90.537 150.074   9.457  90.078 147.983   8.463  90.878 148.670   9.491  91.748
 148.269  10.304  90.931 150.705  10.145  89.395 151.970   5.977  89.261 153.232
   6.242  83.432 149.514   1.681  83.307 148.409   0.725  83.580 148.471  -0.695
  83.004 147.045   1.058  83.620 147.484  -1.417  83.223 146.134   0.251  83.726
 146.355  -0.829
  85.814 152.709   1.628  86.173 152.134   2.627  87.321 152.485   3.289  85.363
 150.940   3.120  87.845 151.785   4.302  85.524 150.060   4.075  84.166 150.447
   2.717  87.733 150.805   5.263  86.500 149.926   4.981  84.404 149.438   3.759
  83.163 149.725   3.342  88.673 150.578   6.330  86.467 148.861   5.849  88.474
 149.423   7.101  87.365 148.812   6.594  87.920 153.208   2.908  89.120 148.984
   8.239  89.463 149.814   9.368  89.865 147.942   8.281  88.775 150.812   9.531
  90.489 149.286  10.271  90.738 147.452   8.894  91.289 148.051  10.153  92.099
 147.717  10.942  90.657 149.859  11.090  89.733 151.431   6.487  89.588 152.643
   6.931  83.763 148.816   2.535  83.533 148.073   1.341  83.341 148.699   0.059
  83.365 146.627   1.215  83.296 148.032  -0.972  83.347 146.116   0.074  83.025
 146.821  -0.910
  85.748 153.163   2.830  86.221 152.171   3.407  87.452 152.190   3.949  85.368
 150.998   3.529  87.967 151.226   4.687  85.406 149.899   4.294  84.255 150.742
   2.970  87.718 150.125   5.479  86.370 149.451   5.166  84.211 149.468   3.843
  83.098 150.027   3.228  88.616 149.650   6.495  86.215 148.179   5.938  88.286
 148.467   7.218  87.179 148.068   6.748  87.996 153.039   3.845  89.019 147.878
   8.305  88.963 148.413   9.688  90.253 147.596   8.077  87.976 149.111  10.023
  90.105 148.315  10.527  91.281 147.593   8.647  91.394 147.936  10.108  92.395
 147.970  10.886  89.980 148.584  11.496  89.694 150.372   6.829  89.548 151.369
   7.693  83.739 149.284   2.210  83.554 148.449   1.133  83.487 148.838  -0.284
  83.270 147.022   1.321  83.514 147.931  -1.127  83.231 146.241   0.360  83.327
 146.748  -0.765
  85.591 152.716   1.837  86.103 152.037   2.723  87.338 152.360   3.303  85.371
 150.786   3.125  87.884 151.553   4.216  85.533 149.926   4.110  84.164 150.370
   2.700  87.800 150.522   5.159  86.509 149.793   5.027  84.358 149.320   3.831
  83.170 149.636   3.335  88.746 150.177   6.137  86.324 148.791   6.051  88.422
 149.185   7.029  87.236 148.687   6.761  87.814 153.178   2.941  89.270 148.718
   8.062  88.862 148.544   9.492  90.190 147.812   7.854  88.131 149.297  10.123
  89.431 147.357  10.176  90.707 146.910   8.430  90.482 146.501   9.767  91.048
 145.628  10.450  89.144 147.179  11.132  90.023 150.816   6.199  90.110 152.150
   6.288  83.743 148.957   2.288  83.517 148.335   0.966  83.825 148.835  -0.340
  82.990 146.994   0.913  83.653 148.164  -1.360  82.680 146.508  -0.195  82.992
 147.093  -1.232
  85.461 153.108   1.722  85.773 152.311   2.561  86.841 152.611   3.305  84.960
 151.149   2.902  87.326 151.843   4.340  85.070 150.123   3.771  83.897 150.713
   2.256  87.222 150.646   5.091  86.013 149.822   4.708  83.918 149.605   3.349
  82.773 150.052   2.712  88.144 150.286   6.109  85.839 148.620   5.476  87.792
 149.118   6.806  86.669 148.634   6.360  87.182 153.542   3.099  88.565 148.540
   7.883  88.419 148.732   9.355  89.415 147.562   7.666  87.824 149.654   9.824
  89.180 147.841  10.247  90.063 146.904   8.437  90.086 146.776   9.834  90.679
 146.072  10.536  89.072 148.004  11.241  89.303 150.982   6.499  89.260 151.667
   7.588  83.454 149.289   1.895  83.382 148.110   0.977  83.582 148.128  -0.399
  82.878 146.859   1.470  83.335 147.104  -1.058  82.756 145.909   0.713  82.790
 146.125  -0.519
  85.679 153.444   2.457  85.961 152.491   3.176  87.208 152.501   3.715  85.136
 151.291   3.190  87.718 151.505   4.479  85.169 150.147   3.848  83.939 151.053
   2.573  87.400 150.343   5.194  86.079 149.732   4.827  83.993 149.775   3.336
  82.853 150.246   2.780  88.221 149.877   6.218  85.776 148.573   5.570  87.766
 148.682   6.872  86.623 148.360   6.366  87.839 153.240   3.427  88.287 148.008
   8.027  88.401 148.671   9.370  89.141 147.026   8.016  87.739 149.667   9.641
  89.268 148.118  10.309  89.910 146.505   8.743  90.031 146.937  10.157  90.737
 146.502  11.006  89.307 148.587  11.206  89.352 150.524   6.662  89.296 151.757
   7.172  83.597 149.669   1.799  83.439 148.787   0.743  83.448 149.209  -0.679
  83.221 147.389   0.817  83.402 148.341  -1.575  82.948 146.719  -0.210  83.075
 147.193  -1.327
  85.830 152.921   2.221  85.993 152.158   3.168  87.000 152.426   4.047  85.055
 151.122   3.483  87.295 151.612   5.135  84.921 150.094   4.323  83.930 150.845
   2.809  86.968 150.504   5.865  85.696 149.785   5.383  83.737 149.717   3.788
  82.715 150.291   3.084  87.784 149.885   6.873  85.330 148.624   6.085  87.337
 148.648   7.370  86.171 148.352   6.888  87.589 153.235   3.882  88.055 147.856
   8.294  88.604 148.427   9.605  88.910 146.927   7.918  87.971 149.331  10.146
  89.830 147.891  10.128  89.842 146.402   8.341  90.515 146.745   9.599  91.545
 146.219  10.053  90.207 148.327  10.962  89.010 150.407   7.241  89.060 151.613
   7.723  83.380 149.456   2.291  83.186 148.628   1.178  83.251 149.059  -0.179
  83.066 147.195   1.269  83.108 148.280  -1.119  83.075 146.501   0.233  82.898
 147.039  -0.856
  85.772 152.798   2.280  86.098 151.877   3.075  87.353 151.999   3.673  85.236
 150.731   3.370  87.897 151.029   4.347  85.180 149.798   4.289  84.035 150.422
   2.835  87.591 150.105   5.417  86.173 149.553   5.240  84.036 149.322   3.813
  82.879 149.732   3.130  88.471 149.648   6.379  85.821 148.614   6.210  87.965
 148.667   7.255  86.717 148.390   6.977  87.929 152.731   3.274  88.801 147.986
   8.288  89.594 148.553   9.315  88.931 146.641   8.414  89.590 149.712   9.544
  90.411 147.705  10.120  89.486 145.893   9.107  90.435 146.263  10.129  91.106
 145.591  10.889  90.883 148.188  10.876  89.811 150.031   6.436  89.972 151.269
   6.808  83.577 149.092   2.200  83.358 148.347   0.960  83.684 148.906  -0.339
  82.828 146.977   0.862  83.428 148.283  -1.342  82.712 146.457  -0.223  83.153
 147.061  -1.263
  85.573 153.420   2.355  86.045 152.555   3.058  87.299 152.680   3.569  85.184
 151.392   3.261  87.726 151.839   4.462  85.221 150.295   4.003  84.049 151.016
   2.668  87.553 150.590   5.249  86.192 149.945   4.872  84.083 149.788   3.540
  82.928 150.288   3.024  88.386 150.067   6.265  85.972 148.752   5.610  88.020
 148.854   6.877  86.850 148.488   6.404  87.910 153.465   3.376  88.690 148.296
   8.033  88.713 149.024   9.288  89.041 147.054   8.187  88.212 150.130   9.370
  89.111 148.387  10.530  89.396 146.476   9.154  89.411 146.938  10.585  89.469
 146.238  11.585  88.910 148.804  11.432  89.635 150.629   6.665  89.931 151.915
   6.432  83.527 149.558   2.052  83.432 148.524   1.073  83.435 148.844  -0.312
  83.359 147.093   1.283  83.483 147.991  -1.195  83.247 146.378   0.314  83.118
 146.854  -0.847
  85.946 152.837   1.280  86.161 152.162   2.200  87.281 152.273   2.977  85.040
 151.223   2.658  87.567 151.534   4.029  84.830 150.311   3.618  83.978 150.889
   1.994  86.987 150.805   4.969  85.623 150.053   4.684  83.678 149.841   3.096
  82.753 150.400   2.196  87.679 150.591   6.181  85.086 149.298   5.742  87.120
 149.623   7.000  85.915 149.236   6.611  88.054 152.910   2.826  87.703 148.972
   8.105  88.523 149.596   9.170  87.708 147.696   8.335  88.673 150.816   9.297
  89.015 148.756  10.209  88.215 146.957   9.137  88.960 147.322  10.299  89.416
 146.741  11.274  89.559 149.181  10.951  88.900 151.165   6.535  88.976 152.397
   6.728  83.454 149.423   1.521  83.513 148.309   0.705  83.648 148.427  -0.701
  83.130 146.941   1.087  83.398 147.535  -1.500  82.928 146.105   0.207  82.981
 146.444  -0.986
  85.604 152.826   1.214  85.831 152.016   2.118  87.023 152.123   2.852  84.774
 150.979   2.604  87.178 151.482   4.005  84.668 150.114   3.614  83.538 150.728
   2.129  86.829 150.432   4.906  85.504 149.834   4.651  83.436 149.722   3.228
  82.338 150.254   2.563  87.594 150.045   6.002  85.086 148.879   5.627  87.114
 149.066   6.776  85.914 148.708   6.398  87.652 152.888   2.637  87.717 148.575
   8.007  88.209 149.326   9.201  87.466 147.341   8.500  88.457 150.532   9.223
  88.266 148.629  10.496  87.493 146.794   9.500  87.983 147.262  10.802  88.036
 146.714  11.957  88.607 149.241  11.228  88.853 150.589   6.176  88.954 151.914
   6.377  82.957 149.339   1.763  82.777 148.334   0.802  83.204 148.598  -0.561
  82.251 146.978   0.900  83.110 147.805  -1.497  82.205 146.253  -0.089  82.828
 146.640  -1.108
  85.624 152.576   1.501  85.740 152.082   2.584  86.869 152.340   3.364  84.652
 151.174   2.988  87.164 151.525   4.435  84.386 150.390   4.039  83.477 150.883
   2.382  86.691 150.562   5.322  85.267 150.088   5.072  83.102 150.030   3.615
  82.136 150.536   2.735  87.450 150.169   6.403  84.830 149.157   5.964  86.824
 149.216   7.251  85.620 149.011   6.879  87.456 153.140   3.159  87.415 148.625
   8.360  88.133 149.277   9.475  87.637 147.314   8.480  88.085 150.481   9.634
  88.833 148.395  10.417  88.178 146.576   9.212  89.018 146.953  10.389  89.605
 146.188  11.111  89.168 148.866  11.250  88.716 150.601   6.733  88.890 151.856
   6.998  82.747 149.445   2.216  82.746 148.330   1.314  82.992 148.370  -0.093
  82.447 147.042   1.794  83.123 147.349  -0.771  82.706 146.046   1.032  82.982
 146.277  -0.153
  86.206 153.373   2.399  86.250 152.509   3.223  87.395 152.289   3.848  85.117
 151.594   3.364  87.489 151.555   4.894  84.811 150.574   4.199  84.013 151.452
   2.659  86.926 150.507   5.660  85.544 150.063   5.195  83.656 150.388   3.591
  82.722 151.052   2.946  87.600 149.856   6.649  85.024 148.931   5.944  87.047
 148.765   7.235  85.837 148.569   6.723  88.139 152.838   3.435  87.568 147.940
   8.273  88.105 148.478   9.536  88.246 146.808   8.054  87.709 149.555  10.060
  89.112 147.763  10.265  89.113 146.229   8.651  89.761 146.506   9.959  90.401
 145.845  10.749  89.299 148.128  11.191  88.865 150.135   7.091  89.035 151.255
   7.738  83.288 150.230   2.012  83.241 148.881   1.407  83.262 148.622  -0.012
  83.224 147.711   2.166  83.154 147.449  -0.452  83.279 146.608   1.630  83.416
 146.554   0.386
  85.912 153.420   2.697  86.188 152.562   3.526  87.354 152.571   4.231  85.295
 151.433   3.688  87.785 151.678   5.149  85.229 150.334   4.506  84.170 151.152
   3.068  87.490 150.448   5.904  86.138 149.821   5.451  84.044 150.000   3.930
  82.998 150.564   3.260  88.291 149.852   6.918  85.831 148.665   6.141  87.858
 148.622   7.403  86.729 148.290   6.877  87.996 153.338   4.072  88.501 147.978
   8.456  88.572 148.458   9.858  89.209 146.886   8.319  87.912 149.382  10.233
  89.465 147.611  10.775  89.919 146.328   9.089  90.242 146.500  10.491  91.009
 145.921  11.279  89.426 147.862  11.755  89.487 150.382   7.282  89.552 151.197
   8.302  83.673 149.699   2.433  83.681 148.889   1.242  83.669 149.380  -0.133
  83.439 147.483   1.246  83.344 148.679  -1.055  83.031 146.895   0.249  82.955
 147.527  -0.832
  85.608 153.233   2.948  86.046 152.331   3.660  87.277 152.473   4.261  85.270
 151.001   3.784  87.612 151.635   5.238  85.405 149.884   4.466  84.169 150.577
   3.160  87.479 150.432   5.885  86.349 149.532   5.347  84.377 149.301   3.875
  83.137 149.691   3.442  88.263 150.034   7.014  86.428 148.192   5.824  88.039
 148.744   7.493  87.191 148.098   6.746  87.724 153.382   4.294  88.767 148.218
   8.638  88.548 148.707   9.977  89.747 147.288   8.676  87.685 149.558  10.193
  89.368 148.257  11.016  90.426 146.894   9.567  90.441 147.275  11.005  91.154
 146.911  11.915  89.134 148.656  11.918  89.203 150.765   7.647  88.929 151.804
   8.407  83.829 149.266   2.355  83.698 148.805   0.944  84.165 149.532  -0.200
  83.218 147.531   0.528  84.202 149.010  -1.338  83.363 147.068  -0.571  83.697
 147.892  -1.488
  85.622 153.184   2.774  86.014 152.369   3.600  87.140 152.506   4.458  85.085
 151.108   3.799  87.512 151.558   5.240  85.026 150.124   4.607  83.906 150.932
   3.179  87.207 150.396   5.967  85.927 149.738   5.539  83.838 149.754   4.169
  82.712 150.331   3.538  88.009 149.959   7.032  85.731 148.476   6.221  87.513
 148.806   7.671  86.498 148.314   7.078  87.633 153.389   4.399  88.227 148.182
   8.716  88.610 148.813  10.077  89.144 147.258   8.509  88.029 149.830  10.529
  89.718 148.258  10.804  90.066 146.789   9.092  90.616 147.222  10.397  91.582
 146.825  11.006  89.815 148.611  11.749  89.114 150.598   7.435  88.998 151.725
   8.074  83.377 149.630   2.603  83.422 149.017   1.371  83.778 149.650   0.168
  83.150 147.609   1.146  83.992 148.993  -0.878  83.387 147.024   0.103  83.732
 147.755  -0.902
  85.502 153.304   2.658  85.840 152.498   3.526  86.985 152.683   4.269  84.975
 151.284   3.752  87.404 151.815   5.159  85.034 150.170   4.469  83.901 150.919
   3.127  87.157 150.667   5.897  85.995 149.847   5.398  83.922 149.699   3.925
  82.801 150.144   3.225  88.079 150.241   6.876  85.860 148.579   6.110  87.879
 148.999   7.334  86.846 148.393   6.832  87.376 153.618   4.284  88.655 148.310
   8.313  88.630 148.681   9.767  89.521 147.353   8.163  87.928 149.594  10.126
  89.486 147.860  10.659  90.276 146.790   8.872  90.405 146.856  10.309  91.166
 146.229  11.044  89.399 147.951  11.665  89.123 150.951   7.322  88.970 152.115
   7.935  83.584 149.601   2.319  83.588 148.883   1.111  83.617 149.515  -0.175
  83.629 147.455   0.965  83.765 148.849  -1.197  83.673 146.864  -0.147  83.741
 147.613  -1.124
  84.906 153.166   2.378  85.299 152.376   3.216  86.517 152.717   3.915  84.613
 151.099   3.360  87.001 151.905   4.899  84.781 150.030   4.132  83.613 150.595
   2.668  86.902 150.664   5.642  85.725 149.740   5.100  83.713 149.390   3.567
  82.601 149.684   2.886  87.760 150.278   6.715  85.748 148.506   5.717  87.503
 149.040   7.296  86.466 148.429   6.646  87.078 153.552   3.798  88.129 148.429
   8.425  88.705 149.017   9.672  88.391 147.156   8.467  88.611 150.203  10.044
  89.437 148.139  10.576  89.057 146.437   9.108  89.752 146.795  10.371  90.474
 146.127  11.058  89.828 148.619  11.378  88.778 150.983   7.285  89.038 152.240
   6.956  83.507 149.142   2.032  83.742 148.611   0.748  83.952 149.362  -0.427
  83.600 147.184   0.391  83.892 148.941  -1.551  83.345 146.908  -0.770  83.776
 147.691  -1.627
  85.359 153.400   2.094  85.535 152.628   2.994  86.721 152.720   3.705  84.632
 151.471   3.265  86.995 151.945   4.798  84.554 150.484   4.121  83.465 151.250
   2.693  86.693 150.804   5.574  85.410 150.146   5.132  83.415 150.044   3.618
  82.286 150.564   2.952  87.493 150.274   6.545  85.139 148.859   5.813  87.094
 149.070   7.146  86.041 148.617   6.576  87.393 153.389   3.349  87.717 148.397
   8.210  88.178 149.008   9.429  88.132 147.134   8.251  87.917 150.179   9.660
  88.957 148.208  10.383  88.765 146.455   8.990  89.348 146.818  10.252  89.932
 146.117  11.016  89.211 148.697  11.233  88.653 150.844   7.005  88.678 152.113
   7.362  82.992 149.893   1.980  83.074 148.985   0.827  83.315 149.541  -0.515
  83.349 147.573   0.762  83.617 148.851  -1.445  83.684 146.973  -0.261  83.832
 147.630  -1.337
  86.064 153.642   2.192  86.076 152.828   3.030  87.147 152.815   3.858  85.057
 151.822   3.140  87.309 151.872   4.841  84.803 150.799   3.927  83.948 151.597
   2.360  86.789 150.810   5.567  85.453 150.344   5.021  83.719 150.487   3.277
  82.742 151.021   2.380  87.460 150.108   6.625  84.849 149.257   5.776  86.686
 149.069   7.161  85.517 148.947   6.685  87.765 153.618   3.866  87.156 148.211
   8.201  87.823 148.650   9.456  87.597 147.022   7.973  87.678 149.829   9.880
  88.622 147.752  10.219  88.283 146.249   8.516  88.927 146.451   9.830  89.429
 145.638  10.557  88.988 148.073  11.108  88.795 150.369   7.020  89.242 151.549
   7.268  83.552 150.212   1.687  83.527 149.393   0.529  83.982 149.829  -0.743
  83.156 147.939   0.588  84.063 149.023  -1.692  83.221 147.308  -0.443  83.663
 147.799  -1.545
  85.740 154.056   2.984  85.961 153.141   3.746  87.007 153.224   4.603  85.134
 151.944   3.558  87.409 152.230   5.377  85.011 150.775   4.148  84.018 151.857
   2.795  87.109 150.925   5.800  85.822 150.313   5.197  83.930 150.407   3.426
  82.913 151.046   2.716  87.868 150.307   6.812  85.462 149.004   5.790  87.386
 149.116   7.318  86.250 148.797   6.676  87.559 154.071   4.666  87.981 148.362
   8.406  87.967 148.711   9.872  88.582 147.221   8.281  87.530 149.718  10.306
  88.447 147.635  10.789  89.021 146.371   8.983  89.002 146.294  10.432  89.169
 145.357  11.192  88.562 147.756  11.789  88.982 150.927   7.286  88.965 151.533
   8.447  83.859 150.594   1.786  83.980 150.042   0.471  84.900 150.580  -0.533
  83.243 148.881  -0.058  84.920 150.076  -1.672  83.423 148.512  -1.239  84.401
 148.956  -1.866
  86.172 153.749   3.107  86.299 152.767   3.811  87.408 152.596   4.552  85.388
 151.648   3.656  87.637 151.540   5.304  85.224 150.452   4.184  84.420 151.572
   2.771  87.145 150.415   5.895  85.959 149.804   5.167  84.155 150.197   3.413
  83.244 150.867   2.666  87.662 149.861   7.057  85.416 148.607   5.753  87.040
 148.716   7.495  86.060 148.337   6.693  88.061 153.369   4.589  87.415 147.947
   8.643  87.550 148.609   9.927  88.063 146.783   8.659  87.093 149.704  10.146
  88.348 147.873  10.966  88.646 146.133   9.479  88.939 146.588  10.828  89.604
 146.105  11.689  88.398 148.356  11.855  88.765 150.243   7.757  89.148 151.500
   7.860  84.191 150.373   1.773  84.420 149.703   0.494  85.508 150.156  -0.329
  83.501 148.840  -0.184  85.633 149.733  -1.483  83.657 148.646  -1.407  84.660
 149.094  -1.999
  86.357 153.976   2.642  86.476 152.937   3.280  87.598 152.803   4.092  85.526
 151.830   3.170  87.758 151.799   4.882  85.248 150.697   3.796  84.523 151.691
   2.327  87.227 150.679   5.459  85.956 150.136   4.834  84.172 150.491   3.044
  83.276 151.197   2.302  87.758 150.081   6.667  85.383 148.994   5.450  87.134
 148.909   7.121  86.111 148.645   6.360  88.219 153.603   4.121  87.611 148.194
   8.258  87.553 148.700   9.678  88.001 146.947   8.376  87.138 149.812   9.914
  87.962 147.804  10.797  88.285 146.170   9.259  88.316 146.440  10.648  88.609
 145.642  11.469  87.685 148.278  11.649  88.861 150.604   7.293  88.726 151.665
   8.080  83.987 150.298   1.537  84.142 149.765   0.208  84.727 150.520  -0.836
  83.849 148.437  -0.097  84.964 149.981  -1.900  84.098 148.033  -1.251  84.723
 148.738  -2.068
