#Frame       SA_00001
       1     502.2006
       2     500.9307
       3     506.2756
       4     513.8855
       5     505.1631
       6     508.7285
       7     506.3663
       8     505.4777
       9     505.8769
      10     500.6630
      11     500.2498
      12     506.7083
      13     508.5427
      14     501.5985
      15     506.8871
      16     503.4715
      17     506.4098
      18     507.4558
      19     504.4200
      20     503.3142
      21     503.1520
      22     502.8632
      23     507.3309
      24     503.6611
      25     502.9478
      26     501.9254
      27     502.2802
      28     501.9688
      29     506.1533
      30     507.2417
      31     503.7304
      32     505.7290
      33     499.2391
      34     505.7996
      35     506.0998
      36     509.7738
      37     502.2558
      38     508.9498
      39     507.6633
      40     500.3991
      41     506.0801
      42     507.4653
      43     502.2239
      44     500.7148
      45     507.3588
      46     501.7673
      47     504.6444
      48     500.8675
      49     503.1232
      50     504.4270
