Cpptraj Generated trajectory                                                    
  86.991 155.135   2.287  87.585 155.973   2.900  87.116 157.306   2.855  88.785
 155.518   3.713  87.685 158.248   3.567  89.624 156.120   4.553  89.376 154.336
   3.755  88.676 158.538   4.486  89.628 157.426   4.864  90.351 155.045   4.787
  90.657 153.920   4.008  89.092 159.759   5.145  90.630 157.918   5.764  90.026
 160.120   6.081  90.977 159.125   6.335  86.195 157.428   2.452  90.129 161.339
   6.661  91.376 162.124   6.800  89.412 161.731   7.730  92.325 162.052   6.056
  91.563 162.901   8.085  89.509 162.347   8.759  90.710 162.998   9.255  91.038
 163.482  10.337  92.497 163.278   8.196  92.143 159.279   7.058  93.206 158.529
   6.958  89.862 153.533   5.076  89.472 152.775   6.235  90.063 151.496   6.627
  88.585 153.345   7.234  89.941 151.095   7.783  88.550 152.730   8.321  89.048
 151.632   8.477
  86.880 155.147   2.227  87.648 155.876   2.836  87.224 157.190   2.924  88.805
 155.344   3.485  87.886 158.202   3.577  89.770 155.879   4.257  89.334 154.107
   3.541  88.938 158.318   4.504  89.880 157.188   4.702  90.484 154.698   4.285
  90.566 153.526   3.602  89.203 159.374   5.425  90.888 157.568   5.619  90.226
 159.693   6.280  91.227 158.660   6.366  86.485 157.453   2.282  90.297 160.987
   6.904  91.391 161.959   6.611  90.003 161.175   8.191  91.844 161.933   5.490
  91.978 162.772   7.735  90.446 161.777   9.073  91.611 162.695   9.060  92.070
 163.406   9.997  92.763 163.343   7.444  92.274 158.721   7.149  93.484 158.683
   6.607  89.958 153.341   4.816  89.904 152.638   6.033  90.865 151.621   6.385
  88.887 152.869   6.989  90.822 151.210   7.573  88.870 152.175   8.011  89.802
 151.334   8.273
  87.253 154.804   2.466  87.977 155.559   3.039  87.580 156.890   3.123  89.251
 155.138   3.639  88.144 157.888   3.723  90.223 155.645   4.377  89.758 153.908
   3.580  89.246 158.087   4.523  90.227 156.922   4.800  90.931 154.540   4.445
  90.991 153.289   3.807  89.652 159.322   5.143  91.315 157.566   5.544  90.664
 159.758   5.933  91.652 158.753   6.137  86.813 157.138   2.509  90.764 161.088
   6.447  91.969 161.950   6.480  90.016 161.534   7.474  92.918 161.768   5.733
  92.094 162.954   7.523  90.118 162.356   8.348  91.154 163.346   8.509  91.259
 164.347   9.161  92.953 163.491   7.537  92.704 159.013   6.963  93.783 158.212
   7.005  90.278 153.174   4.923  90.154 152.336   6.049  91.109 151.374   6.526
  88.965 152.341   6.843  90.958 150.762   7.579  88.836 151.622   7.889  89.845
 150.849   8.187
  87.424 154.599   2.340  88.186 155.360   2.904  87.895 156.793   2.878  89.473
 154.920   3.655  88.587 157.699   3.591  90.451 155.444   4.381  89.962 153.685
   3.722  89.639 157.880   4.520  90.622 156.744   4.712  91.044 154.231   4.521
  91.125 152.992   3.955  90.003 159.063   5.258  91.715 157.254   5.353  90.948
 159.388   6.146  91.940 158.402   6.145  87.059 157.026   2.355  90.945 160.687
   6.863  92.015 161.765   6.676  90.102 161.064   7.834  92.863 161.637   5.829
  91.869 162.980   7.544  89.971 162.014   8.520  90.808 163.253   8.593  90.838
 164.184   9.335  92.545 163.734   7.516  92.964 158.523   7.033  94.112 157.958
   6.843  90.340 152.948   5.085  89.845 152.119   6.187  89.941 150.716   6.324
  89.276 152.718   7.344  89.947 150.142   7.468  89.169 152.032   8.378  89.446
 150.823   8.428
  87.730 154.752   1.963  88.319 155.531   2.692  88.277 156.843   2.426  89.077
 154.984   3.797  88.760 157.758   3.253  89.971 155.471   4.647  89.359 153.780
   4.067  89.671 157.936   4.292  90.313 156.767   4.859  90.413 154.189   4.944
  90.405 152.970   4.340  89.944 159.128   5.037  91.371 157.215   5.797  90.778
 159.518   6.078  91.658 158.432   6.430  88.080 157.095   1.465  90.840 160.856
   6.514  92.117 161.544   6.741  90.010 161.450   7.417  93.187 161.188   6.197
  92.197 162.705   7.668  90.031 162.322   8.230  91.193 163.215   8.479  91.251
 164.277   9.094  93.125 163.110   7.662  92.655 158.592   7.361  93.668 157.792
   7.424  89.617 152.910   5.430  89.402 152.186   6.640  89.172 150.754   6.741
  89.399 152.781   7.953  88.989 150.227   7.839  89.239 152.096   8.979  88.874
 150.901   8.894
  86.973 154.980   2.735  87.753 155.789   3.130  87.450 157.137   2.996  89.033
 155.298   3.640  88.171 158.072   3.658  90.075 155.750   4.317  89.364 153.975
   3.764  89.306 158.224   4.463  90.264 157.062   4.681  90.637 154.531   4.418
  90.542 153.364   3.787  89.766 159.493   5.085  91.348 157.636   5.468  90.824
 159.899   5.821  91.761 158.791   6.009  86.539 157.452   2.682  90.916 161.207
   6.372  92.157 161.977   6.683  89.981 161.850   7.074  93.210 161.689   6.148
  92.098 163.120   7.594  89.925 162.782   7.815  90.970 163.673   8.255  90.919
 164.678   8.909  92.975 163.618   7.694  92.912 158.993   6.651  93.750 158.037
   6.943  89.895 153.215   4.993  89.543 152.233   6.008  89.081 150.851   5.791
  89.734 152.513   7.413  88.771 150.134   6.809  89.493 151.625   8.252  89.320
 150.428   7.883
  88.017 155.183   1.499  88.308 155.905   2.399  87.811 157.241   2.408  89.137
 155.359   3.486  88.155 158.153   3.274  89.804 155.936   4.502  89.584 154.101
   3.735  89.022 158.362   4.273  89.812 157.240   4.792  90.317 154.798   4.816
  90.715 153.546   4.255  89.414 159.601   4.974  90.746 157.766   5.762  90.371
 159.994   5.844  91.115 158.943   6.335  87.176 157.497   1.661  90.568 161.332
   6.234  91.811 162.114   6.176  89.761 161.882   7.130  92.847 161.780   5.628
  91.777 163.469   6.899  89.668 162.906   7.747  90.673 163.988   7.733  90.654
 165.168   8.126  92.641 163.998   6.884  91.999 159.158   7.409  93.195 158.579
   7.472  89.737 153.308   5.164  89.315 152.384   6.281  89.252 150.961   6.230
  88.865 152.903   7.472  88.708 150.338   7.164  88.516 152.123   8.400  88.270
 150.909   8.156
  86.991 155.195   2.664  87.814 155.965   3.164  87.533 157.373   3.057  89.046
 155.501   3.843  88.281 158.307   3.640  90.048 156.037   4.412  89.513 154.242
   3.873  89.382 158.516   4.397  90.290 157.355   4.677  90.567 154.822   4.658
  90.740 153.622   4.017  89.872 159.658   4.985  91.449 157.852   5.379  90.912
 160.097   5.663  91.836 159.087   5.876  86.744 157.632   2.476  91.039 161.397
   6.151  92.255 162.229   5.949  90.210 162.053   6.863  93.256 161.718   5.430
  92.247 163.542   6.453  90.161 163.171   7.308  91.188 164.193   7.221  91.335
 165.303   7.750  93.079 164.102   6.310  93.066 159.291   6.533  93.593 158.199
   7.133  90.014 153.501   5.230  89.547 152.637   6.276  88.599 151.593   6.041
  89.950 152.701   7.656  88.386 150.708   6.861  89.643 151.734   8.375  88.744
 150.962   8.065
  86.884 155.376   2.652  87.736 156.093   3.192  87.563 157.473   3.128  89.017
 155.590   3.749  88.353 158.374   3.650  90.074 156.084   4.482  89.387 154.293
   3.790  89.360 158.600   4.551  90.261 157.410   4.904  90.598 154.879   4.582
  90.613 153.679   3.857  89.861 159.878   4.970  91.358 157.983   5.556  91.010
 160.276   5.591  91.836 159.203   5.955  86.754 157.779   2.601  91.236 161.605
   5.955  92.453 162.377   5.657  90.572 162.238   6.836  93.328 161.868   4.954
  92.602 163.689   6.261  90.754 163.226   7.436  91.791 164.217   7.339  92.182
 165.029   8.158  93.447 164.216   6.073  93.118 159.428   6.490  93.989 158.425
   6.665  89.998 153.482   5.021  89.570 152.621   6.043  89.608 151.177   6.020
  89.047 153.124   7.293  89.249 150.497   7.006  88.869 152.308   8.227  88.829
 151.094   7.996
  87.002 155.106   2.719  87.877 155.859   3.069  87.788 157.178   2.693  89.065
 155.274   3.835  88.576 158.093   3.261  90.043 155.902   4.544  89.419 154.000
   4.100  89.492 158.408   4.175  90.235 157.243   4.790  90.548 154.732   4.817
  90.673 153.439   4.257  89.785 159.646   4.841  91.249 157.787   5.641  90.767
 160.036   5.681  91.572 158.981   6.125  86.998 157.587   2.207  90.983 161.367
   6.057  92.317 161.999   6.034  90.174 162.112   6.838  93.307 161.507   5.623
  92.399 163.315   6.600  90.203 163.122   7.363  91.383 164.056   7.374  91.583
 165.077   7.958  93.277 163.795   6.440  92.588 159.166   6.942  92.631 158.575
   8.094  89.925 153.248   5.411  89.297 152.153   6.195  88.751 150.959   5.608
  89.254 152.172   7.606  88.089 150.200   6.335  88.682 151.272   8.229  88.138
 150.384   7.567
  87.658 154.918   2.126  88.120 155.587   3.033  87.593 156.912   3.184  89.221
 155.096   3.870  88.142 157.852   3.884  90.122 155.703   4.572  89.863 153.953
   3.934  89.333 158.188   4.531  90.177 157.013   4.894  90.816 154.600   4.841
  91.072 153.390   4.272  89.777 159.472   4.975  91.091 157.588   5.781  90.632
 159.883   5.867  91.418 158.799   6.309  86.758 157.148   2.660  90.831 161.197
   6.232  92.054 162.005   5.907  89.876 162.009   6.703  93.011 161.473   5.374
  92.016 163.386   6.232  89.844 163.099   7.047  90.956 164.073   7.009  91.013
 165.187   7.509  92.880 163.864   6.004  92.327 158.948   7.331  93.584 159.089
   6.987  90.304 153.199   5.364  89.694 152.404   6.351  89.043 151.182   6.127
  89.723 152.760   7.757  88.720 150.470   7.094  89.321 151.985   8.610  88.644
 150.981   8.226
  87.036 154.953   3.314  87.675 155.718   4.027  87.200 156.943   4.143  88.985
 155.298   4.652  87.841 157.952   4.751  89.933 155.866   5.365  89.683 154.095
   4.557  89.043 158.251   5.241  90.037 157.193   5.576  90.665 154.788   5.504
  90.970 153.627   4.759  89.619 159.602   5.497  91.170 157.845   6.173  90.683
 160.073   6.134  91.581 159.082   6.426  86.345 157.085   3.619  90.935 161.471
   6.480  92.184 162.249   6.242  90.121 162.301   7.017  93.149 161.732   5.654
  92.220 163.689   6.532  90.080 163.476   7.310  91.227 164.390   7.155  91.305
 165.609   7.380  93.097 164.195   6.522  92.647 159.315   7.184  93.593 158.428
   7.340  90.210 153.215   5.822  89.992 152.275   6.882  90.762 151.008   7.066
  89.055 152.412   7.925  90.547 150.248   8.010  88.832 151.492   8.751  89.763
 150.643   8.882
  86.826 155.422   3.827  87.664 156.143   4.413  87.286 157.499   4.518  88.895
 155.587   4.869  88.056 158.429   5.097  90.023 156.080   5.438  89.374 154.387
   4.828  89.348 158.641   5.587  90.256 157.416   5.911  90.632 154.888   5.467
  90.528 153.674   4.809  89.949 159.907   6.011  91.389 157.910   6.516  91.099
 160.244   6.658  91.861 159.095   6.953  86.351 157.762   4.230  91.435 161.641
   7.001  92.654 162.424   6.824  90.546 162.527   7.463  93.705 161.887   6.471
  92.616 163.835   7.165  90.507 163.668   7.753  91.575 164.672   7.668  91.605
 165.868   7.871  93.518 164.235   6.936  93.059 159.213   7.650  93.905 158.252
   7.654  90.069 153.518   6.022  89.814 152.627   7.114  90.422 151.321   7.239
  88.899 152.870   8.177  90.344 150.670   8.316  88.934 152.163   9.175  89.537
 151.101   9.170
  87.418 155.299   3.392  87.954 155.933   4.246  87.454 157.162   4.467  89.197
 155.375   4.837  88.113 158.093   5.131  90.192 155.896   5.474  89.747 154.167
   4.647  89.329 158.343   5.799  90.336 157.162   5.889  90.807 154.705   5.516
  91.009 153.578   4.761  89.815 159.462   6.556  91.476 157.633   6.630  90.974
 159.764   7.145  91.899 158.716   7.236  86.513 157.345   4.139  91.303 161.088
   7.444  92.374 161.909   6.779  90.529 161.878   8.108  93.209 161.422   6.072
  92.484 163.260   7.119  90.543 163.024   8.387  91.578 164.043   7.905  91.622
 165.289   8.113  93.319 163.736   6.798  93.107 158.842   7.820  94.187 158.399
   7.159  90.250 153.267   5.788  89.825 152.271   6.719  90.096 150.829   6.634
  88.959 152.581   7.795  89.328 150.103   7.257  88.394 151.685   8.469  88.751
 150.527   8.278
  87.270 155.085   2.833  88.001 155.661   3.586  87.804 157.014   3.746  89.159
 155.048   4.167  88.425 157.766   4.579  90.202 155.440   4.941  89.492 153.760
   4.056  89.650 157.875   5.248  90.507 156.669   5.384  90.704 154.203   4.872
  90.661 153.045   4.084  90.092 159.108   5.929  91.650 157.248   6.163  91.206
 159.528   6.542  92.109 158.440   6.643  86.989 157.446   3.327  91.342 160.833
   7.005  92.596 161.546   7.080  90.503 161.527   7.673  93.558 161.142   6.419
  92.698 162.706   7.924  90.547 162.500   8.330  91.702 163.320   8.696  91.751
 164.213   9.487  93.552 163.245   8.008  93.312 158.641   7.281  94.228 157.715
   7.545  89.967 152.799   5.258  89.577 151.796   6.186  88.830 150.575   5.812
  90.144 151.715   7.472  88.686 149.712   6.660  89.847 150.828   8.228  89.275
 149.800   7.767
  87.063 154.589   2.851  87.810 155.390   3.402  87.458 156.740   3.597  89.218
 154.919   3.684  88.245 157.539   4.325  90.306 155.430   4.141  89.681 153.688
   3.470  89.501 157.794   4.837  90.506 156.658   4.666  90.944 154.227   4.053
  90.906 153.095   3.333  90.073 158.930   5.446  91.735 157.150   5.208  91.292
 159.345   5.897  92.234 158.303   5.709  86.502 157.030   3.425  91.596 160.652
   6.352  92.817 161.393   5.972  91.037 161.296   7.361  93.487 161.125   5.078
  93.082 162.585   6.744  91.270 162.284   8.003  92.398 163.149   7.883  92.771
 164.081   8.535  93.908 163.102   6.464  93.570 158.438   5.977  94.185 157.629
   6.827  90.630 152.900   4.671  90.831 152.065   5.841  89.784 151.419   6.565
  92.103 151.952   6.542  89.982 150.773   7.557  92.111 151.439   7.627  91.050
 151.007   8.173
  86.197 154.867   3.984  87.119 155.685   4.241  86.774 157.037   4.364  88.510
 155.129   4.334  87.636 158.003   4.737  89.663 155.655   4.646  88.980 153.902
   4.247  88.993 158.209   5.024  89.934 156.976   4.900  90.276 154.526   4.550
  90.207 153.271   3.988  89.718 159.410   5.380  91.222 157.466   5.245  91.038
 159.761   5.630  91.811 158.615   5.456  85.808 157.343   4.369  91.425 161.034
   6.076  92.813 161.585   5.938  90.850 161.658   7.031  93.666 161.219   5.138
  93.222 162.657   6.860  91.129 162.510   7.819  92.387 163.180   7.954  92.619
 164.039   8.818  94.192 162.925   6.743  93.216 158.654   5.653  94.057 157.699
   5.182  89.964 153.107   5.366  90.431 152.536   6.643  89.573 152.422   7.815
  91.659 151.874   6.844  89.795 151.573   8.686  91.798 151.125   7.791  90.944
 151.092   8.759
  86.427 155.400   3.220  87.238 156.033   3.874  86.837 157.347   4.155  88.514
 155.393   4.365  87.624 158.119   4.956  89.617 155.838   4.866  88.911 154.135
   4.243  88.953 158.294   5.356  89.896 157.161   5.235  90.181 154.618   4.851
  90.140 153.490   4.088  89.470 159.596   5.930  91.058 157.742   5.653  90.708
 159.952   6.255  91.597 158.918   6.093  85.875 157.601   3.962  91.135 161.180
   6.748  91.333 162.399   5.923  91.593 161.405   7.963  90.999 162.463   4.760
  91.841 163.540   6.651  92.077 162.328   8.530  92.309 163.611   8.007  92.684
 164.608   8.489  91.833 164.427   6.160  92.891 159.112   6.558  93.887 158.200
   6.444  89.649 153.246   5.327  89.760 152.469   6.546  89.912 153.020   7.847
  90.037 151.063   6.508  90.149 152.267   8.829  90.074 150.429   7.590  90.194
 151.020   8.678
  86.683 155.175   3.401  87.528 155.855   3.942  87.215 157.141   4.119  88.799
 155.279   4.437  87.936 158.105   4.649  89.890 155.803   5.045  89.241 154.025
   4.480  89.145 158.232   5.249  90.112 157.124   5.364  90.399 154.586   5.175
  90.415 153.362   4.571  89.700 159.451   5.730  91.351 157.642   5.871  90.744
 159.823   6.357  91.750 158.844   6.391  86.293 157.387   3.779  90.971 161.134
   6.897  91.893 161.995   6.188  90.973 161.510   8.199  92.243 161.782   5.017
  92.485 163.083   6.911  91.467 162.304   8.932  92.391 163.416   8.387  93.042
 164.238   9.013  93.082 163.724   6.400  92.999 159.095   6.925  94.062 158.427
   6.601  89.788 153.243   5.797  89.631 152.453   6.938  89.594 152.928   8.312
  89.282 151.057   6.951  89.213 152.175   9.271  88.896 150.454   7.953  88.683
 151.078   8.983
  85.880 155.431   3.713  86.796 156.055   4.271  86.659 157.400   4.354  88.049
 155.327   4.713  87.525 158.173   4.986  89.161 155.684   5.251  88.362 154.021
   4.672  88.780 158.262   5.447  89.562 157.027   5.544  89.697 154.475   5.224
  89.500 153.285   4.548  89.397 159.439   5.956  90.936 157.442   5.993  90.648
 159.728   6.381  91.459 158.575   6.444  85.777 157.752   4.000  90.978 161.041
   6.699  92.279 161.559   6.205  90.915 161.566   7.948  92.730 161.238   5.151
  92.916 162.696   6.882  91.502 162.376   8.557  92.705 163.194   8.156  93.266
 164.150   8.688  93.676 163.126   6.368  92.656 158.645   7.120  93.676 157.894
   6.741  89.068 153.164   5.812  88.893 152.279   6.932  88.920 152.554   8.343
  88.747 150.875   6.739  88.757 151.664   9.190  88.762 150.056   7.679  88.785
 150.481   8.849
  85.977 155.464   3.458  86.883 156.149   4.008  86.605 157.445   4.447  88.169
 155.456   4.273  87.461 158.219   5.076  89.324 155.817   4.844  88.521 154.153
   4.084  88.727 158.289   5.484  89.677 157.076   5.287  89.834 154.568   4.684
  89.662 153.440   3.872  89.463 159.394   6.126  91.015 157.501   5.816  90.691
 159.620   6.557  91.599 158.524   6.446  85.759 157.874   4.090  91.027 160.929
   7.145  92.362 161.615   6.915  90.582 161.444   8.300  93.039 161.274   5.958
  92.631 162.776   7.743  90.864 162.332   9.001  92.063 163.231   8.957  92.461
 164.141   9.666  93.514 163.138   7.403  92.924 158.638   6.793  93.395 157.676
   7.459  89.294 153.210   5.133  89.548 152.327   6.272  90.751 152.311   7.039
  88.773 151.191   6.490  91.188 151.185   7.439  89.301 150.155   6.867  90.388
 150.287   7.541
  86.800 155.964   2.953  87.642 156.555   3.553  87.352 157.848   3.945  88.951
 155.921   3.901  88.115 158.613   4.741  89.966 156.249   4.717  89.472 154.751
   3.559  89.281 158.597   5.443  90.174 157.429   5.357  90.584 155.096   4.435
  90.696 154.179   3.378  89.887 159.671   6.132  91.359 157.744   6.069  91.048
 159.902   6.735  91.857 158.757   6.730  86.448 158.182   3.632  91.332 161.166
   7.301  92.642 161.875   7.176  90.686 161.698   8.271  93.542 161.476   6.451
  92.854 163.077   7.913  90.957 162.640   8.946  92.121 163.607   8.940  92.375
 164.662   9.596  93.763 163.518   7.841  93.049 158.723   7.353  93.881 157.742
   7.218  90.102 153.610   4.396  89.892 152.248   4.886  90.952 151.409   5.406
  88.653 151.533   4.742  90.777 150.229   5.680  88.571 150.331   5.123  89.622
 149.737   5.429
  86.980 155.934   2.817  87.856 156.431   3.455  87.577 157.713   4.023  89.150
 155.722   3.647  88.487 158.448   4.653  90.237 155.997   4.346  89.542 154.511
   3.179  89.733 158.306   5.152  90.555 157.068   5.064  90.771 154.796   4.016
  90.700 153.802   3.008  90.385 159.334   5.989  91.662 157.251   5.947  91.473
 159.358   6.830  92.217 158.180   6.792  86.655 158.061   3.787  91.783 160.528
   7.549  93.016 161.258   7.550  90.987 161.153   8.330  93.990 160.787   6.975
  93.118 162.444   8.429  90.986 162.084   9.046  92.037 162.996   9.319  92.117
 163.875  10.162  93.959 162.997   8.547  93.396 158.006   7.532  94.030 156.839
   7.645  90.096 153.311   4.103  89.586 152.161   4.763  90.543 151.272   5.334
  88.228 151.834   5.137  90.174 150.267   5.944  88.029 150.800   5.768  88.958
 150.014   5.981
  86.739 156.270   3.231  87.662 156.789   3.788  87.547 158.106   4.250  88.857
 155.973   3.900  88.530 158.643   4.936  90.041 156.164   4.471  89.124 154.802
   3.389  89.731 158.434   5.494  90.498 157.203   5.163  90.502 154.997   3.969
  90.211 154.068   3.023  90.478 159.310   6.397  91.820 157.338   5.695  91.734
 159.375   6.827  92.432 158.226   6.499  86.710 158.673   4.183  92.244 160.416
   7.702  93.598 161.207   7.635  91.603 160.817   8.751  94.489 161.028   6.759
  93.826 162.081   8.735  91.766 161.556   9.628  93.006 162.406   9.888  93.320
 163.235  10.720  94.704 162.583   8.676  93.779 158.087   6.924  94.237 156.893
   7.119  89.755 153.519   4.226  89.559 152.476   5.128  89.997 152.620   6.526
  88.510 151.438   5.029  89.554 151.945   7.402  88.235 150.762   6.041  88.857
 150.994   7.120
  87.454 155.981   2.789  88.161 156.601   3.565  87.996 157.913   3.962  89.242
 155.705   4.281  88.900 158.584   4.692  90.225 155.906   5.160  89.419 154.399
   4.093  89.970 158.482   5.548  90.610 157.117   5.694  90.623 154.609   5.105
  90.551 153.605   4.132  90.583 159.475   6.392  91.770 157.306   6.581  91.608
 159.552   7.285  92.285 158.330   7.306  87.052 158.236   3.787  92.039 160.670
   8.053  93.406 161.327   7.993  91.509 161.044   9.155  94.155 161.078   7.026
  93.755 162.188   9.113  91.798 161.678  10.103  92.965 162.454  10.295  93.282
 163.217  11.219  94.673 162.614   9.150  93.416 158.177   8.045  94.577 157.919
   7.484  89.748 153.254   5.110  89.234 152.172   5.954  89.379 152.070   7.354
  88.403 151.139   5.383  88.855 151.157   7.998  88.195 150.186   6.067  88.390
 150.189   7.318
  87.399 155.761   2.824  88.051 156.279   3.723  87.677 157.589   4.061  89.166
 155.640   4.430  88.423 158.503   4.661  90.128 156.047   5.259  89.557 154.395
   4.368  89.485 158.548   5.505  90.315 157.306   5.745  90.691 154.807   5.317
  90.756 153.670   4.516  89.927 159.659   6.327  91.328 157.672   6.719  90.941
 159.856   7.286  91.730 158.737   7.486  86.844 157.924   3.590  91.178 161.015
   8.002  92.483 161.655   8.036  90.697 161.173   9.192  93.212 161.703   7.087
  93.009 162.322   9.242  91.038 161.666  10.235  92.352 162.296  10.496  92.755
 162.781  11.494  93.924 162.750   9.162  92.820 158.663   8.452  93.751 157.718
   8.454  89.937 153.418   5.535  89.603 152.309   6.383  89.831 152.300   7.816
  89.002 151.070   5.903  89.637 151.326   8.488  88.815 150.145   6.731  89.050
 150.333   7.945
  86.698 156.043   3.092  87.465 156.583   3.859  87.095 157.813   4.345  88.717
 155.960   4.262  87.796 158.530   5.304  89.766 156.335   4.978  89.221 154.732
   3.917  89.023 158.568   5.925  89.945 157.437   5.688  90.419 155.234   4.667
  90.437 154.160   3.767  89.704 159.626   6.733  91.115 157.668   6.375  90.798
 159.760   7.466  91.659 158.650   7.218  86.232 158.257   4.055  91.181 160.887
   8.227  92.578 161.410   8.171  90.752 161.155   9.439  93.273 161.182   7.225
  93.162 162.076   9.388  91.080 161.747  10.387  92.451 162.355  10.674  92.921
 162.771  11.719  94.148 162.307   9.413  92.807 158.470   8.004  93.694 157.549
   7.649  90.009 153.671   4.975  90.147 152.622   5.893  89.527 152.601   7.127
  90.786 151.378   5.544  89.551 151.560   7.810  90.523 150.367   6.193  90.111
 150.487   7.347
  85.861 156.860   4.584  86.897 157.171   5.128  86.812 158.278   5.955  88.129
 156.367   4.883  87.904 158.773   6.515  89.393 156.451   5.240  88.271 155.202
   4.227  89.227 158.604   6.673  89.880 157.453   6.063  89.709 155.350   4.581
  89.215 154.542   3.508  90.043 159.456   7.497  91.198 157.511   6.529  91.299
 159.461   7.823  91.991 158.382   7.287  86.016 158.892   5.833  91.925 160.534
   8.391  93.247 161.139   7.945  91.640 161.033   9.559  93.734 160.985   6.805
  93.898 161.921   8.960  92.098 161.716  10.370  93.409 162.368  10.230  94.061
 163.074  10.976  94.877 162.104   8.772  93.271 158.070   7.590  94.128 157.654
   6.683  89.118 153.840   4.708  89.571 152.657   5.389  89.199 152.248   6.745
  90.717 151.961   4.955  89.842 151.379   7.357  91.348 151.123   5.671  90.969
 151.064   6.916
  86.421 157.612   4.423  87.508 157.820   5.005  87.605 158.987   5.659  88.680
 156.902   4.893  88.682 159.408   6.264  89.901 156.770   5.441  88.822 155.716
   4.180  89.915 159.087   6.661  90.523 157.726   6.259  90.193 155.580   4.852
  89.865 154.950   3.666  90.794 159.936   7.312  91.842 157.777   6.800  92.057
 159.861   7.820  92.621 158.671   7.444  86.918 159.717   5.510  92.708 160.809
   8.630  94.105 161.339   8.410  92.312 161.296   9.741  94.665 161.058   7.316
  94.748 162.154   9.442  92.745 161.975  10.644  94.098 162.544  10.692  94.568
 163.247  11.542  95.725 162.376   9.295  93.916 158.486   7.873  94.575 157.367
   7.592  89.363 154.257   4.706  89.020 152.933   5.159  87.725 152.427   5.140
  89.928 151.898   5.660  87.367 151.414   5.754  89.492 150.909   6.238  88.259
 150.745   6.308
  87.374 158.219   3.432  88.327 158.371   4.130  88.388 159.531   4.825  89.217
 157.232   4.326  89.428 159.871   5.591  90.288 157.009   5.054  89.234 156.043
   3.826  90.660 159.358   6.079  90.971 157.850   5.817  90.461 155.720   4.644
  90.174 155.069   3.483  91.568 159.887   7.083  92.210 157.573   6.527  92.589
 159.450   7.870  92.894 158.159   7.530  87.652 160.196   4.618  93.272 160.181
   8.783  94.571 160.839   8.480  92.780 160.869   9.812  95.226 160.635   7.516
  95.068 161.867   9.375  93.144 161.707  10.565  94.468 162.401  10.499  95.012
 163.332  11.129  95.985 162.213   9.117  93.830 157.472   8.272  93.924 156.166
   8.165  89.351 154.609   4.434  88.584 153.538   4.934  87.876 152.669   4.065
  88.649 153.125   6.293  87.645 151.534   4.561  88.237 152.024   6.641  87.715
 151.318   5.754
  87.422 157.830   3.558  88.476 157.973   4.120  88.569 159.113   4.898  89.545
 156.843   4.120  89.662 159.366   5.593  90.762 156.691   4.590  89.442 155.661
   3.457  90.849 158.923   5.994  91.367 157.596   5.451  90.875 155.492   4.077
  90.442 154.800   2.991  91.724 159.558   6.912  92.621 157.435   6.106  92.813
 159.263   7.524  93.378 158.080   7.032  87.907 159.843   4.665  93.504 160.165
   8.432  94.899 160.333   8.980  92.820 161.164   8.949  95.853 159.738   8.551
  95.097 161.282  10.098  92.951 162.019   9.806  94.159 162.177  10.646  94.248
 162.913  11.544  95.971 161.283  10.611  94.586 157.608   7.346  94.634 156.568
   8.120  89.847 154.248   4.060  89.384 152.994   4.562  89.683 151.754   3.891
  88.632 152.929   5.732  89.347 150.720   4.453  88.102 151.803   5.969  88.613
 150.766   5.500
  87.646 157.333   2.976  88.573 157.516   3.751  88.638 158.760   4.359  89.555
 156.461   4.060  89.617 159.099   5.251  90.650 156.316   4.898  89.719 155.230
   3.599  90.690 158.578   6.012  91.184 157.248   5.724  90.833 155.061   4.520
  90.708 154.391   3.272  91.465 159.381   7.020  92.346 157.154   6.499  92.638
 159.227   7.652  93.102 157.952   7.320  88.078 159.532   4.017  93.368 160.247
   8.418  94.773 160.615   8.363  92.728 161.040   9.214  95.557 160.046   7.621
  95.147 161.748   9.253  92.996 161.974   9.885  94.355 162.590  10.060  94.703
 163.616  10.608  96.112 162.021   9.111  94.403 157.620   7.774  94.754 156.313
   7.791  90.018 153.794   4.215  89.459 152.532   4.671  90.163 151.335   4.587
  88.114 152.408   5.190  89.687 150.325   5.126  87.769 151.261   5.560  88.548
 150.322   5.626
  87.174 157.651   3.709  88.176 157.795   4.383  88.220 158.947   5.147  89.235
 156.828   4.348  89.288 159.296   5.823  90.385 156.639   4.986  89.217 155.659
   3.710  90.457 158.885   6.277  90.997 157.512   5.881  90.576 155.484   4.410
  90.192 154.850   3.236  91.338 159.537   7.199  92.232 157.327   6.564  92.494
 159.257   7.836  93.055 158.071   7.362  87.397 159.473   5.418  93.130 160.128
   8.692  94.535 160.479   8.691  92.578 160.609   9.809  95.279 160.141   7.805
  95.101 161.189   9.763  92.997 161.202  10.743  94.353 161.673  10.934  94.838
 162.271  11.904  96.066 161.488   9.685  94.267 157.544   7.774  94.991 156.895
   6.841  89.643 154.237   4.254  89.223 153.035   4.872  89.825 152.399   6.051
  87.950 152.446   4.637  89.363 151.373   6.558  87.646 151.361   5.139  88.426
 150.846   6.016
  86.471 158.487   4.661  87.629 158.668   5.022  87.910 159.803   5.803  88.618
 157.544   4.807  89.155 160.104   6.309  89.916 157.384   5.151  88.612 156.399
   4.081  90.326 159.477   6.549  90.652 158.164   6.010  90.003 156.195   4.559
  89.624 155.652   3.430  91.434 159.987   7.350  91.962 157.796   6.435  92.653
 159.530   7.806  92.921 158.210   7.294  87.127 160.434   5.925  93.414 160.210
   8.723  94.907 160.288   8.769  92.908 161.093   9.590  95.645 159.684   7.980
  95.469 161.077   9.827  93.308 161.777  10.464  94.722 161.909  10.800  95.318
 162.546  11.647  96.477 161.059   9.924  94.055 157.537   7.621  94.116 156.160
   7.495  89.212 154.940   4.447  88.731 153.664   4.835  89.074 153.075   6.152
  87.939 152.719   4.041  88.733 151.925   6.460  87.782 151.590   4.460  87.958
 151.300   5.660
  87.063 157.849   4.063  88.057 158.083   4.712  88.166 159.175   5.581  89.229
 157.127   4.559  89.214 159.457   6.287  90.450 156.968   5.056  89.320 155.970
   3.836  90.494 159.072   6.515  91.053 157.779   5.952  90.724 155.889   4.315
  90.290 155.340   3.145  91.453 159.807   7.347  92.342 157.660   6.452  92.691
 159.517   7.802  93.247 158.289   7.264  87.432 159.873   5.567  93.341 160.303
   8.720  94.713 160.930   8.646  92.776 160.798   9.789  95.572 160.568   7.786
  95.052 161.844   9.737  93.015 161.593  10.649  94.177 162.363  10.801  94.474
 163.250  11.578  96.006 162.179   9.811  94.575 157.888   7.441  95.130 157.008
   6.621  89.901 154.487   4.216  89.137 153.392   4.803  88.550 153.547   6.164
  88.828 152.159   4.249  87.859 152.685   6.620  88.076 151.359   4.826  87.898
 151.545   6.051
  87.294 158.055   3.846  88.185 158.352   4.609  88.282 159.646   5.173  89.109
 157.253   4.982  89.179 160.028   6.070  90.154 157.167   5.831  89.248 156.060
   4.459  90.205 159.557   6.887  90.671 158.137   6.582  90.446 155.921   5.408
  90.340 155.176   4.227  91.073 160.332   7.739  91.958 158.054   7.364  92.256
 160.145   8.354  92.754 158.818   8.107  87.746 160.431   4.823  92.975 161.147
   9.093  94.408 161.576   8.828  92.582 161.720  10.201  95.019 161.286   7.801
  95.096 162.306   9.893  93.082 162.426  11.023  94.529 162.720  11.114  95.215
 163.191  12.067  96.093 162.424   9.753  93.953 158.362   8.594  94.494 157.240
   8.140  89.461 154.620   5.123  88.982 153.453   5.728  88.835 153.203   7.120
  88.474 152.378   4.963  88.469 152.106   7.562  87.972 151.400   5.470  87.883
 151.351   6.747
  87.204 157.421   4.290  88.027 157.813   5.078  87.864 159.011   5.705  89.169
 156.853   5.314  88.866 159.596   6.512  90.304 156.924   5.994  89.281 155.604
   4.813  90.151 159.295   6.986  90.787 157.924   6.724  90.595 155.639   5.536
  90.291 154.750   4.512  90.974 160.201   7.737  92.026 158.029   7.373  92.198
 160.081   8.383  92.823 158.834   8.096  87.154 159.648   5.365  92.826 161.130
   9.087  94.252 161.520   8.977  92.386 161.624  10.231  94.998 161.097   8.131
  94.777 162.446   9.932  92.755 162.348  11.041  94.157 162.923  11.144  94.756
 163.563  11.975  95.755 162.682   9.812  94.084 158.490   8.603  94.419 157.268
   8.936  89.616 154.372   5.619  89.413 153.508   6.694  90.395 153.224   7.735
  88.256 152.622   6.741  90.233 152.288   8.502  88.204 151.758   7.609  89.300
 151.514   8.200
  87.068 157.275   4.617  88.102 157.587   5.190  88.165 158.955   5.586  89.235
 156.679   5.489  89.233 159.368   6.258  90.396 156.732   6.109  89.321 155.415
   5.132  90.437 159.092   6.899  91.042 157.785   6.688  90.641 155.466   5.842
  90.370 154.572   4.819  91.330 159.945   7.706  92.311 157.704   7.269  92.595
 159.870   8.244  93.162 158.573   7.959  87.342 159.494   5.344  93.230 160.963
   8.948  94.715 161.234   9.054  92.764 161.555   9.980  95.507 160.813   8.259
  95.224 162.068  10.228  93.120 162.218  10.905  94.462 162.625  11.269  94.971
 163.150  12.241  96.207 162.264  10.374  94.401 158.194   8.381  94.766 156.955
   8.603  89.922 154.115   5.978  89.841 152.931   6.824  90.920 152.035   6.978
  88.621 152.465   7.436  90.730 150.932   7.495  88.611 151.309   7.969  89.668
 150.720   8.114
  87.904 157.319   4.722  88.833 157.604   5.526  88.717 158.755   6.210  89.934
 156.578   5.662  89.612 159.114   7.167  91.073 156.588   6.386  90.116 155.357
   5.120  90.977 158.917   7.472  91.613 157.624   7.102  91.405 155.358   5.932
  91.235 154.560   4.882  91.827 159.847   8.107  92.902 157.647   7.642  93.112
 159.770   8.578  93.687 158.471   8.313  87.963 159.386   5.964  93.702 160.824
   9.313  95.088 161.238   9.137  93.216 161.470  10.345  95.744 160.838   8.161
  95.676 162.134  10.074  93.675 162.221  11.212  95.071 162.753  11.262  95.626
 163.452  12.120  96.678 162.211   9.949  94.917 158.040   8.727  95.658 157.083
   8.137  90.680 153.983   5.978  90.489 152.839   6.812  91.464 151.794   6.973
  89.334 152.815   7.575  91.064 150.821   7.625  89.243 151.870   8.420  90.026
 150.918   8.334
  88.024 157.330   4.885  88.940 157.600   5.619  88.922 158.849   6.268  90.075
 156.694   5.763  89.901 159.296   7.071  91.208 156.733   6.488  90.218 155.390
   5.363  91.182 159.067   7.486  91.760 157.717   7.182  91.456 155.473   6.168
  91.295 154.563   5.188  92.103 159.903   8.185  93.038 157.688   7.789  93.264
 159.730   8.768  93.862 158.442   8.564  88.114 159.453   6.172  93.933 160.772
   9.466  95.336 161.048   9.586  93.370 161.332  10.535  96.135 160.610   8.781
  95.823 161.841  10.707  93.719 161.994  11.486  95.005 162.421  11.797  95.450
 163.010  12.709  96.835 161.900  10.699  95.008 158.007   9.194  95.787 157.236
   8.542  90.615 154.101   6.269  90.357 153.035   7.133  91.375 152.112   7.601
  89.045 152.800   7.779  91.049 151.128   8.286  88.919 151.823   8.537  89.821
 150.983   8.520
  88.271 157.504   4.978  89.254 157.904   5.513  89.412 159.244   5.788  90.231
 156.885   5.925  90.342 159.734   6.639  91.370 156.901   6.595  90.346 155.653
   5.428  91.515 159.378   7.273  91.973 157.976   7.165  91.550 155.629   6.265
  91.382 154.820   5.137  92.390 160.194   8.135  93.291 157.910   7.843  93.533
 160.028   8.809  94.046 158.695   8.646  88.761 159.902   5.375  94.153 161.042
   9.677  95.591 161.377   9.854  93.505 161.585  10.696  96.431 160.961   9.070
  96.001 162.203  11.029  93.784 162.249  11.598  95.115 162.782  11.962  95.433
 163.563  12.862  96.969 162.477  11.148  95.173 158.289   9.313  95.579 157.023
   9.110  90.617 154.248   6.100  90.182 152.988   6.644  91.040 151.930   7.029
  88.874 152.788   7.165  90.723 151.304   8.016  88.609 151.933   8.033  89.539
 151.107   8.309
  88.620 158.110   4.093  89.400 158.247   5.026  89.157 159.306   5.930  90.451
 157.177   5.241  90.038 159.729   6.800  91.473 157.080   6.033  90.624 156.012
   4.647  91.285 159.351   7.306  91.960 158.043   6.891  91.885 155.895   5.626
  91.749 155.172   4.466  92.121 160.053   8.225  93.182 157.939   7.571  93.274
 159.831   8.878  93.881 158.550   8.525  88.225 159.704   5.938  93.830 160.746
   9.806  95.273 161.101   9.982  93.211 161.516  10.714  96.142 160.592   9.308
  95.664 162.050  11.024  93.486 162.354  11.523  94.779 162.834  11.899  95.254
 163.712  12.644  96.671 162.114  11.118  94.994 158.007   9.167  95.461 156.780
   8.991  90.968 154.657   5.464  90.335 153.530   5.917  90.811 152.828   7.066
  89.319 152.821   5.240  90.457 151.698   7.366  88.920 151.746   5.653  89.504
 151.226   6.629
  87.841 158.174   4.725  88.759 158.436   5.497  88.661 159.526   6.358  89.969
 157.552   5.507  89.596 159.889   7.209  91.083 157.478   6.225  90.201 156.401
   4.905  90.875 159.608   7.550  91.514 158.383   7.118  91.498 156.280   5.728
  91.243 155.524   4.593  91.743 160.376   8.412  92.693 158.206   7.871  92.902
 160.190   9.023  93.472 158.907   8.741  87.842 160.118   6.298  93.507 161.176
   9.854  95.026 161.471   9.806  93.057 161.787  10.911  95.741 161.128   8.850
  95.579 162.112  10.903  93.480 162.348  11.875  94.906 162.621  12.123  95.452
 163.199  13.042  96.582 162.211  10.801  94.627 158.434   9.332  95.608 157.991
   8.516  90.497 154.918   5.556  90.287 153.642   6.166  90.083 153.441   7.588
  89.991 152.431   5.472  89.380 152.491   7.974  89.133 151.668   5.909  89.149
 151.561   7.166
  88.046 157.730   5.032  88.954 158.092   5.737  88.808 159.237   6.459  90.156
 157.288   5.833  89.725 159.736   7.325  91.263 157.308   6.510  90.453 156.199
   5.177  90.990 159.514   7.764  91.674 158.280   7.371  91.698 156.176   6.003
  91.550 155.428   4.873  91.752 160.369   8.608  92.918 158.273   8.036  92.982
 160.310   9.212  93.614 159.058   8.917  87.971 159.777   6.271  93.487 161.281
  10.070  94.981 161.617  10.275  92.890 161.717  11.103  95.777 161.225   9.441
  95.382 162.369  11.434  93.147 162.331  12.055  94.494 162.727  12.524  94.814
 163.441  13.475  96.355 162.645  11.505  94.797 158.673   9.466  95.589 157.729
   8.923  90.867 154.803   5.867  90.275 153.600   6.361  90.824 152.830   7.411
  89.030 152.997   5.889  90.220 151.886   7.911  88.463 152.092   6.563  89.031
 151.674   7.589
  87.535 157.178   5.185  88.599 157.586   5.541  88.703 158.991   5.903  89.769
 156.693   5.706  89.692 159.507   6.620  90.996 156.852   6.257  89.958 155.381
   5.377  90.967 159.319   7.130  91.574 157.953   6.873  91.322 155.591   5.942
  91.011 154.599   5.053  91.796 160.204   7.852  92.890 158.028   7.457  93.015
 160.143   8.489  93.636 158.856   8.233  87.959 159.654   5.720  93.550 161.133
   9.293  94.945 161.586   9.465  92.888 161.666  10.324  95.787 161.188   8.718
  95.274 162.418  10.611  93.114 162.404  11.216  94.407 162.965  11.619  94.746
 163.778  12.429  96.236 162.677  10.795  94.884 158.550   8.756  95.402 157.350
   8.715  90.586 154.157   6.210  89.873 153.030   6.813  90.126 152.506   8.147
  88.814 152.283   6.192  89.505 151.514   8.571  88.200 151.419   6.773  88.736
 150.889   7.755
  87.850 157.026   4.188  88.800 157.403   4.845  88.940 158.788   5.058  89.846
 156.405   5.299  89.780 159.305   5.988  90.920 156.429   6.141  89.929 155.097
   5.182  90.894 158.965   6.777  91.395 157.546   6.791  91.105 155.110   6.076
  90.910 154.125   5.163  91.598 159.819   7.681  92.454 157.526   7.754  92.658
 159.747   8.527  93.147 158.423   8.569  88.204 159.358   4.659  93.218 160.864
   9.152  94.564 161.137   9.517  92.459 161.609   9.845  95.530 160.507   9.050
  94.782 162.048  10.645  92.549 162.454  10.737  93.802 162.857  11.347  94.080
 163.638  12.193  95.740 162.053  10.975  94.203 158.020   9.329  94.865 156.894
   9.111  90.070 153.917   6.229  89.534 152.905   7.072  90.207 152.413   8.244
  88.145 152.415   6.960  89.576 151.738   9.076  87.666 151.794   7.905  88.366
 151.519   8.936
  87.703 156.797   3.828  88.634 157.185   4.538  88.720 158.564   4.893  89.621
 156.215   5.061  89.681 158.961   5.724  90.624 156.258   5.887  89.706 154.916
   4.757  90.610 158.613   6.688  91.098 157.270   6.644  90.872 154.941   5.681
  90.722 153.987   4.703  91.211 159.410   7.736  92.156 157.189   7.617  92.170
 159.282   8.617  92.777 157.993   8.569  88.080 159.263   4.537  92.655 160.322
   9.374  94.089 160.709   9.517  91.870 161.132  10.061  94.941 160.137   8.919
  94.367 161.832  10.436  92.052 162.071  10.779  93.393 162.646  11.096  93.687
 163.654  11.790  95.352 162.056  10.511  93.883 157.519   9.244  94.343 156.266
   9.098  90.013 153.645   5.833  89.519 152.612   6.659  90.266 151.907   7.658
  88.116 152.353   6.777  89.649 151.340   8.579  87.740 151.529   7.602  88.510
 150.919   8.343
  87.774 157.176   3.992  88.612 157.564   4.757  88.578 158.842   5.317  89.668
 156.580   5.089  89.503 159.337   6.112  90.703 156.520   5.887  89.792 155.336
   4.669  90.583 158.899   6.857  91.089 157.511   6.724  90.932 155.282   5.559
  90.785 154.447   4.477  91.338 159.736   7.708  92.146 157.441   7.719  92.258
 159.569   8.751  92.695 158.224   8.696  87.712 159.354   5.193  92.737 160.563
   9.566  94.180 160.853   9.811  92.032 161.304  10.399  95.086 160.331   9.194
  94.443 161.709  10.961  92.212 162.065  11.251  93.554 162.444  11.781  93.810
 163.283  12.615  95.400 162.030  11.056  93.736 157.843   9.532  94.123 156.583
   9.469  89.916 154.074   5.489  89.450 153.007   6.315  90.232 152.428   7.348
  88.170 152.301   6.143  89.784 151.495   8.025  87.929 151.284   6.812  88.858
 150.865   7.546
  87.356 157.313   4.504  88.322 157.754   5.092  88.357 159.075   5.513  89.459
 156.812   5.351  89.394 159.595   6.145  90.574 156.874   6.134  89.622 155.512
   5.043  90.472 159.329   6.938  90.991 157.924   6.852  90.938 155.647   5.852
  90.713 154.663   4.922  91.118 160.079   7.857  92.060 157.827   7.707  92.227
 159.915   8.632  92.825 158.609   8.528  87.604 159.655   5.161  92.789 160.923
   9.491  94.233 161.171   9.704  92.114 161.499  10.481  95.023 160.736   8.935
  94.702 161.791  10.920  92.499 162.019  11.492  93.858 162.347  11.974  94.163
 163.055  12.861  95.691 161.898  11.114  93.918 158.162   9.155  94.533 157.020
   8.895  90.069 154.260   6.004  89.579 153.102   6.690  89.968 152.766   8.031
  88.631 152.206   6.167  89.570 151.678   8.509  88.272 151.166   6.725  88.590
 151.108   7.925
  87.215 157.329   4.531  88.038 157.664   5.313  87.952 158.945   5.865  89.194
 156.707   5.431  88.826 159.405   6.695  90.332 156.781   6.069  89.441 155.527
   4.850  90.132 159.118   7.087  90.830 157.833   6.747  90.793 155.603   5.616
  90.623 154.858   4.471  90.990 159.969   7.903  92.145 157.851   7.303  92.247
 159.872   8.438  92.914 158.670   8.060  87.203 159.584   5.625  92.868 160.888
   9.194  94.308 161.295   9.208  92.324 161.440  10.310  95.047 161.016   8.287
  94.855 162.003  10.350  92.737 162.051  11.250  94.136 162.450  11.530  94.587
 163.118  12.445  95.851 162.187  10.318  94.191 158.421   8.474  94.967 157.522
   7.911  89.971 154.232   5.568  89.781 152.999   6.255  90.799 152.358   7.095
  88.521 152.241   6.200  90.441 151.533   7.883  88.366 151.335   7.049  89.261
 151.108   7.881
