#Frame       SA_00001
       1   20872.5331
       2   22302.9282
       3   23004.6199
       4   23273.8744
       5   23490.2025
       6   23346.0452
       7   23320.5329
       8   23510.4753
       9   23753.2889
      10   23667.3927
      11   23977.3735
      12   23978.1580
      13   23357.9994
      14   23336.7251
      15   23564.9396
      16   23180.1081
      17   23496.9723
      18   23660.8404
      19   23679.3161
      20   23624.3193
      21   23320.3092
      22   23721.1944
      23   24265.3872
      24   24454.2580
      25   24439.1490
      26   24433.6993
      27   24684.9017
      28   24421.7179
      29   23863.6520
      30   23919.8195
      31   24177.2484
      32   24114.5921
      33   24430.1601
      34   24569.1760
      35   24961.7687
      36   24747.0446
      37   24805.3268
      38   24895.9232
      39   24650.2835
      40   24862.3244
      41   24891.9195
      42   24866.9829
      43   24914.0949
      44   24998.9863
      45   25337.9733
      46   25159.3517
      47   24598.6988
      48   24256.2741
      49   24592.2327
      50   24583.4369
