#Frame       SA_00001
       1   20824.2602
       2   21974.0562
       3   22532.6140
       4   22843.6592
       5   22984.3615
       6   22773.3817
       7   23619.7575
       8   23253.0909
       9   23282.0756
      10   23918.3658
      11   23831.7717
      12   23698.3472
      13   23593.6942
      14   23489.0273
      15   23313.3189
      16   23321.7551
      17   23125.7770
      18   23066.6170
      19   22809.4636
      20   22854.1885
      21   22759.1127
      22   22601.2426
      23   22882.9700
      24   22787.4289
      25   23100.7392
      26   22906.3587
      27   22654.6295
      28   22835.4872
      29   22567.6600
      30   22807.4061
      31   22896.2498
      32   23253.7800
      33   23715.5332
      34   23282.3126
      35   23182.2066
      36   22875.7959
      37   23204.4258
      38   23476.7340
      39   23562.6427
      40   23602.3533
      41   23238.4793
      42   23241.9191
      43   23091.4339
      44   22834.1206
      45   23060.4602
      46   23416.0552
      47   23412.3443
      48   23389.7154
      49   23410.0735
      50   23458.5397
