Run semi-empirical minimization
 &qmmm
    qm_theory='AM1', grms_tol=0.0005,
 scfconv=1.d-10, ndiis_attempts=700,   qmcharge=0,
 /
   6    C1       87.5480      152.5570       11.9120 
   7    N1       86.8780      153.6910       12.2680 
   6    C2       87.0780      151.3400       12.4150 
   6    C3       85.8080      153.6490       13.0880 
   6    C4       85.9760      151.4090       13.2480 
   6    C5       87.4300      149.9660       12.3030 
   7    N2       85.3170      152.5170       13.6150 
   7    N3       85.6650      150.1320       13.6410 
   6    C6       86.5410      149.2430       13.0720 
   6    C7       84.5740      149.7920       14.5220 
   7    N4       85.2030      154.8510       13.4370 
   6    C8       84.0140      155.2460       12.6800 
   6    C9       85.3040      155.2500       14.8340 
   6   C10       84.1680      156.6300       12.0390 
   6   C11       84.8600      156.6960       15.0520 
   8    O1       83.7600      156.8660       10.8980 
   7    N5       84.6550      157.6820       12.7700 
   6   C12       85.4340      157.6250       13.9920 
   1    H1       84.7510      158.5140       12.2020 
   6   C13       91.4130      150.2660        8.5990 
   8    O2       92.6000      150.5910        8.6280 
   7    N6       90.4820      150.8460        9.4660 
   6   C14       89.0250      150.7960        9.2920 
   6   C15       91.0000      151.7260       10.5070 
   6   C16       88.3970      152.1630        9.5510 
   6   C17       89.9600      152.0300       11.5750 
   6   C18       88.7170      152.6940       10.9620 
  16    S1       90.2360      147.0000        6.6520 
   6   C19       90.1330      148.3660        5.6290 
   6   C20       90.7910      147.9550        7.9520 
   6   C21       90.5280      149.5280        6.2620 
   6   C22       90.9490      149.2890        7.6150 
   8    O3       90.5080      150.7770        5.7250 
   6   C23       89.2200      151.3560        5.5540 
   1    H2       88.2610      149.5550       11.7120 
   1    H3       86.5360      148.1510       13.2040 
   1    H4       84.9000      149.8940       15.5670 
   1    H5       83.7270      150.4690       14.3350 
   1    H6       84.2610      148.7540       14.3350 
   1    H7       83.8380      154.5050       11.8860 
   1    H8       83.1670      155.2900       13.3810 
   1    H9       84.6660      154.5890       15.4390 
   1   H10       86.3590      155.1710       15.1340 
   1   H11       83.7620      156.7430       15.0090 
   1   H12       85.2290      157.0250       16.0340 
   1   H13       85.4900      158.6390       14.4150 
   1   H14       86.4220      157.2230       13.7200 
   1   H15       88.7960      150.4840        8.2620 
   1   H16       88.6100      150.0760       10.0130 
   1   H17       91.8650      151.2420       10.9820 
   1   H18       91.2820      152.6780       10.0330 
   1   H19       88.7840      152.8770        8.8090 
   1   H20       87.3060      152.0540        9.4710 
   1   H21       89.6620      151.0900       12.0640 
   1   H22       90.4020      152.7210       12.3070 
   1   H23       88.9290      153.7640       10.8250 
   1   H24       89.7920      148.3250        4.5840 
   1   H25       91.0010      147.5530        8.9540 
   1   H26       88.7750      151.5560        6.5400 
   1   H27       89.3130      152.2990        4.9950 
   1   H28       88.5770      150.6600        4.9950 

