Run semi-empirical minimization
 &qmmm
    qm_theory='AM1', grms_tol=0.0005,
 scfconv=1.d-10, ndiis_attempts=700,   qmcharge=0,
 /
   7    N1       83.8000      151.9290       15.3980 
   6    C1       83.7840      150.5330       14.8510 
   6    C2       82.5730      152.7050       15.0590 
   6    C3       82.4780      149.8010       15.2640 
   6    C4       81.2820      151.9210       15.4060 
   7    N2       81.3110      150.5790       14.8040 
   6    C5       82.4280      149.6610       16.7680 
   6    C6       81.0500      151.7790       16.9220 
   6    C7       80.1310      150.0340       14.3290 
   6    C8       83.1090      148.6650       17.4490 
   6    C9       81.8160      150.6350       17.5480 
   8    O1       79.0950      150.6910       14.2390 
   6   C10       80.1600      148.5920       13.8940 
   7    N3       83.1410      148.6260       18.7890 
   7    N4       81.8360      150.6000       18.8940 
   6   C11       82.5180      149.5990       19.4810 
  16    S1       85.2790      152.7560       15.3580 
   8    O2       86.2170      151.9680       14.5880 
   8    O3       85.5880      153.1790       16.7080 
   6   C12       84.9190      154.2070       14.4260 
   6   C13       84.5790      154.0890       13.0910 
   6   C14       85.0340      155.4770       14.9880 
   7    N5       84.2880      155.1550       12.3060 
   6   C15       84.7560      156.5870       14.1960 
   6   C16       84.3860      156.3780       12.8750 
   6   C17       82.5750      149.5570       20.9880 
   6   C18       81.8160      148.4930       21.7490 
   6   C19       83.3120      148.4370       21.6860 
   7    N6       83.7510      147.6540       16.7060 
   1    H1       83.5370      146.7670       17.1550 
   6   C20       85.1980      147.8040       16.5550 
   6   C21       85.8780      147.5470       17.8680 
   6   C22       87.3740      147.3610       17.9390 
   6   C23       86.4610      146.1930       18.1900 
   1    H2       83.8450      150.5730       13.7540 
   1    H3       84.6440      149.9820       15.2590 
   1    H4       82.5800      153.6470       15.6270 
   1    H5       82.5770      152.8950       13.9760 
   1    H6       82.4580      148.8020       14.8030 
   1    H7       80.4520      152.5110       14.9900 
   1    H8       81.3610      152.7140       17.4110 
   1    H9       79.9800      151.5660       17.0660 
   1   H10       80.1730      147.9410       14.7810 
   1   H11       79.2660      148.3730       13.2920 
   1   H12       81.0620      148.4090       13.2920 
   1   H13       84.5420      153.0840       12.6450 
   1   H14       85.3380      155.6000       16.0380 
   1   H15       84.8280      157.6050       14.6060 
   1   H16       84.1600      157.2570       12.2550 
   1   H17       82.6150      150.6560       21.0140 
   1   H18       81.3150      148.7460       22.6950 
   1   H19       81.0020      147.7940       21.5040 
   1   H20       83.8080      147.6530       21.0940 
   1   H21       84.1190      148.3850       22.4320 
   1   H22       85.5630      147.0830       15.8090 
   1   H23       85.4240      148.8280       16.2250 
   1   H24       85.1510      148.2160       18.3520 
   1   H25       87.9770      147.4000       17.0190 
   1   H26       88.1920      147.8430       18.4950 
   1   H27       86.3640      145.7800       19.2050 
   1   H28       86.3580      145.1830       17.7690 

