Run semi-empirical minimization
 &qmmm
    qm_theory='AM1', grms_tol=0.0005,
 scfconv=1.d-10, ndiis_attempts=700,   qmcharge=0,
 /
   6    C1       80.8120      150.7870       15.8610 
   7    N1       81.8870      150.4190       15.1040 
   6    C2       80.9040      151.3720       17.1140 
   6    C3       83.1200      150.6450       15.6230 
   6    C4       82.1720      151.6000       17.6290 
   6    C5       83.2900      151.2360       16.8800 
   6    C6       84.3570      150.2550       14.8130 
   8    O1       85.6120      150.3920       15.5250 
   6    C7       84.4320      150.9090       13.4120 
   6    C8       86.1210      151.7350       15.5530 
   7    N2       84.9690      152.2690       13.4590 
   6    C9       86.2600      152.3290       14.1480 
   6   C10       84.0590      153.3310       13.4770 
   8    O2       82.8470      153.1280       13.5070 
   6   C11       84.5990      154.6690       13.4080 
   7    N3       85.6450      155.0530       12.6060 
   6   C12       84.2900      155.7980       14.1480 
   7    N4       85.9660      156.3590       12.7260 
   6   C13       86.3730      154.2260       11.6680 
   6   C14       85.1590      156.8100       13.6890 
   6   C15       85.2510      158.2220       14.1600 
   6   C16       84.5530      158.4380       15.4940 
   7    N5       78.5460      150.0330       16.1820 
   6   C17       79.4660      150.4980       15.2690 
   8    O3       79.2250      150.6880       14.0830 
   1    H1       78.8630      150.0050       17.1460 
   6   C18       77.1380      149.9440       15.8940 
  16    S1       77.0980      151.1410       18.4170 
   6   C19       76.3820      150.2300       17.1480 
   6   C20       75.6570      150.9870       19.3350 
   6   C21       75.0920      149.8700       17.5040 
   7    N6       74.6910      150.3100       18.7550 
   6   C22       75.5610      151.5890       20.6920 
   6   C23       74.1150      149.0970       16.6910 
   1    H2       80.0020      151.6470       17.6810 
   1    H3       82.2940      152.0640       18.6190 
   1    H4       84.3010      151.4120       17.2750 
   1    H5       84.2110      149.1770       14.6510 
   1    H6       85.0800      150.2950       12.7700 
   1    H7       83.4080      150.9670       13.0150 
   1    H8       85.4310      152.3630       16.1360 
   1    H9       87.1210      151.7080       16.0100 
   1   H10       86.5870      153.3760       14.2240 
   1   H11       87.0050      151.7510       13.5790 
   1   H12       83.5250      155.8870       14.9330 
   1   H13       87.0020      153.5120       12.2200 
   1   H14       85.6620      153.6750       11.0360 
   1   H15       87.0090      154.8630       11.0360 
   1   H16       86.3130      158.4880       14.2710 
   1   H17       84.7520      158.8570       13.4140 
   1   H18       85.2530      158.2210       16.3140 
   1   H19       84.2150      159.4820       15.5660 
   1   H20       83.6850      157.7660       15.5660 
   1   H21       76.8960      148.9320       15.5370 
   1   H22       76.8650      150.6690       15.1140 
   1   H23       75.6870      150.8030       21.4510 
   1   H24       76.3500      152.3460       20.8140 
   1   H25       74.5760      152.0630       20.8140 
   1   H26       73.4290      148.5550       17.3590 
   1   H27       73.5390      149.7870       16.0560 
   1   H28       74.6530      148.3780       16.0560 

