#Frame       SA_00001
       1   21181.2238
       2   22524.1011
       3   23179.0171
       4   22966.3814
       5   22907.3472
       6   22818.5560
       7   23221.5376
       8   23372.7724
       9   23544.6742
      10   23532.8955
      11   23619.8824
      12   23362.4249
      13   23321.5682
      14   23624.1118
      15   23729.3753
      16   23948.7711
      17   23936.6079
      18   23958.6711
      19   23850.6568
      20   23729.4981
      21   23849.6758
      22   24150.6013
      23   23720.5825
      24   23401.6507
      25   23771.7243
      26   23333.0421
      27   22976.4642
      28   23635.1607
      29   23514.5828
      30   23690.2724
      31   23883.1266
      32   23926.6557
      33   23925.6673
      34   23765.3781
      35   23964.9558
      36   24097.2522
      37   23794.4719
      38   23745.7221
      39   24171.6186
      40   23968.6592
      41   23991.4824
      42   24008.0948
      43   24157.5160
      44   24203.7359
      45   24025.8254
      46   24326.2196
      47   24298.0621
      48   24157.5231
      49   24371.1810
      50   24355.0805
