#Frame       SA_00001
       1   21119.8597
       2   22380.4930
       3   23001.3009
       4   22933.5379
       5   22729.7635
       6   22577.7178
       7   22802.1304
       8   23153.0860
       9   23414.8597
      10   23604.0232
      11   23654.9659
      12   23327.1381
      13   23310.8415
      14   23378.1862
      15   23622.2104
      16   23834.6323
      17   23643.8700
      18   23714.3771
      19   23705.0293
      20   23676.5616
      21   23903.0082
      22   24030.8046
      23   24107.5999
      24   23964.5216
      25   23771.9903
      26   23756.0757
      27   23549.2620
      28   23663.5011
      29   23639.1656
      30   23744.8407
      31   24188.2884
      32   24208.9503
      33   24526.3830
      34   24265.5422
      35   24301.9700
      36   23968.6560
      37   24129.7554
      38   23719.8876
      39   24231.8434
      40   24219.9371
      41   24082.1831
      42   24160.4496
      43   24256.0976
      44   24231.7677
      45   24026.8964
      46   24460.5859
      47   24728.4987
      48   24427.0739
      49   24736.1039
      50   24160.8613
