Cpptraj Generated trajectory                                                    
  83.422 147.919  16.551  83.630 148.979  16.055  82.635 149.928  15.946  84.984
 149.175  15.469  82.839 151.053  15.331  85.561 150.104  14.792  85.971 148.285
  15.407  83.755 151.945  14.717  85.068 151.340  14.483  86.657 149.366  14.638
  86.941 148.005  14.482  83.379 153.268  14.318  85.959 152.288  13.925  84.437
 154.054  13.926  85.525 153.374  13.866  81.772 149.643  16.394  84.400 155.416
  13.669  85.114 156.060  12.585  84.079 156.374  14.540  85.459 155.488  11.596
  85.397 157.494  12.705  84.268 157.528  14.715  85.067 158.380  13.805  85.481
 159.535  13.937  85.973 157.911  11.984  82.131 153.811  14.419  81.012 153.095
  14.334  87.631 148.556  15.464  88.816 148.665  16.277  89.280 147.611  17.132
  89.531 149.892  16.496  90.154 147.776  17.970  90.375 149.923  17.415  90.464
 148.965  18.184
  84.123 147.426  16.271  84.242 148.500  15.741  83.076 149.330  15.569  85.536
 148.932  15.341  83.123 150.586  15.117  85.991 150.056  14.814  86.759 148.340
  15.414  83.930 151.650  14.731  85.349 151.222  14.529  87.260 149.571  14.835
  87.918 148.349  14.706  83.464 153.011  14.510  86.196 152.223  14.007  84.468
 153.871  14.066  85.600 153.255  13.959  82.176 148.943  15.827  84.329 155.242
  13.763  84.874 155.969  12.586  84.241 156.167  14.708  85.066 155.401  11.526
  85.336 157.349  12.758  84.501 157.285  14.865  85.172 158.144  13.904  85.573
 159.333  14.080  85.716 157.774  11.921  82.212 153.429  14.674  81.228 152.770
  14.071  88.113 148.770  15.961  88.912 148.880  17.126  89.097 147.817  18.126
  89.819 149.933  17.266  90.162 147.785  18.779  90.814 149.815  17.963  90.869
 148.824  18.739
  84.333 147.506  16.202  84.580 148.601  15.700  83.574 149.574  15.710  85.904
 148.968  15.279  83.677 150.849  15.385  86.466 150.095  14.749  87.019 148.251
  15.360  84.526 151.823  14.848  85.909 151.324  14.549  87.671 149.479  14.650
  88.162 148.169  14.494  84.116 153.162  14.744  86.696 152.320  13.921  85.114
 154.082  14.271  86.168 153.375  13.941  82.691 149.306  16.129  85.024 155.477
  14.133  85.217 156.369  12.989  84.810 156.230  15.135  85.243 155.942  11.879
  85.377 157.808  13.144  84.887 157.402  15.324  85.183 158.540  14.348  85.228
 159.754  14.377  85.684 158.275  12.299  82.937 153.589  15.136  81.908 153.301
  14.404  88.489 148.624  15.776  89.508 148.703  16.799  89.472 148.031  18.069
  90.669 149.570  16.700  90.313 148.239  18.956  91.439 149.720  17.639  91.218
 149.042  18.677
  83.841 148.157  16.680  84.031 149.169  16.106  83.239 150.291  16.229  85.280
 149.311  15.285  83.390 151.398  15.543  85.867 150.206  14.595  86.207 148.344
  15.155  84.299 152.229  14.915  85.516 151.509  14.372  86.896 149.377  14.256
  87.127 148.039  14.163  84.027 153.599  14.769  86.244 152.377  13.464  84.999
 154.339  14.112  85.863 153.483  13.518  82.450 150.196  16.857  84.968 155.786
  13.893  85.247 156.536  12.655  84.867 156.598  14.915  85.444 155.987  11.576
  85.176 158.024  12.822  84.838 157.750  15.130  84.923 158.748  14.111  84.817
 159.955  14.157  85.268 158.619  12.007  82.939 154.130  15.353  81.921 154.584
  14.623  87.784 148.479  15.233  88.929 148.888  16.044  88.977 148.718  17.501
  90.037 149.621  15.551  89.861 149.276  18.192  90.947 150.047  16.297  90.752
 149.956  17.565
  83.709 148.084  16.558  84.015 149.102  15.937  83.082 150.087  15.763  85.408
 149.286  15.408  83.363 151.287  15.411  85.971 150.296  14.766  86.425 148.478
  15.258  84.246 152.127  14.835  85.578 151.575  14.451  87.112 149.575  14.594
  87.474 148.260  14.390  83.909 153.533  14.607  86.458 152.516  13.952  84.882
 154.319  14.090  85.994 153.621  13.885  82.118 149.794  15.864  84.700 155.670
  13.848  85.227 156.445  12.684  84.665 156.535  14.789  85.336 155.947  11.556
  85.528 157.943  12.827  84.900 157.632  15.037  85.368 158.661  14.041  85.563
 159.857  14.173  85.929 158.340  11.986  82.694 154.017  15.032  81.618 153.941
  14.239  88.003 148.755  15.506  89.149 148.766  16.282  89.162 148.052  17.570
  90.301 149.656  16.239  89.913 148.366  18.508  90.985 149.897  17.215  90.775
 149.349  18.295
  84.613 148.794  17.688  84.709 149.745  16.977  83.722 150.714  17.007  85.699
 149.638  15.935  83.565 151.607  16.011  85.998 150.322  14.851  86.683 148.711
  15.770  84.275 152.280  15.050  85.490 151.552  14.453  87.045 149.510  14.463
  87.495 148.232  14.770  83.899 153.592  14.649  86.261 152.288  13.548  84.872
 154.238  13.812  85.820 153.425  13.406  82.912 150.573  17.600  84.867 155.578
  13.613  85.174 156.345  12.362  84.886 156.511  14.579  85.261 155.759  11.287
  85.518 157.716  12.391  85.163 157.678  14.655  85.473 158.586  13.588  85.698
 159.758  13.549  85.742 158.140  11.498  82.796 154.190  15.104  81.663 154.051
  14.451  88.258 149.023  15.553  89.489 149.219  16.323  89.848 148.673  17.643
  90.600 150.023  15.804  90.914 148.893  18.138  91.644 150.139  16.463  91.755
 149.630  17.612
  84.435 148.734  17.175  84.594 149.746  16.441  83.593 150.628  16.502  85.812
 149.954  15.646  83.595 151.822  15.904  86.210 150.950  14.875  86.923 149.196
  15.501  84.267 152.680  15.061  85.600 152.106  14.494  87.370 150.298  14.648
  87.892 149.025  14.528  83.848 153.962  14.815  86.289 152.977  13.659  84.733
 154.768  14.111  85.761 154.011  13.665  82.745 150.290  16.942  84.673 156.132
  13.775  85.188 156.904  12.562  84.710 156.988  14.761  85.445 156.370  11.548
  85.451 158.398  12.774  84.873 158.185  14.943  85.403 159.158  14.010  85.694
 160.358  14.074  85.841 158.918  11.996  82.620 154.485  15.217  81.442 154.109
  14.775  88.419 149.625  15.583  89.580 149.798  16.455  89.726 149.193  17.781
  90.607 150.719  16.085  90.661 149.643  18.492  91.531 150.896  16.814  91.573
 150.337  17.964
  84.197 148.797  17.249  84.458 149.737  16.540  83.434 150.627  16.213  85.747
 149.837  15.849  83.623 151.681  15.488  86.278 150.668  14.989  86.740 148.923
  15.823  84.516 152.571  14.888  85.859 151.928  14.583  87.343 149.796  14.809
  87.710 148.481  14.922  84.253 153.923  14.656  86.715 152.746  13.918  85.271
 154.645  13.993  86.290 153.804  13.753  82.583 150.461  16.737  85.251 155.989
  13.665  85.751 156.683  12.446  85.090 156.875  14.588  86.087 156.081  11.396
  85.862 158.110  12.437  85.233 158.097  14.605  85.723 158.940  13.523  86.045
 160.164  13.602  86.197 158.500  11.564  83.052 154.452  14.940  82.050 154.401
  14.034  88.414 149.208  15.931  89.591 149.440  16.677  89.890 148.838  17.960
  90.577 150.385  16.246  90.969 149.098  18.509  91.617 150.548  16.887  91.724
 149.950  17.996
  84.668 148.343  16.298  84.971 149.453  15.908  83.994 150.453  15.947  86.298
 149.829  15.281  84.034 151.593  15.300  86.720 150.815  14.520  87.421 149.103
  15.227  84.811 152.507  14.668  86.112 151.940  14.133  87.857 150.195  14.310
  88.416 148.894  14.329  84.467 153.875  14.530  86.738 152.838  13.202  85.294
 154.683  13.724  86.200 153.879  13.221  83.106 150.102  16.286  85.214 156.047
  13.590  85.644 156.811  12.405  84.982 156.872  14.545  85.917 156.298  11.392
  85.802 158.278  12.626  85.131 158.004  14.799  85.584 159.020  13.862  85.787
 160.174  14.019  86.083 158.832  11.825  83.318 154.310  15.152  82.400 154.933
  14.350  88.939 149.539  15.465  89.609 149.430  16.760  90.330 148.218  17.180
  89.777 150.508  17.701  90.804 148.104  18.305  90.412 150.271  18.719  90.927
 149.169  18.992
  84.855 147.854  16.562  84.941 148.968  15.939  83.822 149.759  15.942  86.254
 149.343  15.305  83.865 151.091  15.479  86.674 150.425  14.698  87.322 148.571
  15.157  84.640 152.029  14.844  86.038 151.599  14.408  87.868 149.900  14.469
  88.342 148.555  14.214  84.048 153.289  14.670  86.637 152.633  13.616  84.880
 154.250  14.077  85.919 153.637  13.609  83.038 149.571  16.556  84.599 155.623
  13.872  84.992 156.430  12.671  84.574 156.417  14.888  85.285 155.924  11.562
  85.089 157.875  12.843  84.672 157.545  15.149  85.051 158.566  14.035  85.164
 159.764  14.007  85.196 158.451  12.016  82.723 153.518  15.019  81.829 154.100
  14.190  88.846 149.075  15.399  89.850 148.980  16.382  90.077 147.908  17.303
  90.956 149.906  16.414  91.085 147.845  17.970  91.942 149.721  17.170  91.826
 148.814  18.055
  85.132 147.906  16.824  85.289 148.936  16.160  84.205 149.820  16.189  86.508
 149.234  15.504  84.262 151.007  15.596  86.950 150.263  14.773  87.536 148.363
  15.234  85.035 152.006  14.913  86.375 151.473  14.470  88.078 149.571  14.477
  88.528 148.269  14.329  84.647 153.319  14.732  87.109 152.392  13.721  85.515
 154.179  14.034  86.488 153.433  13.641  83.402 149.531  16.736  85.419 155.548
  13.784  85.707 156.265  12.522  85.422 156.524  14.742  85.820 155.646  11.456
  85.973 157.726  12.583  85.742 157.623  14.829  86.145 158.585  13.762  86.428
 159.756  13.813  86.188 158.174  11.700  83.379 153.691  15.241  82.538 154.440
  14.495  89.084 148.841  15.401  90.066 148.838  16.464  90.002 147.923  17.547
  91.191 149.670  16.543  90.830 148.029  18.478  91.932 149.708  17.488  91.778
 148.815  18.349
  85.504 147.845  17.277  85.598 148.828  16.681  84.561 149.701  16.776  86.780
 149.070  15.837  84.493 150.812  16.063  87.100 150.031  15.006  87.914 148.401
  15.672  85.125 151.686  15.211  86.425 151.161  14.690  88.227 149.378  14.653
  88.858 148.137  14.712  84.707 153.022  14.943  87.029 152.002  13.698  85.517
 153.828  14.162  86.452 153.040  13.645  83.822 149.328  17.360  85.476 155.172
  13.911  85.969 155.912  12.719  85.298 156.059  14.867  86.400 155.299  11.749
  85.944 157.318  12.759  85.351 157.239  14.963  85.773 158.160  13.896  85.840
 159.393  13.900  86.259 157.817  11.935  83.567 153.521  15.605  82.555 153.928
  14.844  89.430 148.867  15.709  90.531 149.084  16.643  90.868 148.168  17.662
  91.377 150.250  16.673  91.880 148.269  18.289  92.462 150.201  17.319  92.431
 149.400  18.238
  85.265 147.496  17.445  85.428 148.577  16.782  84.409 149.561  16.885  86.696
 148.751  15.956  84.457 150.771  16.333  87.108 149.744  15.180  87.743 147.943
  15.730  85.253 151.524  15.404  86.550 150.979  14.920  88.236 149.103  14.937
  88.644 147.875  14.702  84.814 152.832  15.058  87.277 151.820  14.056  85.717
 153.629  14.317  86.736 152.891  13.982  83.568 149.356  17.412  85.507 155.024
  13.896  85.931 155.636  12.662  85.143 155.970  14.732  86.442 155.046  11.733
  85.944 157.106  12.603  85.226 157.168  14.789  85.581 158.014  13.649  85.682
 159.226  13.544  86.174 157.434  11.673  83.617 153.349  15.478  82.517 152.874
  14.892  89.352 148.248  15.867  90.667 148.364  16.446  90.900 148.022  17.877
  91.826 149.079  15.918  91.872 148.558  18.482  92.775 149.379  16.633  92.791
 149.004  17.827
  85.086 147.159  16.844  85.409 148.270  16.479  84.612 149.327  16.795  86.581
 148.475  15.592  84.709 150.517  16.245  87.059 149.502  14.870  87.577 147.593
  15.411  85.265 151.307  15.266  86.527 150.721  14.668  88.099 148.716  14.476
  88.610 147.459  14.497  84.811 152.670  14.962  87.214 151.595  13.723  85.622
 153.389  14.066  86.558 152.585  13.617  83.741 149.101  17.261  85.495 154.759
  13.731  86.176 155.487  12.683  84.997 155.639  14.556  86.793 154.850  11.877
  86.162 156.912  12.691  84.928 156.839  14.614  85.520 157.750  13.662  85.736
 158.976  13.708  86.725 157.388  11.996  83.741 153.140  15.664  82.561 152.886
  15.127  89.128 148.082  15.604  90.130 148.294  16.594  89.864 148.219  17.980
  91.445 148.791  16.348  90.549 148.749  18.873  92.184 149.135  17.326  91.690
 149.126  18.495
  85.053 147.370  16.711  85.191 148.328  16.059  84.168 149.314  15.951  86.488
 148.615  15.479  84.288 150.471  15.466  86.962 149.617  14.788  87.593 147.918
  15.549  85.116 151.407  14.901  86.422 150.826  14.485  88.113 148.943  14.722
  88.641 147.646  14.735  84.768 152.825  14.877  87.193 151.782  13.700  85.648
 153.587  14.057  86.651 152.867  13.661  83.219 149.028  16.160  85.537 155.034
  13.812  86.359 155.795  12.810  85.149 155.931  14.586  86.991 155.185  11.941
  86.516 157.283  12.912  85.193 157.088  14.741  85.959 158.110  13.940  86.189
 159.247  14.157  87.004 157.811  12.199  83.645 153.364  15.429  82.471 152.864
  15.084  89.033 148.202  15.898  90.005 148.525  16.880  89.788 148.213  18.287
  91.264 149.102  16.655  90.521 148.620  19.196  92.047 149.327  17.627  91.668
 149.038  18.812
  85.961 147.876  17.294  85.926 148.891  16.576  84.846 149.831  16.638  87.020
 149.170  15.621  84.892 150.981  16.039  87.381 150.098  14.818  87.971 148.262
  15.354  85.549 151.836  15.157  86.779 151.215  14.562  88.480 149.428  14.492
  88.904 148.151  14.306  85.073 153.178  14.911  87.360 152.132  13.605  85.876
 153.987  14.118  86.806 153.210  13.620  84.053 149.706  17.257  85.677 155.377
  13.817  86.175 156.074  12.676  85.429 156.271  14.764  86.530 155.507  11.683
  86.182 157.561  12.682  85.450 157.444  14.880  85.848 158.394  13.840  85.965
 159.596  13.855  86.496 158.048  11.851  83.933 153.629  15.377  82.804 153.105
  14.925  89.528 148.744  15.368  90.677 148.780  16.228  90.843 147.837  17.343
  91.786 149.737  16.174  91.910 147.814  18.034  92.636 149.727  17.068  92.694
 148.771  17.856
  85.139 147.877  16.887  85.339 148.997  16.448  84.209 149.814  16.262  86.692
 149.348  15.979  84.264 151.121  15.871  87.188 150.405  15.350  87.799 148.645
  15.973  85.102 152.053  15.276  86.520 151.578  15.011  88.383 149.761  15.244
  88.888 148.410  15.130  84.611 153.357  14.985  87.272 152.543  14.235  85.590
 154.247  14.383  86.706 153.568  14.121  83.382 149.408  16.684  85.475 155.581
  14.057  86.050 156.244  12.856  85.366 156.502  14.983  86.423 155.619  11.876
  86.118 157.715  12.867  85.533 157.664  15.025  85.988 158.613  14.009  86.145
 159.842  14.070  86.465 158.064  11.982  83.328 153.705  15.352  82.669 154.491
  14.526  89.338 148.950  16.271  90.485 149.261  17.055  91.622 148.451  17.066
  90.743 150.530  17.680  92.723 148.938  17.405  91.934 150.848  18.017  92.822
 150.005  18.028
  85.106 148.074  17.060  85.382 149.238  16.670  84.355 150.099  16.677  86.670
 149.480  15.875  84.467 151.325  16.142  87.055 150.411  15.060  87.723 148.687
  15.795  85.223 152.204  15.294  86.452 151.635  14.674  88.225 149.755  14.825
  88.699 148.518  14.819  84.780 153.484  15.003  87.029 152.524  13.717  85.625
 154.344  14.252  86.581 153.599  13.814  83.487 149.793  17.100  85.517 155.722
  14.108  85.860 156.454  12.886  85.521 156.607  15.099  86.111 155.929  11.849
  85.966 157.888  12.946  85.683 157.822  15.209  85.926 158.773  14.112  86.085
 159.996  14.091  86.114 158.308  12.036  83.600 153.895  15.554  82.692 154.508
  14.792  89.216 149.268  15.845  90.080 149.321  17.058  91.292 148.536  17.177
  89.907 150.304  18.131  92.031 148.798  18.153  90.855 150.433  18.906  91.667
 149.519  19.077
  84.626 148.021  17.440  84.905 149.052  16.787  84.068 150.125  16.880  86.087
 149.117  15.887  84.227 151.252  16.205  86.667 150.036  15.074  87.073 148.252
  15.741  85.075 151.983  15.355  86.209 151.257  14.711  87.693 149.241  14.770
  88.017 147.936  14.786  84.824 153.328  15.047  87.025 151.943  13.754  85.688
 153.927  14.188  86.590 153.053  13.696  83.142 149.874  17.206  85.752 155.344
  13.901  86.310 155.933  12.652  85.487 156.318  14.677  86.819 155.231  11.735
  86.324 157.359  12.546  85.590 157.494  14.686  86.056 158.307  13.602  86.326
 159.493  13.600  86.663 157.790  11.694  83.777 154.056  15.537  82.611 153.826
  15.038  88.645 148.400  15.872  89.826 148.900  16.478  91.100 148.320  16.192
  89.854 149.900  17.483  92.068 148.749  16.851  90.876 150.029  18.183  91.996
 149.651  17.728
  84.232 147.800  17.273  84.398 148.790  16.623  83.431 149.756  16.540  85.718
 148.949  15.906  83.614 150.919  15.879  86.275 149.895  15.188  86.785 148.123
  15.833  84.470 151.859  15.332  85.752 151.195  14.945  87.372 149.180  14.901
  87.883 147.898  15.042  84.240 153.270  15.077  86.571 152.035  14.079  85.256
 153.985  14.487  86.200 153.132  14.158  82.606 149.638  17.118  85.278 155.402
  14.287  85.751 156.028  13.046  85.499 156.248  15.239  85.671 155.442  11.994
  86.131 157.448  13.073  85.861 157.349  15.324  86.317 158.232  14.196  86.721
 159.371  14.233  86.372 157.871  12.184  83.023 153.842  15.447  82.452 154.678
  14.576  88.321 148.627  16.123  89.420 148.941  17.006  90.534 149.786  16.708
  89.391 148.519  18.410  91.344 149.984  17.641  90.418 148.609  19.074  91.410
 149.275  18.696
  84.564 147.999  17.095  84.733 149.041  16.484  83.751 149.982  16.325  86.135
 149.397  16.100  83.950 151.182  15.759  86.715 150.343  15.375  87.226 148.568
  16.171  84.865 152.160  15.303  86.252 151.547  15.025  87.877 149.673  15.428
  88.426 148.377  15.455  84.503 153.460  14.989  87.176 152.497  14.428  85.506
 154.245  14.452  86.623 153.554  14.263  82.826 149.767  16.679  85.352 155.699
  14.246  85.490 156.413  12.934  85.560 156.612  15.192  85.356 155.849  11.886
  85.699 157.856  12.964  85.793 157.738  15.265  85.934 158.725  14.133  86.309
 159.885  14.056  85.826 158.228  12.030  83.286 153.969  15.241  82.549 154.413
  14.282  88.685 148.975  16.669  89.758 149.320  17.519  90.924 149.968  17.018
  89.895 148.915  18.891  91.904 150.114  17.767  91.001 149.015  19.487  91.857
 149.721  18.947
  85.534 148.413  16.802  85.551 149.436  16.145  84.457 150.325  16.217  86.721
 149.776  15.356  84.371 151.512  15.734  87.017 150.826  14.553  87.793 149.078
  15.118  85.064 152.431  14.923  86.370 151.965  14.324  88.148 150.211  14.169
  88.749 148.951  14.103  84.534 153.714  14.693  86.953 152.882  13.376  85.329
 154.609  13.881  86.346 153.924  13.383  83.904 150.228  17.060  85.018 155.950
  13.684  85.722 156.811  12.691  84.861 156.766  14.676  86.213 156.360  11.626
  85.904 158.253  12.934  85.125 157.892  14.908  85.617 158.960  14.068  85.964
 160.124  14.266  86.274 158.846  12.200  83.323 154.095  15.321  82.387 154.670
  14.599  89.287 149.515  15.210  90.392 149.454  16.146  91.784 149.491  15.683
  90.331 149.533  17.569  92.732 149.516  16.478  91.324 149.601  18.284  92.410
 149.313  17.704
  85.534 148.001  16.193  85.476 149.073  15.603  84.425 149.925  15.798  86.506
 149.398  14.541  84.316 151.079  15.129  86.795 150.436  13.810  87.584 148.648
  14.184  84.974 152.098  14.476  86.187 151.618  13.709  87.939 149.876  13.374
  88.510 148.670  13.144  84.525 153.486  14.555  86.759 152.705  12.953  85.225
 154.425  13.785  86.161 153.752  13.178  83.789 149.583  16.508  84.958 155.894
  13.647  85.610 156.712  12.650  84.665 156.726  14.669  85.978 156.183  11.671
  85.744 158.148  12.899  84.734 157.863  14.972  85.389 158.897  14.112  85.590
 160.045  14.364  86.216 158.756  12.240  83.463 153.877  15.314  82.304 154.022
  14.696  89.181 149.197  14.259  90.252 149.245  15.132  91.652 149.324  14.730
  90.000 149.571  16.499  92.493 149.589  15.606  90.950 149.792  17.255  92.072
 150.043  16.712
  85.198 148.243  15.848  85.236 149.310  15.309  84.153 150.192  15.424  86.390
 149.677  14.465  84.049 151.430  14.930  86.715 150.782  13.730  87.470 148.955
  14.204  84.787 152.426  14.292  86.088 152.012  13.589  87.864 150.159  13.365
  88.323 148.881  13.100  84.365 153.782  14.295  86.697 152.935  12.748  85.171
 154.663  13.598  86.121 153.971  12.961  83.295 149.816  15.812  84.992 156.008
  13.752  84.995 156.966  12.626  85.375 156.630  14.802  84.676 156.592  11.442
  85.321 158.350  12.936  85.655 157.700  15.165  85.644 158.896  14.235  85.853
 160.076  14.374  85.386 159.006  12.166  83.283 154.156  15.028  82.220 154.600
  14.416  89.039 149.316  14.139  90.318 149.662  14.573  91.310 150.341  13.774
  90.687 149.683  16.002  92.142 151.022  14.272  91.601 150.381  16.381  92.337
 150.988  15.514
  85.258 147.574  14.008  85.297 148.785  13.929  84.201 149.554  14.304  86.504
 149.471  13.451  84.123 150.887  14.273  86.816 150.686  13.177  87.683 148.927
  13.079  84.766 152.072  13.996  86.134 151.820  13.360  87.970 150.285  12.661
  88.715 149.209  12.163  84.146 153.313  14.300  86.772 153.095  13.039  84.942
 154.425  13.909  86.072 154.053  13.336  83.381 149.066  14.643  84.578 155.804
  13.995  84.844 156.800  12.935  84.652 156.426  15.151  84.831 156.467  11.775
  85.133 158.151  13.317  84.908 157.527  15.498  85.208 158.696  14.666  85.410
 159.865  14.866  85.103 158.883  12.617  82.981 153.365  14.978  82.033 154.270
  14.613  89.114 149.294  13.465  90.222 149.330  14.362  91.240 150.354  14.330
  90.651 148.276  15.143  92.337 150.130  14.840  91.745 148.189  15.654  92.551
 149.125  15.553
  85.364 147.780  13.777  85.405 148.985  13.556  84.390 149.729  14.070  86.615
 149.662  12.952  84.226 150.970  13.687  86.919 150.922  12.675  87.793 149.092
  12.625  84.865 152.188  13.489  86.194 152.069  12.823  88.159 150.573  12.331
  88.921 149.466  11.898  84.334 153.464  13.900  86.784 153.304  12.470  85.097
 154.643  13.542  86.189 154.209  12.892  83.537 149.229  14.294  84.841 156.009
  13.880  84.586 157.046  12.890  85.141 156.589  15.005  84.203 156.782  11.729
  84.847 158.447  13.259  85.393 157.678  15.337  85.363 158.901  14.522  85.703
 160.029  14.829  84.656 159.088  12.497  83.101 153.475  14.552  82.258 154.543
  14.564  89.179 149.578  13.221  90.212 149.639  14.255  91.139 150.655  14.468
  90.230 148.704  15.330  92.016 150.571  15.356  91.098 148.731  16.260  91.872
 149.727  16.243
  85.310 148.022  13.136  85.440 149.224  13.305  84.404 149.933  13.877  86.663
 149.910  12.949  84.319 151.237  13.997  87.100 151.134  12.889  87.732 149.380
  12.322  85.047 152.392  13.815  86.439 152.268  13.265  88.171 150.769  12.228
  88.680 149.794  11.457  84.474 153.643  14.192  87.063 153.487  12.872  85.236
 154.763  13.861  86.375 154.413  13.267  83.541 149.445  14.082  84.914 156.140
  14.085  84.856 157.062  12.934  85.349 156.870  15.099  84.626 156.610  11.865
  84.948 158.525  13.152  85.429 158.044  15.308  85.291 159.161  14.344  85.312
 160.350  14.509  84.817 159.138  12.355  83.263 153.693  14.923  82.320 154.415
  14.388  89.261 149.517  12.689  90.395 149.520  13.596  91.500 150.452  13.423
  90.667 148.629  14.662  92.550 150.365  14.116  91.725 148.725  15.341  92.645
 149.393  14.904
  85.622 147.576  14.123  85.480 148.785  13.865  84.403 149.592  14.367  86.526
 149.425  13.035  84.372 150.963  14.227  86.762 150.655  12.594  87.589 148.781
  12.466  84.876 152.140  13.768  86.079 151.838  12.863  87.796 150.193  11.864
  88.374 149.033  11.336  84.392 153.417  14.051  86.545 153.017  12.197  85.079
 154.486  13.444  86.074 153.966  12.709  83.701 149.156  14.952  84.901 155.871
  13.627  84.561 156.787  12.539  85.362 156.593  14.694  84.100 156.325  11.513
  84.697 158.206  12.791  85.528 157.756  14.865  85.227 158.831  13.934  85.286
 159.997  14.011  84.286 158.813  12.091  83.275 153.532  14.936  82.544 154.627
  14.859  89.060 149.412  12.453  90.383 149.604  12.982  91.459 150.298  12.356
  90.704 149.275  14.336  92.563 150.341  12.919  91.828 149.564  14.831  92.700
 150.062  14.132
  85.810 147.647  14.871  85.805 148.804  14.424  84.887 149.607  15.074  86.651
 149.293  13.388  84.703 150.876  14.734  86.842 150.486  12.818  87.613 148.707
  12.625  85.257 151.988  14.150  86.299 151.685  13.092  87.712 150.018  11.931
  87.969 148.796  11.324  84.809 153.186  14.446  86.773 152.822  12.382  85.393
 154.249  13.708  86.286 153.810  12.863  84.288 149.218  15.793  85.037 155.644
  13.846  84.974 156.625  12.679  85.226 156.319  14.887  84.671 156.158  11.543
  85.151 158.090  12.927  85.452 157.470  15.170  85.403 158.630  14.224  85.363
 159.848  14.481  84.906 158.744  12.193  83.767 153.374  15.374  82.701 153.894
  14.920  88.994 149.082  12.211  90.383 149.450  12.437  91.280 149.588  11.325
  90.899 149.939  13.643  92.356 150.161  11.443  91.906 150.626  13.599  92.640
 150.696  12.537
  86.488 147.557  14.358  86.350 148.760  14.154  85.634 149.538  15.031  86.945
 149.400  12.966  85.256 150.782  14.721  86.873 150.594  12.359  87.772 148.888
  12.097  85.324 151.927  13.998  86.230 151.732  12.750  87.593 150.087  11.353
  88.029 148.933  10.791  84.774 153.163  14.331  86.361 152.865  11.945  85.090
 154.215  13.421  85.826 153.816  12.388  85.273 149.056  15.846  84.693 155.539
  13.669  84.831 156.625  12.687  84.995 156.124  14.858  84.547 156.410  11.575
  85.251 157.920  13.192  85.280 157.181  15.285  85.586 158.376  14.484  85.987
 159.538  14.596  85.318 158.621  12.464  83.928 153.374  15.427  82.729 152.808
  15.351  89.066 149.411  11.528  90.460 149.641  11.524  91.468 148.575  11.304
  91.134 150.831  11.815  92.675 148.743  11.506  92.319 150.862  12.080  93.101
 149.901  11.842
  86.184 147.271  14.058  86.145 148.448  13.829  85.525 149.279  14.745  86.755
 148.985  12.597  85.317 150.571  14.560  86.821 150.145  12.063  87.395 148.407
  11.634  85.686 151.729  13.796  86.449 151.413  12.506  87.420 149.686  10.977
  87.682 148.523  10.316  85.402 153.024  14.190  86.765 152.565  11.674  85.818
 154.007  13.303  86.360 153.534  12.245  85.001 148.778  15.453  85.635 155.428
  13.509  85.448 156.438  12.413  85.903 156.121  14.637  85.197 156.065  11.306
  85.524 157.831  12.668  86.022 157.274  14.935  85.831 158.424  13.935  85.941
 159.628  14.096  85.402 158.484  11.903  84.725 153.262  15.348  83.544 153.919
  15.394  88.810 148.864  10.994  90.216 148.842  10.919  90.990 147.637  11.019
  91.060 149.994  10.947  92.159 147.680  11.271  92.280 149.879  11.229  92.800
 148.774  11.132
  85.516 147.226  14.164  85.597 148.407  13.894  85.103 149.319  14.769  86.186
 148.796  12.637  85.084 150.613  14.610  86.480 149.999  12.120  86.797 148.141
  11.672  85.592 151.686  13.868  86.320 151.283  12.605  87.008 149.459  10.972
  86.965 148.243  10.308  85.411 153.036  14.268  86.769 152.423  11.906  85.858
 154.008  13.442  86.455 153.460  12.416  84.528 149.043  15.556  85.647 155.383
  13.501  85.797 156.319  12.381  85.667 156.183  14.574  85.875 155.842  11.245
  86.080 157.826  12.639  85.877 157.338  14.849  86.130 158.476  13.913  86.390
 159.619  14.154  86.084 158.425  11.822  84.587 153.405  15.318  83.322 153.297
  15.124  88.161 148.334  10.900  89.497 147.957  10.877  89.917 146.581  10.974
  90.600 148.804  10.448  91.033 146.238  10.564  91.692 148.311  10.164  91.913
 147.119  10.380
  85.630 147.245  13.994  85.639 148.431  13.666  84.970 149.374  14.511  86.403
 148.876  12.472  84.970 150.691  14.345  86.731 150.061  11.983  86.809 148.168
  11.349  85.376 151.748  13.616  86.338 151.297  12.486  87.367 149.533  10.950
  87.069 148.535  10.023  84.998 153.068  13.868  86.831 152.442  11.734  85.581
 154.007  13.083  86.375 153.477  12.188  84.639 149.048  15.411  85.416 155.402
  13.341  85.407 156.448  12.403  85.656 156.037  14.549  85.142 156.231  11.232
  85.650 157.813  12.804  85.782 157.156  15.018  85.800 158.359  14.129  85.974
 159.561  14.356  85.450 158.522  12.109  84.099 153.304  14.863  83.112 154.143
  14.682  88.204 148.175  10.683  89.520 147.527  10.587  89.943 146.343  11.334
  90.719 148.167   9.947  91.167 146.119  11.534  91.831 147.659  10.096  91.956
 146.545  10.711
  85.871 147.424  13.633  85.986 148.640  13.638  85.432 149.384  14.653  86.458
 149.244  12.432  85.198 150.661  14.563  86.680 150.448  12.033  87.007 148.644
  11.414  85.519 151.859  13.903  86.385 151.643  12.666  87.290 150.046  10.929
  87.166 148.934  10.084  85.099 153.121  14.366  86.834 152.870  12.074  85.546
 154.230  13.599  86.309 153.771  12.653  85.034 148.888  15.441  85.131 155.553
  13.814  84.893 156.449  12.708  85.609 156.273  14.844  84.465 155.988  11.653
  85.088 157.930  12.951  85.781 157.403  15.035  85.404 158.579  14.170  85.567
 159.785  14.300  84.823 158.605  12.243  84.246 153.303  15.448  82.990 153.318
  15.201  88.346 148.958  10.713  89.750 148.751  10.722  90.382 147.873  11.664
  90.655 149.518   9.946  91.606 147.805  11.686  91.894 149.380  10.171  92.293
 148.470  10.892
  86.347 147.400  13.475  86.333 148.593  13.412  85.634 149.295  14.425  86.968
 149.320  12.227  85.383 150.618  14.425  87.022 150.531  11.934  87.611 148.823
  11.145  85.678 151.745  13.826  86.507 151.640  12.552  87.704 150.302  10.805
  87.899 149.301   9.863  85.204 153.011  14.321  86.840 152.868  12.004  85.544
 154.142  13.606  86.353 153.783  12.595  85.129 148.793  15.146  85.143 155.445
  13.851  85.074 156.619  12.941  85.252 155.994  15.051  84.924 156.423  11.711
  85.193 157.935  13.409  85.306 157.098  15.511  85.300 158.348  14.751  85.451
 159.494  15.164  85.097 158.730  12.789  84.436 153.112  15.502  83.179 152.694
  15.483  89.027 149.463  10.637  90.470 149.377  10.658  91.219 149.365  11.932
  91.371 149.527   9.532  92.481 149.130  11.905  92.594 149.499   9.712  93.040
 149.481  10.843
  86.781 147.581  12.968  86.552 148.787  12.933  85.791 149.318  13.876  87.162
 149.647  11.922  85.485 150.638  14.032  87.286 150.942  11.809  87.991 149.326
  10.973  85.762 151.889  13.624  86.753 152.026  12.516  88.144 150.742  10.833
  88.387 149.874   9.773  85.127 153.029  14.179  87.215 153.345  12.185  85.557
 154.172  13.704  86.474 154.107  12.761  85.555 148.695  14.639  85.192 155.446
  14.208  84.256 156.281  13.437  85.925 156.230  14.950  83.435 155.847  12.687
  84.256 157.701  13.768  85.943 157.367  15.190  85.102 158.396  14.642  85.047
 159.585  14.881  83.568 158.272  13.292  84.171 153.008  15.124  83.163 152.219
  14.997  89.467 149.872  10.578  90.918 149.612  10.769  91.553 149.335  12.031
  91.836 149.661   9.744  92.756 149.122  12.104  93.064 149.527   9.948  93.472
 149.177  11.094
  86.748 147.533  11.936  86.710 148.743  12.287  85.717 149.159  13.117  87.775
 149.669  11.820  85.469 150.514  13.362  87.920 150.970  11.813  88.828 149.393
  11.048  85.809 151.878  13.036  87.129 151.967  12.293  89.054 150.852  11.093
  89.383 150.059  10.046  85.127 153.002  13.575  87.572 153.354  12.169  85.691
 154.288  13.309  86.794 154.112  12.649  85.076 148.463  13.479  85.235 155.547
  13.674  85.279 156.605  12.756  85.459 156.124  14.873  85.149 156.405  11.562
  85.398 157.977  13.213  85.604 157.194  15.276  85.673 158.470  14.515  85.857
 159.621  14.837  85.539 158.604  12.430  83.991 152.810  14.342  83.044 153.748
  14.356  90.321 149.810  11.023  91.733 149.861  11.406  92.234 149.243  12.613
  92.796 150.471  10.616  93.440 149.255  12.898  93.917 150.401  10.989  94.212
 149.906  12.133
  87.168 147.707  12.333  87.087 148.929  12.485  86.186 149.367  13.456  87.923
 149.883  11.801  85.673 150.554  13.607  87.943 151.213  11.736  88.969 149.698
  10.934  85.967 151.933  13.414  87.115 152.102  12.376  88.955 151.197  10.880
  89.500 150.419   9.893  85.382 153.042  14.052  87.384 153.437  12.020  85.792
 154.377  13.623  86.668 154.164  12.670  85.793 148.580  13.958  85.371 155.574
  14.132  84.803 156.697  13.214  85.986 156.175  15.121  84.274 156.477  12.154
  84.959 158.074  13.706  86.144 157.303  15.549  85.618 158.564  14.839  85.686
 159.734  15.137  84.475 158.816  13.213  84.485 152.913  15.057  83.526 152.007
  14.943  90.389 150.486  10.916  91.753 150.275  11.264  92.172 150.383  12.627
  92.735 149.755  10.380  93.265 150.009  12.912  93.865 149.547  10.798  94.064
 149.515  12.081
  87.382 147.901  11.955  87.088 149.077  12.179  86.033 149.496  13.018  88.022
 150.118  11.661  85.751 150.769  13.358  88.102 151.470  11.736  89.120 149.915
  10.966  86.053 152.162  13.143  87.285 152.383  12.308  89.238 151.370  10.966
  89.875 150.534  10.058  85.341 153.213  13.743  87.602 153.771  12.093  85.829
 154.506  13.537  86.933 154.424  12.842  85.437 148.755  13.369  85.259 155.701
  13.966  85.158 156.804  13.105  85.461 156.161  15.157  84.912 156.643  11.885
  85.268 158.155  13.668  85.569 157.275  15.662  85.499 158.515  15.020  85.559
 159.637  15.420  84.956 158.893  13.048  84.217 152.986  14.510  84.307 153.162
  15.797  90.627 150.433  11.159  91.906 149.974  11.599  92.420 150.152  12.862
  92.922 149.424  10.677  93.604 149.816  13.163  94.058 149.312  11.049  94.406
 149.676  12.189
  88.138 147.656  12.690  87.833 148.829  12.768  86.706 149.186  13.428  88.707
 149.884  12.123  86.330 150.450  13.552  88.611 151.180  11.921  89.937 149.744
  11.575  86.452 151.737  13.233  87.611 152.012  12.288  89.802 151.204  11.271
  90.561 150.389  10.509  85.590 152.773  13.767  87.551 153.347  11.811  85.947
 154.052  13.432  86.852 154.044  12.497  86.129 148.493  13.889  85.477 155.319
  14.017  85.086 156.454  13.264  85.950 155.638  15.211  84.566 156.303  12.158
  85.220 157.769  13.948  86.071 156.708  15.772  85.691 158.044  15.288  85.763
 159.096  15.861  84.693 158.459  13.425  84.574 152.530  14.672  85.009 152.387
  15.937  91.228 150.526  11.707  92.466 150.411  12.392  92.818 151.371  13.404
  93.358 149.307  12.395  93.769 151.148  14.126  94.322 149.250  13.131  94.328
 150.038  14.091
  88.023 147.292  13.501  87.744 148.474  13.370  86.518 149.033  13.898  88.720
 149.431  12.695  86.212 150.319  13.962  88.731 150.719  12.421  89.840 149.104
  12.124  86.610 151.547  13.508  87.869 151.671  12.731  89.906 150.584  11.641
  90.572 149.499  11.000  85.842 152.663  13.913  88.074 153.054  12.275  86.256
 153.978  13.496  87.286 153.837  12.739  85.823 148.443  14.340  85.790 155.237
  13.858  85.266 156.262  12.908  85.983 155.838  15.039  84.902 155.990  11.825
  85.283 157.633  13.375  86.020 156.909  15.499  85.608 158.131  14.669  85.547
 159.319  14.947  84.768 158.310  12.824  84.689 152.520  14.727  84.703 151.918
  15.946  91.279 149.864  12.101  92.590 149.916  12.704  92.866 150.997  13.587
  93.651 148.924  12.747  93.984 151.060  14.173  94.625 149.031  13.492  94.747
 150.065  14.159
  88.206 147.641  14.112  87.909 148.797  13.836  86.871 149.320  14.628  88.634
 149.590  12.827  86.418 150.504  14.605  88.510 150.873  12.432  89.692 149.301
  12.101  86.571 151.809  14.070  87.641 151.839  12.896  89.550 150.725  11.545
  90.182 149.686  10.836  85.919 152.957  14.531  87.710 153.089  12.268  86.111
 154.156  13.826  86.967 153.886  12.876  86.471 148.635  15.257  85.518 155.403
  14.011  85.269 156.372  12.938  85.826 156.111  15.098  84.979 155.969  11.787
  85.340 157.853  13.274  85.917 157.241  15.416  85.691 158.367  14.534  85.847
 159.524  14.802  85.176 158.512  12.522  85.083 152.912  15.618  85.567 152.588
  16.807  91.030 150.045  11.921  92.395 150.108  12.385  92.832 151.016  13.404
  93.499 149.348  11.874  94.042 151.165  13.611  94.662 149.556  12.289  94.783
 150.250  13.333
  89.045 148.030  14.720  88.393 149.026  14.386  87.366 149.469  15.211  88.789
 149.721  13.180  86.717 150.634  14.900  88.525 150.939  12.686  89.719 149.424
  12.257  86.725 151.865  14.305  87.715 151.935  13.120  89.444 150.730  11.703
  90.065 149.827  10.991  85.938 152.931  14.733  87.667 153.204  12.424  86.024
 154.090  13.979  86.924 153.933  12.992  87.171 148.919  16.039  85.367 155.371
  14.153  85.266 156.376  13.069  85.398 156.084  15.304  85.200 156.036  11.936
  85.318 157.766  13.371  85.507 157.254  15.600  85.508 158.352  14.647  85.666
 159.480  14.883  85.039 158.461  12.688  85.044 152.934  15.835  85.364 152.390
  17.016  90.915 150.403  11.839  92.250 150.909  12.034  92.643 151.400  13.287
  93.291 150.812  11.033  93.848 151.374  13.559  94.437 151.060  11.460  94.721
 151.299  12.631
  88.521 147.773  14.440  88.071 148.864  14.141  87.034 149.295  14.878  88.648
 149.614  13.054  86.542 150.551  14.711  88.502 150.843  12.654  89.705 149.311
  12.278  86.646 151.840  14.091  87.626 151.852  13.004  89.448 150.706  11.719
  90.101 149.708  10.998  85.838 152.937  14.448  87.698 153.112  12.342  86.123
 154.141  13.778  87.050 153.945  12.946  86.770 148.728  15.675  85.523 155.365
  14.021  85.171 156.341  13.017  85.540 155.977  15.192  84.878 156.013  11.856
  85.004 157.723  13.497  85.413 157.074  15.624  85.224 158.245  14.835  85.220
 159.445  15.182  84.717 158.321  12.731  84.867 152.922  15.409  85.119 152.764
  16.702  90.982 150.284  11.893  92.350 150.645  12.249  92.787 151.164  13.538
  93.348 150.875  11.213  93.842 151.778  13.596  94.469 151.356  11.481  94.601
 151.888  12.609
  88.400 148.361  15.059  87.860 149.317  14.568  86.858 149.901  15.265  88.286
 149.854  13.319  86.319 151.033  15.016  88.090 151.022  12.762  89.212 149.430
  12.409  86.376 152.158  14.323  87.356 152.075  13.181  88.911 150.763  11.757
  89.386 149.692  11.100  85.620 153.333  14.639  87.288 153.303  12.297  85.793
 154.451  13.830  86.601 154.108  12.819  86.514 149.375  16.060  85.328 155.765
  14.117  85.069 156.793  13.041  85.414 156.426  15.255  84.794 156.497  11.900
  85.168 158.215  13.419  85.505 157.533  15.625  85.515 158.746  14.737  85.661
 159.894  14.924  85.245 158.875  12.653  84.791 153.321  15.734  85.338 153.399
  16.944  90.469 150.220  11.735  91.893 150.276  11.957  92.459 151.134  12.920
  92.879 149.944  10.958  93.621 151.621  12.807  94.042 150.358  10.996  94.388
 151.083  11.959
  87.823 147.750  14.214  87.648 148.965  14.179  86.803 149.600  15.129  88.095
 149.646  12.981  86.491 150.914  15.097  87.907 150.899  12.527  88.754 149.202
  11.903  86.532 152.112  14.411  87.231 152.008  13.048  88.548 150.683  11.413
  88.918 149.653  10.628  86.069 153.333  14.919  87.139 153.227  12.305  86.238
 154.481  14.113  86.822 154.174  12.996  86.575 149.133  15.999  85.709 155.780
  14.464  85.109 156.746  13.484  86.003 156.460  15.520  84.623 156.350  12.404
  85.158 158.167  13.738  86.012 157.659  15.767  85.619 158.759  14.930  85.611
 159.954  15.160  84.695 158.710  13.019  85.510 153.411  16.205  86.194 153.153
  17.264  89.994 150.053  11.397  91.293 150.575  11.454  91.880 151.268  12.629
  92.296 150.383  10.440  93.062 151.411  12.759  93.488 150.661  10.668  93.771
 151.227  11.745
  87.645 147.593  13.414  87.479 148.840  13.538  86.587 149.305  14.448  88.278
 149.789  12.715  86.267 150.609  14.589  88.395 151.043  12.589  89.211 149.483
  11.900  86.579 151.931  14.304  87.656 152.068  13.194  89.300 150.950  11.602
  89.571 149.969  10.647  85.857 152.983  14.836  87.825 153.441  12.805  86.100
 154.270  14.283  87.058 154.112  13.375  86.029 148.649  14.982  85.532 155.528
  14.620  84.978 156.361  13.555  85.938 156.306  15.542  84.578 155.848  12.588
  84.968 157.834  13.758  85.905 157.466  15.778  85.431 158.622  14.897  85.208
 159.841  15.170  84.472 158.385  13.067  84.890 152.823  15.786  85.263 152.227
  16.928  90.610 149.983  11.521  92.039 149.944  11.539  92.781 150.661  12.520
  92.923 149.289  10.704  93.972 150.860  12.429  94.094 149.632  10.648  94.605
 150.411  11.488
  87.999 147.685  13.528  87.772 148.891  13.514  86.740 149.392  14.391  88.482
 149.779  12.584  86.434 150.671  14.398  88.436 151.091  12.295  89.426 149.503
  11.670  86.753 151.935  13.999  87.793 152.106  12.924  89.313 150.933  11.344
  89.880 150.005  10.527  86.122 153.036  14.582  88.008 153.441  12.537  86.482
 154.308  14.180  87.344 154.184  13.216  86.288 148.698  14.973  85.785 155.489
  14.514  84.813 156.213  13.753  86.218 156.329  15.474  84.239 155.702  12.817
  84.510 157.587  14.091  85.976 157.411  15.829  85.090 158.355  15.166  84.857
 159.535  15.390  84.083 158.167  13.378  85.114 152.958  15.551  85.473 152.564
  16.738  90.761 150.288  11.490  92.154 150.453  11.749  92.700 150.640  13.095
  93.257 149.963  10.856  93.896 150.564  13.330  94.402 149.822  11.297  94.632
 150.002  12.502
  88.022 147.758  12.954  87.773 148.958  13.210  86.820 149.239  14.180  88.485
 149.973  12.461  86.542 150.451  14.614  88.491 151.307  12.409  89.467 149.843
  11.565  86.662 151.828  14.297  87.674 152.157  13.128  89.505 151.356  11.528
  90.039 150.591  10.509  85.973 152.808  14.915  87.725 153.526  12.809  86.211
 154.113  14.569  87.026 154.163  13.543  86.295 148.437  14.508  85.607 155.258
  15.129  84.287 155.953  14.882  86.371 156.270  15.440  83.320 155.286  14.527
  84.110 157.372  15.034  86.332 157.410  15.649  85.217 158.285  15.348  85.123
 159.481  15.541  83.189 157.777  14.914  85.005 152.518  15.918  85.475 152.256
  17.099  90.902 150.619  11.533  92.294 150.657  11.831  92.876 151.328  12.913
  93.303 150.020  11.019  94.091 151.173  13.158  94.470 149.878  11.397  94.885
 150.666  12.289
  87.992 148.014  12.837  87.678 149.216  12.936  86.769 149.609  13.871  88.419
 150.171  12.039  86.274 150.875  13.978  88.374 151.483  11.981  89.451 149.999
  11.230  86.501 152.253  13.714  87.634 152.440  12.668  89.402 151.494  11.101
  89.958 150.653  10.148  85.794 153.285  14.226  88.021 153.800  12.456  86.247
 154.604  13.870  87.240 154.532  13.033  86.323 148.983  14.532  85.714 155.789
  14.324  84.308 156.241  14.460  86.394 156.871  14.590  83.409 155.433  14.284
  84.059 157.674  14.681  86.261 158.016  14.827  85.008 158.764  14.881  84.694
 159.996  14.943  83.102 157.976  14.547  84.722 153.097  15.079  84.869 152.966
  16.374  90.767 150.677  11.249  92.101 150.644  11.654  92.482 150.725  13.065
  93.242 150.403  10.785  93.667 150.786  13.346  94.426 150.401  11.265  94.592
 150.564  12.511
