#Frame       SA_00001
       1     498.7732
       2     498.4867
       3     498.3960
       4     495.9316
       5     498.6784
       6     502.6229
       7     501.2833
       8     500.3297
       9     497.0746
      10     499.4661
      11     496.7920
      12     495.1415
      13     505.1197
      14     498.3415
      15     497.9555
      16     497.6484
      17     495.2762
      18     496.7989
      19     497.7549
      20     493.3918
      21     495.4890
      22     497.5544
      23     496.6283
      24     496.4786
      25     498.1593
      26     498.9651
      27     499.1274
      28     497.0317
      29     490.9159
      30     498.9775
      31     493.9470
      32     497.7532
      33     496.4371
      34     495.0584
      35     501.5398
      36     498.0046
      37     501.3014
      38     502.6827
      39     501.4805
      40     497.9066
      41     502.3899
      42     500.4354
      43     499.6066
      44     500.7782
      45     494.1661
      46     500.6871
      47     502.8104
      48     499.3142
      49     505.3277
      50     497.3065
