#Frame       SA_00001
       1   20690.8941
       2   22026.5960
       3   22693.9068
       4   22938.5774
       5   23337.2519
       6   23411.0753
       7   23649.2155
       8   23535.2903
       9   23621.1337
      10   23706.0308
      11   23888.2058
      12   23539.0744
      13   23649.6856
      14   23869.5765
      15   24269.9997
      16   23864.0209
      17   23732.4952
      18   24174.0056
      19   24428.9146
      20   24148.4269
      21   23916.6459
      22   23855.6618
      23   24264.7208
      24   24316.1975
      25   24511.6389
      26   24104.8159
      27   24006.4415
      28   23925.3365
      29   23751.0266
      30   24192.8244
      31   24305.0255
      32   24188.8459
      33   24216.1705
      34   24197.6737
      35   24183.8582
      36   23870.0323
      37   23725.4911
      38   23729.7868
      39   23801.8621
      40   23936.1899
      41   23854.2502
      42   23660.2707
      43   23486.9986
      44   23896.2516
      45   23769.9681
      46   23997.8355
      47   24217.9056
      48   23999.7738
      49   23932.0407
      50   23933.3449
