Cpptraj Generated trajectory                                                    
  84.674 149.270  18.183  83.599 149.997  17.550  84.451 148.510  16.921  82.862
 150.306  16.558  84.008 148.365  15.740  83.000 149.448  15.247  81.679 148.983
  14.762  83.260 150.230  13.820  82.103 149.673  13.810  83.762 151.435  13.910
  85.214 151.779  13.899  82.871 152.620  14.150  85.172 153.040  14.158  83.726
 153.570  14.345  84.901 154.363  14.616  85.036 155.698  14.325  85.417 156.280
  13.005  84.917 156.693  15.132  85.510 155.615  11.981  85.518 157.764  12.902
  85.007 157.885  15.022  85.321 158.818  13.893  85.494 160.011  13.831  85.839
 158.044  11.983  83.611 148.442  18.388  81.481 147.030  22.937  82.051 146.846
  21.335  82.555 147.913  20.636  82.258 145.684  20.698  82.615 149.148  21.085
  82.994 147.561  19.383  82.539 145.209  19.665  82.884 146.154  18.973
  84.545 149.468  19.068  83.363 149.784  18.285  84.788 148.818  17.811  82.744
 149.936  17.180  84.619 148.743  16.568  83.395 149.453  15.930  82.664 148.446
  15.052  83.416 150.496  14.795  82.762 149.488  14.337  83.836 151.725  14.453
  84.669 152.520  15.422  83.474 152.423  13.152  85.058 153.429  14.629  84.259
 153.419  13.260  85.231 154.422  13.599  85.011 155.866  13.611  84.983 156.699
  12.416  85.359 156.587  14.635  84.802 156.319  11.296  85.210 158.132  12.601
  85.523 157.726  14.838  85.444 158.820  13.856  85.638 160.064  14.023  85.216
 158.651  11.731  83.816 148.354  19.098  81.249 147.380  23.536  81.789 147.093
  21.886  82.598 148.004  21.235  81.525 146.070  21.120  82.896 149.218  21.763
  82.978 147.646  19.942  81.718 145.542  20.012  82.439 146.350  19.441
  83.931 149.401  19.834  82.824 149.810  18.993  84.148 148.718  18.531  82.209
 149.935  17.848  83.923 148.549  17.262  82.801 149.385  16.562  81.825 148.649
  15.706  83.162 150.228  15.220  82.298 149.421  14.773  83.867 151.259  14.751
  84.828 152.003  15.596  83.816 151.834  13.294  85.216 152.947  14.848  84.552
 152.855  13.375  85.471 153.845  13.760  85.435 155.252  13.647  85.715 156.041
  12.400  85.252 156.185  14.530  86.015 155.526  11.332  85.706 157.490  12.476
  85.251 157.387  14.663  85.493 158.336  13.619  85.651 159.571  13.668  86.015
 157.895  11.600  83.067 148.386  19.808  80.933 146.592  24.245  81.282 146.667
  22.571  82.045 147.642  22.021  80.843 145.766  21.667  82.437 148.740  22.683
  82.296 147.489  20.651  80.804 145.489  20.510  81.657 146.254  20.031
  83.636 149.319  19.737  82.714 150.006  18.822  83.637 148.469  18.520  82.148
 150.231  17.722  83.410 148.248  17.265  82.493 149.288  16.507  81.438 148.714
  15.681  83.012 150.084  15.173  82.067 149.392  14.783  83.904 151.046  14.757
  84.832 151.744  15.650  83.921 151.516  13.348  85.368 152.610  14.890  84.711
 152.506  13.385  85.720 153.458  13.785  85.735 154.784  13.419  86.367 155.428
  12.234  85.245 155.751  14.136  86.923 154.754  11.356  86.495 156.955  12.220
  85.277 156.925  14.144  85.843 157.858  13.138  85.892 159.052  13.147  87.133
 157.382  11.558  82.516 148.547  19.862  81.392 146.076  24.406  81.112 146.738
  22.846  82.098 147.324  22.022  80.022 146.661  22.095  83.278 147.418  22.501
  81.655 147.831  20.775  79.417 147.003  21.135  80.222 147.607  20.437
  83.645 150.023  19.956  82.582 150.683  19.159  83.822 149.375  18.665  82.063
 150.967  18.007  83.580 149.360  17.428  82.475 150.245  16.754  81.373 149.551
  16.030  82.953 150.944  15.394  81.965 150.235  15.046  83.949 151.745  14.893
  84.989 152.382  15.816  84.055 152.113  13.489  85.444 153.295  15.022  84.861
 153.106  13.565  85.811 154.100  13.920  85.715 155.455  13.652  86.152 156.155
  12.484  85.286 156.411  14.475  86.552 155.515  11.579  86.206 157.561  12.452
  85.276 157.603  14.535  85.739 158.463  13.431  85.848 159.697  13.391  86.644
 158.005  11.654  82.622 149.153  19.887  81.372 146.415  24.229  81.193 147.040
  22.592  82.102 147.877  21.981  80.251 146.694  21.707  83.209 148.276  22.665
  81.816 148.299  20.672  79.815 146.857  20.566  80.565 147.731  20.060
  83.789 150.356  19.775  82.661 150.789  18.934  83.999 149.607  18.501  82.097
 150.924  17.827  83.799 149.410  17.282  82.701 150.157  16.569  81.824 149.386
  15.686  83.074 151.088  15.317  82.253 150.232  14.836  83.855 152.184  15.110
  84.610 152.971  16.092  83.987 152.743  13.667  85.215 153.873  15.392  84.729
 153.778  13.850  85.606 154.815  14.397  85.847 156.223  14.178  86.162 156.815
  12.832  85.344 157.133  14.940  86.474 156.092  11.892  86.044 158.294  12.776
  85.159 158.269  14.871  85.481 159.153  13.773  85.382 160.359  13.620  86.458
 158.715  11.952  82.940 149.297  19.831  81.287 146.954  24.320  81.279 147.408
  22.611  82.368 148.142  21.997  80.320 147.288  21.712  83.387 148.578  22.748
  82.072 148.486  20.633  79.920 147.452  20.593  80.828 148.029  19.988
  83.443 150.566  19.557  82.515 150.785  18.478  83.976 149.788  18.430  82.144
 150.768  17.272  84.038 149.474  17.211  82.943 149.936  16.186  82.258 148.821
  15.408  83.366 150.645  14.901  82.715 149.642  14.454  84.004 151.737  14.538
  84.688 152.559  15.595  84.145 152.344  13.180  85.136 153.550  14.918  84.823
 153.392  13.345  85.557 154.520  13.870  85.408 155.844  13.606  86.051 156.605
  12.543  84.991 156.735  14.445  86.522 156.058  11.557  86.097 158.061  12.605
  84.910 157.921  14.541  85.506 158.898  13.612  85.504 160.081  13.585  86.345
 158.502  11.727  82.651 149.457  19.529  80.956 147.150  23.952  81.015 147.507
  22.306  81.913 148.428  21.765  80.343 146.935  21.398  82.785 149.169  22.520
  81.782 148.564  20.333  80.031 146.905  20.172  80.754 147.792  19.647
  83.104 150.459  19.158  82.369 150.527  17.893  83.869 149.730  18.174  82.142
 150.415  16.625  84.170 149.281  17.003  83.222 149.712  15.789  82.687 148.709
  14.816  83.818 150.538  14.556  83.250 149.534  14.013  84.530 151.701  14.411
  84.843 152.483  15.570  84.923 152.350  13.077  85.357 153.562  15.057  85.473
 153.467  13.461  85.822 154.627  14.218  85.325 155.945  14.088  85.167 156.640
  12.774  85.414 156.895  15.000  84.957 155.959  11.758  85.192 158.149  12.797
  85.392 158.107  15.095  85.278 158.990  13.931  85.360 160.223  13.894  85.124
 158.623  11.904  82.549 149.207  19.085  80.727 147.116  23.615  81.082 147.276
  21.890  81.884 148.270  21.298  80.628 146.477  20.893  82.551 149.163  22.027
  81.844 148.251  19.892  80.362 146.372  19.699  81.085 147.262  19.115
  84.746 150.112  19.404  83.708 150.292  18.417  85.364 149.487  18.220  83.288
 150.256  17.210  85.373 149.215  16.943  84.173 149.646  16.093  83.683 148.542
  15.176  84.385 150.514  14.889  83.937 149.462  14.325  84.834 151.746  14.594
  85.376 152.639  15.633  84.884 152.328  13.176  85.761 153.607  14.946  85.463
 153.425  13.401  86.082 154.619  14.010  85.938 155.956  13.691  86.263 156.593
  12.439  85.560 156.856  14.532  86.555 155.974  11.471  86.222 158.039  12.372
  85.541 158.023  14.551  85.894 158.921  13.417  85.973 160.172  13.403  86.619
 158.411  11.517  84.154 148.885  19.320  81.378 146.925  23.256  81.978 147.064
  21.615  82.843 148.064  21.252  81.711 146.279  20.577  83.372 148.952  22.132
  83.200 148.023  19.879  81.892 146.068  19.368  82.638 146.963  19.026
  84.759 149.999  19.280  83.689 150.132  18.316  85.334 149.361  18.082  83.237
 150.109  17.087  85.372 149.108  16.828  84.109 149.529  15.942  83.455 148.537
  14.989  84.276 150.488  14.670  83.646 149.467  14.181  84.821 151.664  14.366
  85.514 152.447  15.410  84.755 152.287  12.957  85.691 153.529  14.755  85.290
 153.399  13.250  85.929 154.525  13.796  85.820 155.904  13.455  85.670 156.524
  12.124  85.711 156.879  14.347  85.805 155.830  11.136  85.593 158.009  12.098
  85.575 158.066  14.314  85.655 158.934  13.154  85.692 160.122  13.183  85.575
 158.459  11.191  84.253 148.748  19.235  81.680 147.054  23.546  82.361 147.011
  21.926  83.094 148.034  21.349  82.190 146.061  21.036  83.300 149.184  22.086
  83.490 147.809  20.005  82.467 145.660  19.945  83.091 146.551  19.373
  84.539 150.540  19.067  83.450 150.509  18.039  85.142 149.757  17.984  83.007
 150.320  16.884  85.235 149.415  16.776  83.979 149.673  15.806  83.460 148.577
  14.900  84.129 150.607  14.498  83.627 149.503  14.028  84.565 151.815  14.207
  85.121 152.668  15.275  84.488 152.451  12.872  85.240 153.760  14.682  84.815
 153.647  13.091  85.239 154.871  13.738  85.370 156.272  13.686  85.537 157.002
  12.403  85.436 157.160  14.667  85.778 156.448  11.302  85.808 158.439  12.441
  85.645 158.338  14.723  85.990 159.242  13.633  86.330 160.374  13.595  85.900
 158.938  11.564  83.893 149.362  19.123  82.241 146.999  23.519  82.634 147.206
  21.876  83.326 148.295  21.314  82.240 146.417  20.875  83.820 149.289  22.086
  83.347 148.330  19.920  82.152 146.237  19.708  82.822 147.126  19.216
  83.627 150.832  18.991  82.915 150.589  17.745  84.655 150.135  18.176  82.879
 150.323  16.523  85.054 149.796  17.030  84.168 149.778  15.852  84.222 148.462
  15.087  84.685 150.505  14.540  84.635 149.289  14.166  84.874 151.815  14.201
  84.829 152.863  15.196  85.188 152.255  12.814  84.928 153.944  14.506  85.093
 153.568  12.955  85.077 154.892  13.489  85.249 156.242  13.198  85.397 156.875
  11.932  85.560 157.116  14.124  85.200 156.232  10.923  85.818 158.293  11.905
  85.938 158.194  14.190  86.159 159.139  13.082  86.591 160.281  13.116  85.950
 158.717  10.994  83.381 149.478  18.952  82.199 147.031  23.445  82.349 147.205
  21.704  82.735 148.364  21.091  82.002 146.278  20.795  83.076 149.424  21.793
  82.800 148.351  19.660  81.833 146.081  19.604  82.190 147.109  19.038
  83.046 150.523  18.627  82.713 150.002  17.321  84.351 150.233  18.128  82.989
 149.625  16.164  85.134 149.898  17.219  84.568 149.533  15.813  84.977 148.277
  15.106  85.066 150.380  14.647  85.369 149.162  14.245  85.097 151.739  14.278
  84.542 152.832  15.107  85.723 152.246  13.013  84.637 153.855  14.366  85.369
 153.445  12.962  84.893 154.743  13.243  85.400 156.042  13.137  86.573 156.381
  12.334  84.959 157.096  13.786  87.238 155.584  11.702  86.914 157.784  12.283
  85.229 158.219  13.813  86.344 158.811  13.018  86.776 159.939  13.033  87.731
 158.018  11.732  83.091 149.148  18.804  82.297 146.636  23.396  82.501 146.898
  21.674  82.797 148.100  21.022  82.393 145.907  20.770  83.001 149.278  21.710
  82.756 148.020  19.660  82.406 145.574  19.616  82.550 146.645  19.049
  83.145 150.349  19.034  82.842 149.964  17.652  84.411 149.881  18.506  83.131
 149.607  16.437  85.182 149.538  17.574  84.682 149.360  16.154  85.237 148.119
  15.497  85.285 150.239  14.965  85.665 149.064  14.700  85.276 151.501  14.570
  84.484 152.524  15.261  86.009 152.104  13.371  84.509 153.557  14.533  85.538
 153.303  13.302  84.767 154.476  13.514  85.171 155.763  13.450  85.683 156.385
  12.221  85.185 156.591  14.395  85.784 155.761  11.168  85.934 157.827  12.307
  85.461 157.712  14.559  85.974 158.644  13.484  86.284 159.835  13.524  86.180
 158.254  11.421  83.081 148.951  19.100  82.259 146.129  23.563  82.449 146.544
  21.898  82.758 147.792  21.368  82.318 145.661  20.903  82.922 148.868  22.058
  82.888 147.822  19.933  82.444 145.449  19.736  82.781 146.514  19.265
  82.470 150.577  18.846  82.309 150.038  17.521  83.814 150.400  18.418  82.720
 149.739  16.351  84.677 150.252  17.470  84.210 149.818  16.050  84.899 148.597
  15.484  84.735 150.693  14.867  85.279 149.516  14.716  84.660 151.948  14.417
  83.821 152.973  15.032  85.505 152.391  13.279  84.051 153.987  14.287  85.183
 153.614  13.216  84.570 154.960  13.321  85.231 156.179  13.313  85.717 156.912
  12.112  85.123 157.067  14.286  85.765 156.377  11.045  85.943 158.334  12.252
  85.410 158.203  14.454  85.921 159.165  13.466  86.240 160.348  13.483  86.014
 158.835  11.374  82.614 149.257  18.907  82.270 146.422  23.294  82.239 146.862
  21.631  82.608 148.088  21.111  81.884 145.959  20.677  82.934 149.117  21.871
  82.468 148.100  19.751  81.674 145.844  19.483  81.950 146.907  18.998
  82.164 150.760  18.428  82.152 150.233  17.043  83.595 150.522  18.185  82.796
 150.015  15.943  84.556 150.380  17.376  84.322 150.114  15.892  85.085 148.981
  15.229  84.951 151.079  14.816  85.556 149.958  14.516  84.695 152.289  14.358
  83.726 153.225  15.048  85.361 152.870  13.069  83.833 154.260  14.334  84.911
 154.094  13.129  84.128 155.273  13.355  84.679 156.554  13.348  85.277 157.242
  12.200  84.976 157.200  14.401  85.384 156.644  11.129  85.896 158.544  12.427
  85.527 158.220  14.622  86.049 159.235  13.656  86.423 160.395  13.859  86.222
 158.989  11.578  82.363 149.369  18.536  82.367 146.580  22.924  82.104 146.994
  21.211  82.506 148.129  20.590  81.376 146.238  20.373  83.214 149.036  21.203
  82.020 148.280  19.275  80.991 146.138  19.268  81.267 147.195  18.685
  82.066 150.865  18.921  82.185 150.294  17.583  83.464 150.999  18.611  82.787
 150.125  16.461  84.466 150.972  17.812  84.308 150.460  16.317  85.081 149.250
  15.855  84.872 151.237  15.096  85.431 150.052  14.944  84.811 152.469  14.604
  83.927 153.530  15.159  85.634 152.951  13.449  84.159 154.502  14.376  85.225
 154.118  13.243  84.597 155.419  13.344  85.281 156.672  13.303  85.772 157.478
  12.142  85.466 157.432  14.352  85.823 156.949  11.111  86.239 158.854  12.378
  85.789 158.585  14.559  86.331 159.584  13.582  86.735 160.703  13.763  86.715
 159.312  11.609  82.571 149.677  19.238  82.315 146.750  23.655  82.051 147.279
  21.948  82.538 148.468  21.359  81.413 146.558  21.107  83.261 149.337  22.105
  82.274 148.510  19.964  81.099 146.392  19.948  81.642 147.293  19.340
  81.340 151.162  18.887  81.308 150.403  17.572  82.740 150.976  18.543  81.898
 150.004  16.496  83.702 150.756  17.754  83.483 150.160  16.352  84.102 148.856
  15.909  84.136 150.851  15.096  84.519 149.644  14.976  84.270 152.039  14.602
  83.689 153.155  15.298  85.045 152.450  13.371  84.111 154.192  14.692  84.913
 153.731  13.361  84.674 155.074  13.784  85.525 156.251  13.770  86.140 156.792
  12.517  85.449 157.242  14.656  86.331 156.067  11.540  86.622 158.209  12.574
  85.784 158.385  14.659  86.433 159.159  13.638  86.761 160.369  13.614  87.080
 158.582  11.751  81.625 149.912  19.246  82.886 148.057  24.068  82.170 148.143
  22.427  82.324 149.081  21.441  81.290 147.248  21.957  83.039 150.231  21.595
  81.668 148.927  20.298  80.516 146.978  21.070  80.747 147.745  20.103
  81.522 151.216  18.517  81.684 150.401  17.278  82.936 151.008  18.460  82.386
 149.948  16.329  83.995 150.684  17.861  83.966 150.025  16.471  84.800 148.791
  16.197  84.818 150.742  15.323  85.295 149.567  15.284  84.779 151.906  14.600
  83.774 152.931  14.978  85.720 152.325  13.486  84.060 153.878  14.214  85.323
 153.466  13.229  84.683 154.749  13.250  85.371 156.010  13.335  85.866 156.864
  12.270  85.448 156.677  14.488  85.911 156.503  11.106  86.372 158.211  12.599
  85.773 157.784  14.760  86.381 158.875  13.911  86.926 159.931  14.173  86.737
 158.610  11.741  81.708 149.878  18.907  81.710 147.359  23.554  81.327 147.818
  21.941  81.966 148.817  21.238  80.372 147.278  21.270  82.968 149.574  21.669
  81.350 148.987  19.939  79.776 147.160  20.177  80.265 148.048  19.508
  81.234 150.844  18.098  81.813 150.041  17.018  82.596 150.897  18.414  82.832
 149.725  16.361  83.825 150.823  18.120  84.300 150.184  16.842  85.265 148.981
  17.046  85.216 150.695  15.746  85.843 149.622  16.117  85.163 151.802  14.940
  84.069 152.755  15.147  86.215 152.267  13.996  84.382 153.743  14.397  85.750
 153.400  13.612  85.015 154.581  13.473  85.362 155.940  13.400  86.331 156.556
  12.418  84.934 156.875  14.254  86.941 155.926  11.562  86.577 157.961  12.617
  85.175 158.030  14.401  85.987 158.833  13.530  86.308 159.980  13.684  87.223
 158.333  11.930  81.538 149.605  18.633  81.657 146.359  22.831  81.014 147.198
  21.405  81.694 148.173  20.636  79.866 146.851  20.825  82.910 148.630  20.893
  80.993 148.607  19.543  79.171 147.089  19.916  79.693 148.033  19.273
  80.941 150.547  17.336  81.905 149.691  16.596  82.219 150.926  17.946  83.087
 149.346  16.259  83.465 150.943  17.917  84.305 150.149  16.848  85.414 149.197
  17.331  85.339 150.802  15.902  86.044 149.809  16.388  85.328 151.887  15.066
  84.125 152.766  14.838  86.585 152.424  14.327  84.573 153.612  14.008  86.121
 153.434  13.673  85.285 154.496  13.139  85.391 155.851  12.972  86.205 156.446
  12.006  85.165 156.746  13.926  86.544 155.834  11.000  86.501 157.907  12.134
  85.413 157.874  14.188  86.152 158.753  13.274  86.450 159.975  13.400  87.044
 158.389  11.428  81.271 149.537  18.236  82.155 146.627  22.423  81.232 147.284
  21.112  81.801 148.092  20.122  79.921 147.228  21.030  83.087 148.371  20.078
  80.833 148.709  19.353  78.953 147.700  20.453  79.342 148.525  19.588
  80.846 150.487  17.802  81.550 149.695  16.770  82.204 150.695  18.139  82.576
 149.450  16.097  83.415 150.800  17.784  83.946 149.958  16.580  84.951 148.840
  16.865  84.826 150.554  15.541  85.509 149.529  15.924  84.888 151.647  14.730
  83.832 152.669  14.711  86.024 151.974  13.782  84.339 153.606  13.942  85.698
 153.170  13.341  85.099 154.439  13.116  85.624 155.767  13.095  86.353 156.519
  11.937  85.532 156.583  14.031  86.641 155.907  10.943  86.695 157.968  12.117
  85.774 157.719  14.250  86.397 158.713  13.309  86.643 159.892  13.467  87.111
 158.531  11.386  81.230 149.299  18.399  82.274 145.651  22.132  81.262 146.767
  21.125  81.803 147.677  20.229  79.986 146.708  21.062  83.077 147.901  20.082
  80.887 148.291  19.428  79.040 147.095  20.410  79.476 147.947  19.617
  80.549 150.272  17.253  81.459 149.470  16.377  81.911 150.617  17.709  82.564
 149.168  15.825  83.161 150.638  17.564  83.872 149.800  16.467  84.875 148.786
  16.850  84.858 150.498  15.486  85.523 149.493  15.965  84.918 151.562  14.686
  83.768 152.458  14.623  86.106 152.030  13.864  84.200 153.423  13.885  85.650
 153.136  13.361  84.919 154.277  12.954  85.279 155.613  12.790  86.237 156.155
  11.898  85.051 156.550  13.681  86.708 155.493  10.993  86.619 157.593  12.053
  85.347 157.648  13.908  86.233 158.479  13.115  86.675 159.593  13.232  87.236
 157.899  11.311  80.953 149.164  17.982  82.140 145.752  21.850  81.122 146.719
  20.730  81.644 147.494  19.714  79.830 146.855  20.841  82.921 147.575  19.531
  80.638 148.249  19.064  78.840 147.402  20.525  79.209 148.141  19.595
  80.597 150.507  17.653  81.368 149.740  16.701  81.987 150.704  18.130  82.362
 149.463  16.054  83.248 150.661  17.880  83.768 149.996  16.589  84.701 148.927
  16.904  84.754 150.623  15.584  85.422 149.633  16.028  84.778 151.703  14.800
  83.577 152.548  14.642  86.009 152.158  14.110  84.091 153.517  13.978  85.611
 153.278  13.681  84.994 154.441  13.275  85.420 155.783  13.399  86.059 156.588
  12.291  85.195 156.604  14.422  86.531 156.063  11.241  86.168 158.038  12.515
  85.258 157.738  14.623  85.749 158.795  13.681  85.828 160.024  13.716  86.427
 158.657  11.757  81.011 149.430  18.360  81.627 145.467  21.728  80.790 146.595
  20.630  81.409 147.669  20.054  79.532 146.490  20.255  82.717 147.838  20.244
  80.592 148.418  19.247  78.620 147.081  19.684  79.159 148.080  19.131
  80.687 151.196  17.732  81.243 150.350  16.732  82.085 151.166  18.045  82.202
 149.881  16.004  83.298 150.924  17.759  83.615 150.275  16.435  84.725 149.206
  16.526  84.466 151.127  15.461  85.229 150.134  15.767  84.449 152.235  14.771
  83.301 153.141  14.750  85.591 152.672  13.906  83.685 154.065  13.992  85.198
 153.808  13.517  84.412 154.973  13.168  84.985 156.258  13.320  85.293 157.156
  12.182  85.273 156.858  14.416  85.169 156.791  11.016  85.852 158.480  12.553
  85.768 157.888  14.756  86.091 159.049  13.906  86.469 160.209  14.209  85.976
 159.136  11.791  80.885 149.948  18.300  81.191 146.281  22.136  80.594 147.432
  21.021  81.304 148.154  20.047  79.312 147.744  21.003  82.642 147.999  19.885
  80.434 149.009  19.340  78.421 148.371  20.462  79.028 148.939  19.546
  79.953 151.186  17.611  80.643 150.418  16.580  81.330 151.288  18.038  81.695
 150.045  15.977  82.598 151.151  17.816  83.091 150.385  16.604  84.051 149.316
  16.881  84.124 151.129  15.778  84.755 150.053  16.192  84.229 152.281  15.043
  83.088 153.144  14.648  85.549 152.811  14.524  83.659 154.138  14.026  85.248
 153.955  14.009  84.558 155.011  13.331  85.025 156.330  13.424  85.642 157.041
  12.332  84.888 157.113  14.450  85.939 156.466  11.300  85.981 158.408  12.504
  85.228 158.234  14.661  85.739 159.171  13.651  85.975 160.323  13.712  86.298
 158.804  11.627  80.269 149.933  18.198  81.486 147.163  22.498  80.566 147.759
  21.106  80.997 148.708  20.157  79.290 147.397  20.823  82.183 149.221  20.218
  79.992 149.023  19.168  78.315 147.508  20.108  78.714 148.300  19.215
  79.554 150.417  16.978  80.615 149.777  16.237  80.793 150.946  17.591  81.863
 149.584  15.918  82.041 151.129  17.592  82.919 150.407  16.598  84.102 149.675
  17.289  83.913 151.231  15.719  84.630 150.491  16.465  83.996 152.165  14.802
  82.802 152.914  14.261  85.301 152.645  14.235  83.345 153.728  13.474  84.922
 153.592  13.450  84.232 154.624  12.756  84.472 156.019  12.888  85.191 156.783
  11.823  84.801 156.535  14.094  85.324 156.285  10.725  85.791 158.048  12.172
  85.324 157.551  14.441  85.918 158.572  13.518  86.419 159.604  13.874  86.141
 158.583  11.385  79.949 149.494  17.799  81.341 146.881  22.184  80.295 147.604
  20.978  80.735 148.368  19.921  78.990 147.408  20.999  82.004 148.613  19.731
  79.661 148.760  19.095  77.973 147.697  20.384  78.272 148.286  19.378
  79.665 150.903  17.714  80.483 150.167  16.759  80.991 151.124  18.164  81.563
 149.858  16.176  82.280 151.141  18.067  82.868 150.335  16.813  83.916 149.278
  17.130  83.857 151.103  15.914  84.532 150.092  16.293  84.015 152.186  15.162
  82.971 153.249  14.902  85.254 152.486  14.294  83.499 154.077  14.072  85.004
 153.652  13.791  84.387 154.837  13.244  84.852 156.170  13.250  85.555 156.777
  12.104  84.871 156.993  14.249  85.821 156.192  11.042  85.849 158.202  12.266
  85.177 158.152  14.391  85.745 159.009  13.371  86.105 160.228  13.447  86.391
 158.639  11.530  80.015 149.757  18.411  80.442 146.443  22.531  79.674 147.324
  21.227  80.320 148.090  20.292  78.398 147.389  20.938  81.640 148.128  20.279
  79.519 148.832  19.397  77.490 147.800  20.286  78.042 148.601  19.478
  80.362 151.244  17.197  81.190 150.287  16.468  81.653 151.361  17.882  82.312
 149.783  16.185  82.930 151.212  17.929  83.585 150.235  16.894  84.615 149.267
  17.303  84.709 150.921  15.928  85.327 149.976  16.490  84.851 151.937  15.002
  83.708 152.791  14.607  86.166 152.266  14.320  84.339 153.643  13.871  85.856
 153.347  13.757  85.252 154.457  13.097  85.671 155.783  13.033  86.310 156.481
  11.921  85.451 156.659  13.981  86.565 155.867  10.957  86.481 157.901  11.952
  85.622 157.832  14.134  86.129 158.811  13.152  86.211 160.012  13.309  86.963
 158.312  11.161  80.423 150.213  18.028  79.439 147.105  22.238  79.240 148.060
  20.824  80.236 148.791  20.110  78.070 148.249  20.253  81.530 148.913  20.476
  79.692 149.397  18.914  77.399 148.710  19.363  78.188 149.249  18.604
  80.280 151.222  16.883  81.168 150.198  16.371  81.429 151.304  17.735  82.334
 149.704  16.165  82.657 151.172  17.976  83.490 150.086  17.074  84.421 149.109
  17.808  84.702 150.641  16.245  85.241 149.733  16.995  84.899 151.534  15.272
  83.769 152.377  14.726  86.285 151.922  14.733  84.370 153.236  14.023  85.978
 152.982  14.047  85.333 154.058  13.322  85.784 155.372  13.431  86.520 156.141
  12.375  85.550 156.248  14.378  86.873 155.568  11.330  86.685 157.576  12.581
  85.616 157.384  14.519  86.227 158.365  13.657  86.361 159.575  13.780  87.029
 158.061  11.761  80.187 150.218  17.764  79.478 147.021  21.857  78.976 148.048
  20.542  79.869 148.618  19.661  77.758 148.413  20.203  81.193 148.373  19.734
  79.398 149.446  18.659  77.077 149.041  19.396  77.912 149.557  18.653
  79.756 150.582  16.274  80.804 149.626  15.957  80.947 151.136  17.016  82.023
 149.255  15.931  82.158 151.217  17.315  83.136 150.148  16.673  84.026 149.362
  17.675  84.479 150.684  16.002  84.913 149.826  16.934  84.816 151.650  15.084
  83.709 152.401  14.352  86.184 152.075  14.710  84.373 153.285  13.778  85.988
 153.090  14.004  85.357 154.224  13.299  85.664 155.599  13.205  86.459 156.224
  12.153  85.395 156.519  14.183  86.841 155.635  11.219  86.693 157.709  12.335
  85.653 157.684  14.391  86.266 158.577  13.371  86.447 159.779  13.360  87.223
 158.181  11.613  79.835 149.795  17.373  79.252 147.078  21.771  78.739 148.032
  20.367  79.650 148.447  19.452  77.536 148.546  20.202  80.920 148.132  19.530
  79.078 149.181  18.433  76.903 149.172  19.397  77.587 149.376  18.418
  79.461 150.761  15.659  80.609 149.922  15.623  80.347 151.319  16.754  81.804
 149.620  15.833  81.454 151.423  17.375  82.608 150.455  16.914  83.318 149.667
  17.996  83.991 151.008  16.449  84.317 150.265  17.481  84.491 151.830  15.514
  83.679 152.341  14.363  86.012 152.168  15.435  84.547 153.038  13.734  85.985
 152.873  14.413  85.692 153.791  13.342  85.896 155.181  13.280  86.299 156.033
  12.132  85.687 155.982  14.203  86.522 155.443  11.087  86.401 157.474  12.261
  85.782 157.157  14.490  86.159 158.234  13.473  86.384 159.414  13.603  86.847
 157.939  11.480  79.311 149.852  16.738  79.018 147.291  21.327  78.446 148.288
  19.921  79.293 148.714  18.913  77.219 148.559  19.639  80.618 148.495  18.881
  78.619 149.376  17.923  76.470 149.172  18.930  77.205 149.604  18.054
  79.132 150.702  16.026  80.214 149.751  15.853  80.161 151.269  16.892  81.429
 149.388  15.939  81.344 151.343  17.310  82.303 150.188  16.848  83.154 149.549
  17.936  83.643 150.759  16.255  84.019 150.057  17.245  84.119 151.669  15.335
  83.338 152.458  14.382  85.581 152.108  15.386  84.241 153.150  13.753  85.700
 152.931  14.401  85.391 153.880  13.325  85.758 155.222  13.430  86.313 156.047
  12.338  85.453 156.014  14.360  86.626 155.557  11.275  86.501 157.478  12.556
  85.577 157.173  14.615  86.161 158.245  13.818  86.463 159.398  14.002  86.928
 157.995  11.797  79.103 149.957  17.171  77.700 147.317  21.590  77.555 148.224
  20.079  78.649 148.684  19.307  76.391 148.550  19.553  79.937 148.504  19.553
  78.240 149.346  18.171  75.857 149.080  18.623  76.796 149.518  17.906
  79.271 150.533  15.806  80.483 149.748  15.954  80.054 151.406  16.668  81.706
 149.688  16.345  81.184 151.755  17.199  82.387 150.816  17.218  82.933 150.380
  18.579  83.751 151.377  16.864  84.001 150.936  18.006  84.353 152.007  15.836
  83.534 152.522  14.718  85.769 152.417  15.810  84.277 153.370  14.190  85.764
 153.307  14.902  85.325 154.190  13.786  85.598 155.537  13.633  86.221 156.113
  12.455  85.021 156.495  14.354  86.618 155.334  11.522  86.261 157.557  12.437
  84.990 157.673  14.347  85.727 158.443  13.371  86.050 159.616  13.362  86.809
 157.942  11.677  79.120 149.921  16.979  77.742 147.524  21.428  77.530 148.452
  19.969  78.587 148.848  19.150  76.412 148.877  19.498  79.840 148.606  19.431
  78.163 149.508  17.976  75.856 149.428  18.560  76.714 149.724  17.715
  79.487 150.468  15.790  80.698 149.659  15.872  80.326 151.291  16.635  81.938
 149.520  16.136  81.482 151.584  17.096  82.636 150.548  17.032  83.134 150.000
  18.329  84.109 151.032  16.689  84.237 150.440  17.801  84.677 151.778  15.665
  84.137 152.147  14.362  86.000 152.310  15.948  84.884 153.189  14.066  86.071
 153.303  15.108  85.883 154.240  14.061  85.815 155.646  13.976  85.760 156.372
  12.708  85.918 156.570  14.926  85.887 155.753  11.680  85.727 157.823  12.691
  85.882 157.752  14.994  85.722 158.706  13.828  85.588 159.909  13.851  85.559
 158.284  11.805  79.418 149.938  17.024  78.099 147.205  21.353  78.039 148.314
  20.045  78.900 148.426  18.954  77.070 149.234  19.999  79.980 147.646  18.745
  78.575 149.510  18.119  76.655 150.184  19.427  77.380 150.347  18.458
  79.486 150.968  15.653  80.753 150.195  15.676  80.291 151.629  16.732  81.962
 150.021  15.936  81.392 151.891  17.287  82.590 150.947  16.972  83.178 150.279
  18.144  83.976 151.644  16.700  84.233 150.959  17.749  84.523 152.556  15.853
  83.637 153.241  14.852  85.962 152.981  15.824  84.502 153.955  14.232  85.959
 153.829  14.922  85.651 154.718  13.836  85.970 156.035  13.788  86.729 156.673
  12.742  85.488 156.961  14.553  87.253 155.991  11.975  86.866 158.086  12.718
  85.595 158.140  14.656  86.371 159.072  13.739  86.511 160.292  13.702  87.512
 158.415  12.011  79.426 150.153  16.765  77.762 147.232  20.845  77.719 148.331
  19.528  78.802 148.820  18.851  76.602 148.843  19.000  80.075 148.493  19.169
  78.541 149.655  17.774  76.123 149.540  18.107  77.123 149.936  17.477
  79.545 150.713  15.493  80.749 149.972  15.623  80.245 151.468  16.516  81.976
 149.827  16.027  81.304 151.737  17.169  82.559 150.833  17.039  82.946 150.179
  18.262  83.983 151.408  16.899  84.021 150.765  18.011  84.605 152.200  15.978
  83.722 152.872  14.969  86.017 152.608  16.014  84.511 153.736  14.547  85.977
 153.647  15.239  85.554 154.660  14.267  85.908 156.049  14.258  86.504 156.713
  13.084  85.369 156.954  15.035  87.063 156.102  12.180  86.512 158.137  13.012
  85.350 158.145  15.046  85.885 159.019  13.956  85.728 160.217  13.734  87.056
 158.510  12.243  79.406 149.965  16.627  77.795 147.717  21.108  77.654 148.429
  19.555  78.750 148.831  18.795  76.539 148.748  18.919  79.999 148.658  19.310
  78.411 149.477  17.591  76.039 149.334  18.014  76.985 149.591  17.251
  79.157 150.447  15.545  80.402 149.671  15.484  79.952 151.062  16.669  81.613
 149.540  15.685  81.057 151.303  17.227  82.272 150.443  16.774  82.814 149.647
  17.933  83.731 150.974  16.472  83.887 150.165  17.480  84.272 151.928  15.685
  83.439 152.627  14.675  85.654 152.461  15.902  84.253 153.565  14.328  85.613
 153.418  15.074  85.371 154.401  14.051  85.685 155.779  14.052  86.087 156.517
  12.849  85.486 156.624  14.997  86.359 155.946  11.836  86.124 157.917  12.962
  85.517 157.798  15.119  85.906 158.751  14.121  85.947 159.996  14.122  86.365
 158.412  12.111  79.088 149.455  16.543  78.178 146.782  20.950  77.857 147.744
  19.570  78.819 148.171  18.657  76.665 148.127  19.149  80.093 147.995  18.892
  78.313 148.835  17.531  76.014 148.752  18.320  76.903 149.035  17.476
  80.011 150.172  15.482  81.297 149.490  15.579  80.659 150.932  16.553  82.473
 149.418  15.905  81.664 151.228  17.207  82.977 150.423  16.991  83.491 149.788
  18.193  84.320 151.218  16.789  84.494 150.545  17.847  84.823 152.039  15.874
  83.950 152.478  14.653  86.214 152.630  15.855  84.715 153.352  14.178  86.102
 153.461  14.878  85.716 154.262  13.763  85.697 155.651  13.668  85.992 156.429
  12.474  85.496 156.436  14.695  86.305 155.901  11.399  85.911 157.911  12.628
  85.484 157.587  14.824  85.713 158.657  13.836  85.812 159.898  13.987  86.055
 158.379  11.742  79.862 149.479  16.635  78.598 145.610  19.986  78.309 146.966
  18.915  79.354 147.565  18.201  77.148 147.598  18.737  80.604 147.033  18.185
  78.941 148.750  17.524  76.608 148.541  18.208  77.516 149.153  17.628
  79.724 149.921  15.560  81.035 149.187  15.703  80.367 150.525  16.757  82.219
 149.098  16.048  81.413 150.762  17.481  82.723 149.983  17.200  83.410 149.385
  18.396  84.035 150.817  16.936  84.350 150.136  17.984  84.555 151.826  16.125
  83.741 152.581  15.099  85.985 152.389  16.264  84.561 153.419  14.602  85.952
 153.365  15.383  85.629 154.283  14.323  85.951 155.672  14.247  86.199 156.333
  12.971  85.664 156.620  15.160  86.278 155.812  11.865  86.156 157.759  12.925
  85.546 157.793  15.129  85.848 158.683  13.988  85.905 159.876  13.872  86.222
 158.165  11.999  79.545 149.022  16.567  77.869 144.858  19.263  78.009 146.471
  18.806  78.825 146.966  17.850  77.272 147.468  19.191  79.617 146.130  17.229
  78.746 148.348  17.523  76.994 148.666  19.098  77.784 149.160  18.272
  79.483 150.247  16.070  80.686 149.425  16.048  80.351 150.904  17.116  81.918
 149.226  16.386  81.454 151.076  17.716  82.647 150.208  17.369  83.407 149.578
  18.521  83.956 150.887  16.867  84.281 150.268  17.945  84.414 151.766  15.924
  83.479 152.271  14.842  85.792 152.354  15.868  84.171 153.220  14.373  85.680
 153.207  14.941  85.253 154.129  13.952  85.347 155.511  13.716  86.087 156.129
  12.563  85.225 156.461  14.582  86.373 155.361  11.609  86.410 157.510  12.587
  85.480 157.595  14.546  86.094 158.452  13.612  86.383 159.644  13.661  86.895
 157.915  11.795  79.423 149.449  17.174  76.769 145.032  18.168  77.342 146.663
  18.381  78.172 147.299  17.421  77.020 147.409  19.404  78.696 146.671  16.264
  78.471 148.629  17.844  77.171 148.515  19.881  77.801 149.156  19.021
  79.318 150.152  15.863  80.615 149.438  15.788  80.143 150.789  16.949  81.846
 149.260  16.080  81.246 150.995  17.536  82.480 150.066  17.141  83.075 149.315
  18.308  83.932 150.669  17.003  84.149 149.846  17.981  84.463 151.565  16.145
  83.636 152.044  15.000  85.856 152.178  16.286  84.401 153.021  14.569  85.787
 153.054  15.361  85.385 154.028  14.338  85.500 155.392  14.249  86.076 156.056
  13.125  85.100 156.258  15.167  86.573 155.429  12.191  86.189 157.588  13.285
  85.142 157.470  15.258  85.689 158.412  14.303  85.825 159.611  14.334  86.710
 158.089  12.574  79.261 149.211  16.869  75.570 145.587  17.892  76.848 146.733
  18.207  77.423 147.507  17.202  77.414 147.030  19.404  77.032 147.534  15.920
  78.468 148.324  17.726  78.175 147.699  20.004  78.703 148.392  19.167
  78.706 150.422  16.316  79.925 149.729  15.975  79.643 151.020  17.322  81.198
 149.574  16.102  80.845 151.304  17.669  82.027 150.384  17.169  82.639 149.621
  18.262  83.400 151.021  16.828  83.708 150.258  17.829  83.869 151.958  16.012
  82.881 152.552  15.038  85.223 152.497  15.974  83.579 153.391  14.464  85.094
 153.328  15.023  84.621 154.258  13.986  84.885 155.658  13.865  86.040 156.211
  13.026  84.441 156.610  14.525  86.646 155.489  12.307  86.310 157.649  13.181
  84.646 157.782  14.665  85.631 158.634  13.974  85.833 159.870  13.975  87.075
 158.027  12.634  78.857 149.488  17.341  75.290 145.610  17.342  76.548 146.631
  17.999  77.108 147.660  17.296  77.130 146.593  19.169  76.722 147.931  16.052
  78.154 148.350  17.929  78.009 147.003  19.895  78.558 147.908  19.277
  78.669 150.044  15.418  79.964 149.296  15.580  79.344 150.800  16.430  81.142
 149.205  16.046  80.384 151.176  17.071  81.604 150.209  17.023  82.059 149.551
  18.266  83.054 150.903  16.926  83.098 150.270  18.064  83.766 151.718  16.098
  83.200 152.372  14.914  85.176 152.057  16.422  84.207 153.106  14.563  85.449
 152.859  15.513  85.414 153.793  14.385  85.995 155.131  14.427  86.264 155.995
  13.263  85.619 155.982  15.314  86.426 155.526  12.184  86.305 157.422  13.338
  85.484 157.115  15.397  85.764 158.142  14.456  85.676 159.360  14.507  86.506
 157.864  12.448  78.494 149.339  16.549  74.466 146.254  18.071  75.936 147.061
  18.117  76.343 148.080  17.242  76.881 146.777  18.997  75.482 148.586  16.351
  77.671 148.480  17.390  78.021 147.052  19.319  78.394 147.875  18.446
  79.035 148.724  14.994  80.221 148.104  15.510  79.308 149.487  16.136  81.296
 148.184  16.188  80.050 150.068  16.999  81.469 149.425  17.179  81.804 149.150
  18.594  82.744 150.420  17.084  82.776 149.943  18.288  83.447 151.268  16.265
  83.113 151.494  14.789  84.698 152.023  16.721  84.034 152.313  14.466  85.021
 152.666  15.615  85.172 153.274  14.375  85.205 154.706  14.209  86.004 155.397
  13.154  84.713 155.647  14.995  86.439 154.771  12.209  86.170 156.860  13.183
  84.807 156.825  15.126  85.581 157.737  14.261  85.786 158.919  14.402  86.636
 157.342  12.423  78.554 148.034  16.100  73.688 146.382  17.081  75.376 146.571
  17.358  76.140 147.469  16.598  76.115 145.917  18.234  75.605 148.424  15.809
  77.516 147.335  16.866  77.257 145.781  18.620  77.977 146.479  17.900
  79.343 148.719  14.093  80.568 148.144  14.614  79.560 149.434  15.290  81.572
 148.185  15.408  80.239 149.964  16.247  81.649 149.288  16.542  81.887 148.765
  17.957  82.789 150.257  16.752  82.775 149.648  17.892  83.514 151.142  16.076
  83.191 151.465  14.676  84.665 151.854  16.645  84.140 152.292  14.348  85.013
 152.618  15.720  85.264 153.242  14.453  85.331 154.632  14.321  86.261 155.296
  13.362  84.818 155.544  15.123  86.824 154.641  12.492  86.340 156.702  13.407
  84.885 156.716  15.240  85.696 157.569  14.354  85.789 158.796  14.402  86.878
 157.149  12.674  78.989 147.759  15.040  74.157 147.034  17.054  75.837 146.792
  16.855  76.547 147.452  15.802  76.642 145.987  17.547  76.036 148.387  15.005
  77.932 147.154  15.846  77.761 145.500  17.569  78.470 146.071  16.736
  79.714 149.283  14.039  81.003 148.733  14.554  79.895 149.963  15.281  81.994
 148.792  15.378  80.559 150.408  16.253  81.967 149.751  16.530  82.098 149.237
  17.912  83.207 150.680  16.824  83.000 150.076  17.860  84.011 151.579  16.207
  83.678 152.017  14.879  85.274 152.230  16.777  84.624 152.799  14.545  85.632
 152.961  15.783  85.796 153.599  14.472  86.084 154.952  14.450  86.615 155.791
  13.287  85.676 155.817  15.432  86.932 155.266  12.227  86.626 157.225  13.403
  85.635 157.005  15.531  86.200 157.984  14.539  86.209 159.224  14.566  86.873
 157.791  12.600  79.370 148.372  14.982  74.597 146.465  16.099  76.336 146.551
  15.911  77.039 147.641  15.499  77.154 145.545  16.051  76.466 148.870  15.301
  78.419 147.393  15.276  78.297 145.207  16.051  79.008 146.151  15.679
  80.359 150.427  15.346  81.607 149.653  15.158  80.981 150.702  16.627  82.722
 149.367  15.585  81.970 150.668  17.373  83.236 149.937  16.861  83.815 148.954
  17.786  84.499 150.704  16.867  84.798 149.778  17.674  85.040 151.800  16.290
  84.266 152.453  15.212  86.402 152.364  16.498  85.058 153.421  14.863  86.384
 153.378  15.701  86.094 154.336  14.641  86.252 155.718  14.575  86.627 156.502
  13.382  85.758 156.590  15.380  87.082 155.966  12.360  86.527 157.962  13.416
  85.631 157.752  15.492  85.991 158.792  14.507  85.895 159.995  14.479  86.733
 158.429  12.541  80.053 149.271  16.046  75.427 146.753  15.956  77.189 146.998
  15.900  77.840 148.165  16.255  78.052 146.037  15.582  77.217 149.223  16.747
  79.210 148.102  15.977  79.217 145.813  15.308  79.826 146.821  15.563
  80.560 150.375  15.235  81.706 149.438  15.456  81.140 150.848  16.503  82.804
 149.141  16.038  82.094 150.948  17.302  83.336 150.007  17.207  83.831 149.350
  18.476  84.707 150.771  17.095  84.837 150.076  18.207  85.151 151.742  16.306
  84.446 152.354  15.150  86.432 152.440  16.682  85.283 153.223  14.788  86.520
 153.293  15.738  86.371 154.117  14.628  86.560 155.522  14.558  86.846 156.236
  13.276  86.058 156.441  15.305  87.296 155.679  12.325  86.563 157.703  13.176
  85.856 157.613  15.302  86.063 158.599  14.182  85.935 159.812  14.072  86.619
 158.146  12.266  80.131 149.440  16.205  75.201 147.691  16.126  76.894 147.696
  16.482  77.847 148.676  16.100  77.512 146.769  17.189  77.476 149.723  15.382
  79.103 148.514  16.572  78.512 146.445  17.702  79.337 147.307  17.453
  80.045 149.679  15.051  81.251 148.995  15.590  80.486 150.604  16.049  82.329
 149.024  16.263  81.353 151.049  16.872  82.675 150.245  17.160  83.073 149.972
  18.611  84.084 150.869  16.931  84.182 150.476  18.157  84.812 151.565  16.039
  84.265 152.122  14.769  86.173 152.097  16.388  85.150 152.988  14.469  86.353
 152.983  15.496  86.267 153.844  14.391  86.468 155.248  14.451  86.877 156.030
  13.293  85.804 156.061  15.231  87.450 155.504  12.296  86.553 157.506  13.280
  85.463 157.196  15.231  85.865 158.267  14.351  85.720 159.460  14.348  86.779
 157.977  12.412  79.655 149.152  16.264  74.583 147.979  17.426  76.360 148.063
  17.592  77.238 148.558  16.679  77.018 147.780  18.764  76.952 148.920  15.383
  78.551 148.745  17.110  78.118 147.768  19.244  78.836 148.395  18.484
