#Frame       SA_00001
       1     488.1156
       2     480.1523
       3     489.7472
       4     485.8123
       5     488.3316
       6     488.9450
       7     484.3393
       8     480.3404
       9     488.0066
      10     482.5201
      11     484.3716
      12     484.1385
      13     488.2223
      14     478.9199
      15     485.8297
      16     485.9403
      17     492.1403
      18     487.8024
      19     489.6902
      20     486.6764
      21     488.5160
      22     486.7876
      23     483.5048
      24     485.2379
      25     491.2112
      26     486.3464
      27     490.2044
      28     490.0504
      29     486.3691
      30     481.6285
      31     484.6203
      32     483.6621
      33     484.3707
      34     491.0419
      35     499.6646
      36     489.1443
      37     495.0485
      38     490.4261
      39     482.3432
      40     484.9077
      41     477.7950
      42     484.6361
      43     482.6667
      44     485.8145
      45     485.3480
      46     485.8381
      47     487.9678
      48     477.9377
      49     481.3157
      50     482.2634
