Cpptraj Generated trajectory                                                    
  84.854 153.899  13.192  83.996 153.024  13.816  85.905 153.496  12.402  84.258
 151.649  13.602  85.894 152.166  12.419  85.387 151.163  12.776  84.712 156.092
  11.124  84.786 156.379  12.320  84.782 155.307  13.375  84.948 157.774  12.766
  84.864 155.906  14.527  84.928 158.275  14.184  84.905 156.999  14.954  85.136
 159.435  14.579  85.184 158.435  12.035  83.008 153.413  14.665  81.770 153.166
  14.351  86.828 154.246  11.666  87.701 153.671  10.945  83.467 150.632  14.154
  83.419 149.753  15.154  83.127 150.263  16.571  82.239 149.618  14.542  81.852
 150.184  17.080  81.064 149.535  14.502  80.459 150.364  16.948  80.744 149.829
  15.667  80.145 151.328  17.052  84.089 150.835  17.445  85.244 150.796  17.135
  83.869 151.243  18.739  82.941 151.093  18.989
  84.783 153.947  13.056  83.868 153.075  13.682  85.829 153.499  12.242  84.083
 151.750  13.352  85.724 152.194  12.165  85.082 151.231  12.512  84.414 156.095
  11.008  84.682 156.372  12.199  84.705 155.379  13.259  84.896 157.779  12.512
  85.064 156.012  14.339  85.223 158.328  13.821  85.230 157.131  14.710  85.379
 159.523  13.976  84.851 158.402  11.715  82.894 153.384  14.562  82.066 154.330
  14.152  86.803 154.227  11.567  87.869 153.649  11.032  83.242 150.731  13.850
  82.969 149.953  14.910  82.690 150.597  16.209  81.831 149.980  14.172  81.410
 151.098  16.523  80.576 150.088  14.070  80.017 151.040  16.481  80.251 150.596
  15.135  79.484 151.899  16.608  83.687 150.872  17.166  84.788 150.438  16.925
  83.513 151.269  18.427  82.568 151.472  18.535
  84.956 153.951  12.852  84.129 153.082  13.586  85.743 153.533  11.825  84.095
 151.761  13.155  85.595 152.214  11.756  84.969 151.303  12.163  84.022 156.212
  11.330  84.587 156.407  12.360  85.068 155.328  13.200  84.767 157.792  12.844
  85.406 155.824  14.353  85.364 158.224  14.052  85.561 156.921  14.820  85.667
 159.365  14.408  84.372 158.485  12.219  83.441 153.478  14.724  82.484 154.308
  14.544  86.520 154.263  10.936  87.773 153.892  10.685  83.263 150.829  13.778
  83.142 149.921  14.778  82.694 150.345  16.098  82.093 149.722  13.958  81.435
 149.931  16.505  80.871 149.583  13.788  80.023 149.832  16.331  80.426 149.634
  14.975  79.531 150.713  16.478  83.530 151.175  16.933  84.628 151.512  16.611
  83.128 151.657  18.119  82.284 151.220  18.329
  84.881 154.139  13.268  83.972 153.196  13.852  85.901 153.792  12.415  84.311
 151.841  13.551  85.873 152.528  12.291  85.369 151.487  12.697  84.504 156.242
  11.305  84.694 156.585  12.461  84.694 155.539  13.524  84.966 157.913  12.804
  85.188 156.185  14.657  85.443 158.420  13.989  85.574 157.246  14.867  85.628
 159.612  14.270  84.943 158.630  12.087  82.930 153.569  14.607  81.755 153.674
  14.090  86.772 154.664  11.854  87.477 154.227  10.828  83.663 150.660  14.157
  83.678 149.795  15.179  82.900 150.115  16.406  82.859 149.175  14.287  81.732
 149.451  16.602  81.882 148.608  13.907  80.504 148.763  16.191  81.199 148.669
  14.971  79.792 149.492  16.198  83.308 151.029  17.467  84.377 151.581  17.349
  82.530 151.373  18.540  81.714 150.862  18.401
  85.560 154.322  12.920  84.799 153.404  13.761  86.346 153.846  11.851  85.011
 152.054  13.481  86.315 152.522  11.978  85.953 151.642  12.528  84.388 156.103
  10.998  84.739 156.561  12.041  85.191 155.650  13.097  84.891 158.011  12.233
  85.516 156.426  14.106  85.318 158.720  13.425  85.521 157.574  14.382  85.513
 159.923  13.693  84.544 158.628  11.509  83.888 153.867  14.684  82.659 154.280
  14.188  87.047 154.572  10.968  88.106 154.016  10.257  84.208 151.061  14.251
  84.186 150.144  15.291  83.145 150.187  16.322  83.698 149.522  14.167  81.895
 149.600  16.105  82.853 148.878  13.576  81.125 148.608  15.494  81.991 148.757
  14.460  80.167 148.930  15.356  83.374 150.549  17.666  84.478 150.898  18.013
  82.507 150.524  18.688  81.698 150.133  18.318
  85.302 154.250  13.377  84.515 153.273  13.948  86.273 153.935  12.537  84.948
 151.876  13.784  86.359 152.673  12.430  85.964 151.534  12.797  84.060 156.317
  11.622  84.623 156.584  12.717  85.074 155.564  13.699  85.062 157.957  12.973
  85.742 156.186  14.595  85.747 158.464  13.990  86.051 157.296  14.825  85.961
 159.608  14.185  84.740 158.606  12.264  83.352 153.575  14.760  82.345 154.178
  14.210  87.144 154.852  11.872  87.800 154.465  10.800  84.201 150.814  14.334
  84.187 149.917  15.351  83.148 149.931  16.361  83.612 149.389  14.299  81.991
 149.218  16.314  82.738 148.693  13.723  81.194 148.208  15.732  81.939 148.478
  14.581  80.242 148.560  15.634  83.309 150.791  17.495  84.363 151.436  17.570
  82.394 151.146  18.474  81.594 150.602  18.369
  85.685 153.705  13.143  84.869 152.791  13.867  86.576 153.389  12.151  84.942
 151.534  13.384  86.444 152.099  12.063  85.849 151.155  12.308  85.412 155.917
  11.206  85.584 156.185  12.336  85.579 155.151  13.368  85.742 157.602  12.662
  85.603 155.855  14.542  85.850 158.196  13.941  85.699 156.966  14.874  86.065
 159.379  14.226  85.855 158.251  11.892  83.966 153.151  14.878  82.860 153.675
  14.511  87.464 154.140  11.444  88.357 153.590  10.607  84.246 150.445  14.011
  84.174 149.753  15.183  83.357 150.304  16.270  83.354 149.111  14.294  82.054
 149.989  16.378  82.334 148.538  13.942  80.840 149.166  16.113  81.588 148.841
  14.910  80.093 149.830  15.911  83.809 151.070  17.448  84.996 151.377  17.402
  83.098 151.305  18.608  82.159 151.071  18.510
  85.690 153.991  12.892  84.828 153.085  13.500  86.642 153.747  11.959  85.053
 151.779  13.092  86.638 152.481  11.812  85.990 151.457  12.092  85.108 156.296
  11.294  85.471 156.501  12.463  85.475 155.325  13.359  85.953 157.843  12.954
  86.028 155.748  14.438  86.387 158.125  14.265  86.284 156.824  14.894  86.701
 159.209  14.685  85.795 158.611  12.312  83.905 153.489  14.494  82.689 153.810
  14.046  87.493 154.611  11.401  88.560 154.186  10.710  84.234 150.666  13.523
  84.095 149.850  14.605  83.532 150.364  15.809  83.050 149.565  13.789  82.224
 150.123  16.204  81.916 149.382  13.571  80.928 149.551  15.999  81.411 149.488
  14.713  80.157 150.171  16.243  84.274 151.124  16.823  85.488 151.301  16.542
  83.649 151.773  17.869  82.708 151.529  17.831
  85.993 153.917  12.835  85.009 153.137  13.466  86.917 153.398  12.021  85.058
 151.723  13.160  86.738 152.109  11.909  86.157 151.221  12.343  85.824 156.024
  10.783  85.899 156.311  12.000  85.978 155.336  13.061  85.901 157.735  12.343
  86.001 155.952  14.201  85.980 158.330  13.706  86.022 157.118  14.601  86.141
 159.506  13.932  85.849 158.365  11.552  84.047 153.686  14.328  82.942 154.187
  13.787  87.871 154.106  11.359  88.886 153.507  10.681  84.069 150.788  13.603
  83.733 149.906  14.576  83.034 150.370  15.778  82.816 149.774  13.602  81.676
 150.550  15.814  81.651 149.709  13.245  80.351 150.198  15.447  80.988 150.035
  14.230  79.782 151.040  15.360  83.663 150.895  17.017  84.874 151.111  16.968
  82.982 151.169  18.229  82.073 150.841  18.122
  85.335 154.698  13.010  84.443 153.844  13.690  86.258 154.227  12.095  84.628
 152.478  13.381  86.175 152.947  12.074  85.682 151.991  12.555  85.128 156.762
  10.881  85.360 157.034  12.088  85.366 156.081  13.211  85.598 158.434  12.402
  85.762 156.749  14.285  86.049 158.997  13.673  86.027 157.825  14.598  86.556
 160.087  13.819  85.389 159.133  11.700  83.387 154.269  14.449  82.418 155.052
  14.079  87.206 154.982  11.471  88.394 154.516  11.219  83.774 151.412  13.845
  83.652 150.179  14.472  82.854 150.071  15.670  82.696 150.244  13.485  81.492
 149.650  15.668  81.594 149.987  12.943  80.227 149.415  15.125  80.943 149.721
  13.934  79.501 150.024  15.501  83.350 150.314  17.063  84.515 150.685  17.148
  82.604 150.184  18.253  81.713 149.878  18.013
  85.413 154.412  13.097  84.391 153.721  13.719  86.346 153.795  12.227  84.354
 152.339  13.421  86.043 152.524  12.168  85.268 151.743  12.526  85.118 156.572
  11.153  85.288 156.859  12.335  85.555 155.777  13.329  85.383 158.225  12.750
  85.868 156.404  14.471  85.835 158.729  14.063  85.984 157.498  14.806  86.031
 159.872  14.285  85.184 158.952  12.074  83.455 154.288  14.520  82.298 154.673
  13.998  87.427 154.348  11.629  88.228 153.705  10.884  83.368 151.419  13.900
  83.232 150.341  14.698  82.352 150.265  15.891  82.461 150.094  13.631  81.130
 149.598  15.823  81.462 149.668  13.107  79.903 149.228  15.187  80.746 149.475
  14.110  79.094 149.809  15.406  82.842 150.623  17.214  83.861 151.335  17.236
  82.132 150.450  18.386  81.353 149.876  18.288
  85.477 154.557  13.408  84.570 153.629  14.088  86.539 154.132  12.600  84.726
 152.290  13.765  86.449 152.825  12.594  85.870 151.863  13.039  84.924 156.546
  11.422  85.135 156.911  12.567  85.150 155.870  13.646  85.421 158.339  12.922
  85.549 156.486  14.689  85.769 158.783  14.221  85.856 157.556  15.019  86.093
 159.916  14.444  85.355 159.018  12.173  83.573 154.152  14.904  82.473 154.627
  14.270  87.440 154.881  11.923  88.335 154.342  11.155  83.880 151.221  14.216
  83.630 150.277  15.177  82.850 150.527  16.330  82.784 150.071  14.151  81.466
 150.404  16.390  81.659 149.825  13.673  80.139 150.176  15.793  80.937 149.905
  14.686  79.553 150.997  15.646  83.430 151.002  17.563  84.630 151.164  17.571
  82.829 151.333  18.754  81.865 151.219  18.688
  85.275 154.583  13.334  84.298 153.864  13.991  86.313 154.017  12.597  84.357
 152.452  13.732  86.086 152.742  12.584  85.362 151.847  12.878  84.812 156.693
  11.236  85.118 156.990  12.357  85.205 156.013  13.373  85.382 158.385  12.683
  85.466 156.589  14.491  85.672 158.910  13.950  85.684 157.750  14.826  85.949
 160.106  14.106  85.478 158.956  11.852  83.299 154.373  14.804  82.170 154.625
  14.129  87.295 154.685  11.896  88.050 154.131  10.924  83.380 151.575  14.166
  83.215 150.417  14.839  83.155 150.497  16.291  81.958 150.714  14.354  81.920
 150.610  16.965  80.756 150.861  14.478  80.548 150.383  17.057  80.634 150.683
  15.674  80.103 151.109  17.618  84.249 150.268  17.169  85.314 149.861  16.710
  84.209 150.392  18.544  83.350 150.761  18.809
  85.246 154.054  13.258  84.224 153.413  14.010  86.018 153.351  12.415  84.011
 152.067  13.728  85.554 152.087  12.359  84.761 151.295  12.780  85.173 156.048
  11.050  85.342 156.432  12.193  85.478 155.491  13.383  85.582 157.851  12.480
  85.704 156.242  14.432  85.858 158.538  13.700  85.842 157.412  14.658  86.174
 159.746  13.793  85.687 158.483  11.695  83.411 154.141  14.886  82.416 154.809
  14.331  87.042 153.886  11.683  87.719 153.105  10.778  83.017 151.308  14.503
  82.717 150.308  15.352  82.811 150.540  16.833  81.577 150.886  15.024  81.775
 151.052  17.603  80.492 151.385  15.194  80.400 151.178  17.811  80.416 151.393
  16.430  80.156 151.971  18.404  84.081 150.510  17.515  85.100 150.316  16.928
  84.275 150.819  18.800  83.361 150.934  19.111
  84.987 154.349  13.334  84.065 153.624  14.068  86.015 153.793  12.548  84.130
 152.239  13.825  85.816 152.555  12.588  85.180 151.670  13.015  84.994 156.138
  10.948  85.174 156.575  12.054  84.919 155.774  13.297  85.759 157.886  12.209
  85.255 156.499  14.362  86.098 158.523  13.500  85.700 157.550  14.496  86.629
 159.612  13.567  86.055 158.356  11.361  83.092 154.206  14.860  82.080 154.817
  14.223  87.111 154.349  11.878  87.983 153.668  11.097  83.130 151.397  14.400
  82.854 150.268  15.073  82.844 150.314  16.483  81.637 150.739  14.627  81.674
 150.402  17.241  80.499 151.115  14.840  80.374 150.746  17.402  80.347 151.070
  16.068  80.195 151.518  18.044  84.093 150.368  17.318  85.169 150.180  16.837
  84.192 150.784  18.616  83.275 150.915  18.910
  85.252 154.064  13.313  84.326 153.313  14.074  86.269 153.491  12.629  84.504
 151.896  14.113  86.238 152.188  12.897  85.710 151.319  13.518  84.932 155.711
  11.024  85.139 156.270  12.092  85.144 155.493  13.293  85.449 157.678  12.196
  85.362 156.317  14.230  85.769 158.415  13.397  85.610 157.433  14.426  85.898
 159.624  13.481  85.535 158.069  11.265  83.260 153.947  14.575  82.287 154.308
  13.831  87.178 154.004  11.748  87.966 153.201  11.015  83.608 150.981  14.726
  83.426 149.974  15.490  83.069 150.267  16.863  82.266 150.124  14.831  81.737
 150.318  17.349  81.072 150.178  14.702  80.330 150.125  17.185  80.605 150.151
  15.824  79.707 150.881  17.467  84.089 150.576  17.855  85.277 150.505  17.552
  83.894 151.068  19.076  82.929 151.040  19.196
  85.691 154.026  13.371  84.841 153.123  14.028  86.629 153.613  12.394  85.066
 151.763  13.762  86.484 152.300  12.329  86.019 151.306  12.798  84.569 156.073
  11.553  85.086 156.345  12.648  85.594 155.402  13.611  85.222 157.774  13.004
  86.079 155.969  14.671  85.740 158.261  14.234  86.116 157.073  15.054  85.847
 159.451  14.412  84.963 158.519  12.368  84.040 153.466  15.048  83.012 154.222
  14.851  87.439 154.398  11.615  88.264 153.752  10.765  84.377 150.623  14.356
  84.191 149.879  15.451  83.914 150.427  16.830  83.009 149.906  14.795  82.582
 150.484  17.296  81.790 149.791  14.765  81.193 150.416  17.218  81.467 150.004
  15.921  80.650 151.278  17.208  84.988 151.085  17.517  86.070 151.023  16.950
  85.053 151.595  18.748  84.154 151.632  19.116
  85.730 154.217  13.752  84.711 153.478  14.427  86.703 153.650  12.997  84.952
 152.091  14.377  86.529 152.341  13.109  85.917 151.430  13.522  85.717 156.051
  11.481  85.813 156.591  12.601  85.821 155.651  13.789  85.891 158.028  12.857
  85.941 156.453  14.851  86.017 158.694  14.150  85.963 157.599  15.156  86.216
 159.884  14.217  86.022 158.563  12.007  83.696 154.075  15.163  82.753 154.720
  14.528  87.700 154.261  12.266  88.762 153.694  11.790  84.134 151.142  15.046
  84.029 150.267  16.088  83.586 150.800  17.446  82.865 150.154  15.314  82.285
 150.738  17.831  81.676 150.165  15.133  80.943 150.331  17.691  81.286 150.303
  16.311  80.295 151.072  17.954  84.531 151.266  18.413  85.628 151.446  17.969
  84.307 151.515  19.710  83.366 151.320  19.862
  85.809 154.109  13.802  84.806 153.408  14.475  86.886 153.509  13.095  84.997
 151.993  14.394  86.721 152.225  13.253  86.093 151.364  13.758  85.367 155.945
  11.627  85.558 156.385  12.755  85.778 155.513  13.917  85.628 157.858  12.983
  86.028 156.293  14.966  85.987 158.519  14.166  86.086 157.470  15.224  86.268
 159.709  14.207  85.511 158.348  12.104  83.805 154.004  15.222  82.828 154.646
  14.670  87.821 154.178  12.327  88.837 153.554  11.761  84.069 151.075  14.993
  83.733 150.239  16.003  83.589 150.744  17.404  82.590 150.411  15.402  82.377
 151.067  17.963  81.413 150.679  15.314  81.056 151.446  17.813  81.157 150.979
  16.488  81.037 152.463  17.889  84.745 151.115  18.241  85.857 150.877  17.830
  84.696 151.666  19.488  83.731 151.732  19.591
  85.929 154.062  13.717  84.917 153.405  14.363  86.897 153.473  12.907  85.004
 152.027  14.193  86.732 152.214  13.008  86.067 151.369  13.526  85.468 155.919
  11.466  85.776 156.370  12.572  86.014 155.498  13.753  85.933 157.840  12.755
  86.201 156.278  14.746  86.225 158.528  14.020  86.291 157.447  14.928  86.366
 159.729  14.193  85.711 158.507  12.025  83.964 153.989  15.144  82.884 154.457
  14.537  87.817 154.187  12.121  88.679 153.473  11.507  84.088 151.174  14.849
  83.804 150.312  15.938  83.495 150.942  17.275  82.669 150.397  15.220  82.168
 151.256  17.698  81.420 150.422  15.151  80.831 150.951  17.679  81.117 150.663
  16.337  80.228 151.760  17.826  84.502 151.247  18.154  85.619 151.197  17.763
  84.378 151.675  19.411  83.429 151.751  19.606
  85.453 154.018  13.237  84.430 153.318  13.910  86.457 153.352  12.529  84.464
 151.942  13.754  86.191 152.064  12.499  85.432 151.257  12.959  85.593 155.991
  11.230  85.794 156.319  12.401  85.557 155.332  13.435  86.042 157.722  12.796
  85.851 155.918  14.565  86.193 158.249  14.109  86.131 156.998  14.970  86.408
 159.428  14.377  85.977 158.409  12.054  83.552 154.042  14.661  82.474 154.530
  14.051  87.615 153.871  11.969  88.292 153.184  11.124  83.534 151.041  14.376
  83.334 149.974  15.272  83.251 150.350  16.670  82.111 150.220  14.702  82.025
 150.337  17.289  80.916 150.540  14.746  80.623 150.493  17.337  80.734 150.548
  15.966  80.294 151.322  17.830  84.370 150.786  17.417  85.473 150.861  16.921
  84.391 151.306  18.697  83.491 151.305  19.067
  85.172 153.781  13.209  84.234 152.981  13.840  86.255 153.282  12.484  84.474
 151.559  13.677  86.120 151.963  12.475  85.572 151.044  12.923  84.906 155.927
  11.271  85.301 156.133  12.370  85.153 155.194  13.445  85.997 157.458  12.670
  85.530 155.769  14.558  86.346 157.995  13.911  86.039 156.818  14.825  86.975
 158.990  14.036  86.248 158.029  11.872  83.166 153.519  14.551  81.935 153.519
  14.114  87.333 153.945  12.026  88.241 153.380  11.288  83.558 150.570  14.266
  83.278 149.828  15.370  83.012 150.439  16.720  82.108 149.879  14.703  81.923
 151.187  16.938  80.932 150.107  14.595  80.528 151.433  16.871  80.676 150.681
  15.658  80.314 152.423  16.753  83.905 150.248  17.921  84.894 149.521  17.807
  83.752 150.897  19.097  82.857 151.275  19.069
  85.301 154.108  13.408  84.163 153.533  14.027  86.026 153.437  12.501  83.944
 152.190  13.710  85.614 152.228  12.432  84.873 151.434  12.949  85.250 156.124
  11.437  85.697 156.468  12.532  85.673 155.475  13.613  86.079 157.831  12.786
  86.087 156.091  14.646  86.399 158.360  14.078  86.367 157.221  14.916  86.657
 159.577  14.289  86.081 158.510  12.033  83.270 154.244  14.889  82.194 154.963
  14.565  87.153 153.924  11.849  88.211 153.092  11.627  82.886 151.359  14.339
  82.963 150.345  15.324  83.163 150.712  16.713  81.621 150.520  15.007  82.114
 150.906  17.616  80.461 150.637  15.320  80.786 150.769  17.961  80.583 150.742
  16.579  80.414 151.597  18.425  84.457 150.822  17.319  85.451 150.508  16.666
  84.663 151.152  18.592  83.770 151.310  18.944
  85.541 154.308  13.884  84.523 153.536  14.463  86.530 153.758  13.134  84.692
 152.126  14.353  86.411 152.435  13.163  85.830 151.575  13.670  85.456 156.251
  11.682  85.594 156.622  12.781  85.478 155.717  13.949  85.910 158.030  12.940
  85.685 156.436  15.039  86.142 158.689  14.198  85.877 157.598  15.215  86.621
 159.804  14.282  85.989 158.581  12.094  83.443 154.108  15.053  82.244 154.024
  14.525  87.551 154.428  12.491  88.614 153.863  11.850  83.688 151.246  14.770
  83.492 150.166  15.529  83.325 150.271  17.020  82.344 150.457  15.031  82.081
 150.334  17.570  81.111 150.684  15.007  80.838 151.024  17.580  80.956 150.844
  16.183  80.994 151.991  17.860  84.331 150.247  18.026  85.456 149.943  17.661
  84.100 150.628  19.296  83.193 150.981  19.310
  85.884 153.884  13.951  84.819 153.153  14.524  87.000 153.290  13.300  84.898
 151.777  14.366  86.825 152.032  13.464  86.108 151.155  13.897  85.986 155.848
  11.646  85.965 156.226  12.834  85.932 155.295  14.005  85.956 157.652  13.131
  86.001 155.996  15.105  85.972 158.292  14.386  86.080 157.136  15.355  86.016
 159.499  14.469  85.917 158.249  12.313  83.739 153.748  15.108  82.952 154.527
  14.404  88.002 153.981  12.708  88.725 153.311  11.758  83.826 150.927  14.765
  83.419 149.936  15.606  82.971 150.025  16.985  82.294 150.289  14.899  81.691
 150.215  17.363  81.078 150.475  14.752  80.385 150.723  17.254  80.682 150.584
  15.927  80.443 151.713  17.487  83.880 150.000  18.111  85.069 149.775  17.925
  83.483 149.988  19.419  82.511 149.998  19.379
  85.563 153.222  13.843  84.475 152.637  14.474  86.492 152.570  13.090  84.314
 151.254  14.172  86.112 151.359  13.018  85.312 150.614  13.336  85.801 155.244
  11.861  85.975 155.598  12.976  85.721 154.610  14.045  86.294 156.964  13.338
  85.890 155.294  15.160  86.367 157.618  14.681  86.219 156.379  15.458  86.644
 158.811  14.925  86.469 157.541  12.523  83.572 153.311  15.161  82.633 153.977
  14.447  87.623 153.109  12.462  88.341 152.397  11.592  83.163 150.543  14.596
  82.789 149.723  15.546  82.562 150.334  16.888  81.698 150.073  14.761  81.315
 150.794  17.228  80.555 150.448  14.588  80.176 151.576  16.925  80.288 150.883
  15.712  80.386 152.573  16.905  83.615 150.334  17.973  84.590 149.608  17.835
  83.544 151.042  19.107  82.731 151.564  18.999
  85.636 153.500  13.320  84.592 152.743  13.949  86.610 152.842  12.591  84.580
 151.391  13.653  86.347 151.592  12.501  85.558 150.729  12.800  86.241 155.851
  11.559  86.135 156.009  12.718  85.675 154.912  13.593  86.299 157.402  13.234
  85.498 155.490  14.782  86.070 157.770  14.558  85.632 156.552  15.251  86.180
 158.991  14.941  86.539 158.173  12.622  83.508 153.324  14.702  82.465 153.691
  13.955  87.667 153.472  11.986  88.341 152.948  10.943  83.583 150.551  14.185
  83.151 149.850  15.283  82.894 150.511  16.580  81.999 150.067  14.530  81.605
 150.902  16.968  80.816 150.312  14.362  80.198 150.694  16.872  80.498 150.561
  15.524  79.651 151.528  17.083  83.884 150.989  17.556  85.024 150.817  17.205
  83.657 151.479  18.862  82.684 151.470  18.881
  85.560 153.977  13.259  84.561 153.203  13.829  86.629 153.467  12.511  84.652
 151.815  13.512  86.436 152.198  12.504  85.732 151.302  12.713  85.118 156.232
  11.298  85.450 156.457  12.465  85.491 155.395  13.510  85.807 157.784  12.872
  85.899 155.960  14.598  86.282 158.238  14.175  86.239 157.042  14.966  86.686
 159.313  14.450  85.761 158.501  12.158  83.578 153.634  14.604  82.652 154.516
  14.206  87.621 154.185  11.936  88.384 153.509  11.135  83.645 150.916  13.904
  83.125 150.140  14.920  82.804 150.647  16.310  82.097 150.493  14.155  81.559
 151.165  16.625  80.974 150.824  13.950  80.170 151.289  16.444  80.549 150.998
  15.091  79.752 152.219  16.479  83.682 150.402  17.429  84.855 150.154  17.101
  83.354 150.628  18.722  82.394 150.771  18.787
  84.938 154.154  13.135  83.854 153.411  13.739  86.050 153.517  12.558  84.003
 152.031  13.718  85.833 152.227  12.616  85.125 151.356  13.108  85.171 156.197
  11.018  85.273 156.470  12.218  84.854 155.518  13.283  85.710 157.749  12.565
  85.005 156.125  14.491  85.840 158.290  13.942  85.384 157.204  14.823  86.237
 159.403  14.192  85.918 158.342  11.771  82.802 154.009  14.383  81.899 154.806
  13.869  87.196 154.112  12.099  88.099 153.481  11.366  83.061 151.087  14.176
  82.718 150.047  15.017  82.523 150.238  16.432  81.530 150.412  14.439  81.312
 150.467  16.963  80.350 150.655  14.332  79.886 150.589  16.922  80.061 150.635
  15.524  79.506 151.422  17.369  83.600 150.421  17.385  84.738 150.453  16.917
  83.393 150.579  18.684  82.442 150.439  18.835
  85.238 153.774  13.491  84.110 153.105  14.004  86.146 153.192  12.703  84.052
 151.680  13.775  85.824 151.937  12.647  85.118 151.069  13.022  85.145 155.928
  11.668  85.514 156.185  12.782  85.343 155.191  13.853  85.902 157.539  13.109
  85.738 155.764  14.940  86.320 157.963  14.407  86.175 156.805  15.211  86.666
 159.071  14.702  85.940 158.164  12.312  83.183 153.705  14.811  82.119 154.261
  14.201  87.246 153.790  12.098  87.404 153.672  10.764  83.046 150.846  14.288
  82.799 149.897  15.216  82.525 150.236  16.650  81.570 150.147  14.557  81.294
 150.705  17.118  80.383 150.432  14.470  79.927 150.836  16.997  80.126 150.685
  15.593  79.566 151.757  17.243  83.528 150.299  17.728  84.690 150.495  17.417
  83.324 150.312  19.092  82.366 150.244  19.246
  85.782 153.453  12.850  84.645 152.809  13.398  86.869 152.773  12.205  84.649
 151.394  13.155  86.516 151.516  12.238  85.669 150.667  12.487  86.104 155.485
  10.699  86.128 155.810  11.824  85.862 154.850  12.966  86.237 157.190  12.176
  85.926 155.550  14.103  86.237 157.816  13.483  86.078 156.674  14.396  86.327
 159.027  13.757  86.412 157.817  11.399  83.648 153.419  14.106  82.747 154.056
  13.520  88.066 153.322  11.695  89.102 152.567  11.334  83.568 150.609  13.612
  83.131 149.919  14.609  83.062 150.516  15.979  82.022 150.312  13.905  81.926
 151.101  16.420  80.918 150.753  13.887  80.758 151.917  16.223  80.786 151.243
  15.009  81.059 152.886  16.132  84.217 150.653  16.856  85.299 150.449  16.384
  84.174 151.255  18.093  83.215 151.322  18.242
  86.212 153.851  13.193  85.016 153.183  13.567  87.302 153.229  12.519  85.084
 151.817  13.314  86.957 151.958  12.413  86.149 151.151  12.696  86.774 155.973
  11.158  86.676 156.288  12.362  86.323 155.317  13.406  86.867 157.727  12.730
  86.194 155.954  14.507  86.571 158.226  14.074  86.270 157.082  14.901  86.687
 159.367  14.368  87.109 158.311  11.937  83.926 153.853  14.131  83.086 154.561
  13.424  88.484 153.882  12.160  89.415 153.219  11.479  84.035 150.935  13.669
  83.568 150.147  14.719  83.182 150.640  16.024  82.510 150.308  13.917  81.856
 150.670  16.440  81.364 150.468  13.710  80.529 151.060  16.139  80.843 150.733
  14.801  80.366 152.065  16.185  84.030 151.207  16.983  85.255 151.190  16.826
  83.596 151.690  18.171  82.630 151.620  18.264
  86.150 154.219  12.985  85.112 153.547  13.606  87.098 153.658  12.156  85.072
 152.192  13.291  86.812 152.410  12.006  85.986 151.598  12.414  85.264 156.319
  11.178  85.806 156.572  12.222  86.277 155.596  13.229  86.000 157.995  12.535
  86.905 156.230  14.170  86.502 158.543  13.763  87.023 157.380  14.493  86.570
 159.704  13.947  85.699 158.644  11.818  84.244 154.186  14.500  83.415 155.113
  14.088  88.139 154.329  11.558  89.297 153.720  11.310  84.210 151.178  13.786
  83.934 150.443  14.873  83.410 150.997  16.149  82.878 150.223  14.026  82.081
 150.973  16.413  81.667 150.137  13.822  80.729 151.147  16.026  81.201 150.599
  14.838  80.514 152.143  15.998  84.238 151.421  17.282  85.435 151.491  17.079
  83.890 151.661  18.584  82.958 151.415  18.707
  85.837 153.755  12.737  84.974 152.973  13.445  86.801 153.239  11.879  85.060
 151.629  13.177  86.601 151.970  11.819  85.996 151.048  12.233  85.445 155.919
  10.767  85.729 156.174  11.900  85.782 155.162  12.970  86.107 157.487  12.229
  86.153 155.828  14.074  86.456 158.090  13.483  86.475 156.918  14.352  86.712
 159.283  13.783  86.071 158.128  11.445  84.057 153.502  14.376  83.205 154.406
  13.964  87.732 153.852  11.075  88.912 153.305  11.078  84.243 150.618  13.771
  84.066 149.913  14.898  83.503 150.486  16.118  83.017 149.601  14.036  82.131
 150.495  16.398  81.818 149.432  13.856  80.810 149.998  16.205  81.310 149.714
  14.941  80.241 150.843  16.252  84.425 150.959  17.189  85.632 151.079  16.943
  84.114 151.320  18.457  83.148 151.288  18.563
  85.835 153.758  12.805  84.890 153.045  13.654  86.790 153.176  11.977  85.003
 151.612  13.476  86.527 151.916  12.052  85.932 151.062  12.597  85.769 155.729
  10.636  85.970 156.096  11.788  85.912 155.160  12.884  86.162 157.543  12.071
  85.967 155.851  14.003  86.286 158.127  13.378  86.130 156.997  14.263  86.421
 159.262  13.621  86.270 158.246  11.350  83.975 153.687  14.515  82.681 153.704
  14.245  87.791 153.824  11.245  88.666 153.144  10.544  84.269 150.689  14.245
  84.257 149.800  15.281  83.584 150.242  16.543  83.266 149.366  14.476  82.352
 149.799  16.911  82.102 148.944  14.299  81.030 149.531  16.547  81.563 149.101
  15.386  80.496 150.400  16.549  84.122 151.308  17.231  85.115 151.817  16.800
  83.617 151.794  18.396  82.950 151.122  18.620
  86.435 153.574  13.045  85.589 152.964  13.961  87.276 152.886  12.112  85.603
 151.560  13.971  87.128 151.620  12.439  86.590 150.872  13.204  84.398 155.300
  11.732  85.307 155.829  12.429  86.429 154.982  12.947  85.311 157.301  12.805
  87.025 155.764  13.805  86.253 157.965  13.723  87.050 156.868  14.190  86.218
 159.137  14.049  84.537 157.860  12.467  84.823 153.707  14.817  83.580 153.717
  14.542  88.063 153.456  11.114  88.658 152.744  10.144  84.665 150.735  14.731
  84.465 150.067  15.870  84.125 150.782  17.095  83.313 149.928  15.140  82.761
 150.952  17.499  82.094 149.926  15.006  81.443 150.461  17.472  81.739 150.280
  16.151  80.742 151.186  17.620  85.061 151.489  17.879  86.151 151.705  17.443
  84.815 152.063  19.118  83.924 151.799  19.403
  86.378 153.570  13.017  85.390 152.777  13.695  87.442 153.013  12.429  85.645
 151.438  13.633  87.472 151.741  12.520  86.772 150.870  12.907  84.076 155.144
  11.981  84.962 155.729  12.583  86.199 155.032  13.030  84.784 157.186  12.918
  86.924 155.910  13.617  85.687 157.971  13.700  86.815 157.021  13.919  85.469
 159.165  14.045  84.019 157.704  12.502  84.335 153.261  14.404  83.143 152.924
  13.987  88.431 153.773  11.741  89.316 153.173  10.936  84.947 150.368  14.310
  84.755 149.726  15.448  84.467 150.587  16.606  83.575 149.587  14.730  83.192
 151.026  16.909  82.383 149.720  14.543  81.796 150.981  16.796  82.082 150.365
  15.585  81.592 151.980  16.771  85.476 151.073  17.443  86.658 150.865  17.214
  85.197 151.998  18.419  84.225 152.003  18.421
  85.919 153.240  12.758  85.154 152.333  13.408  86.963 152.939  11.825  85.394
 150.972  13.110  86.987 151.603  11.788  86.421 150.659  12.173  84.153 155.419
  11.501  84.880 155.640  12.470  85.784 154.618  13.043  84.819 156.953  13.123
  86.422 155.153  13.998  85.597 157.319  14.312  86.448 156.140  14.578  85.661
 158.427  14.768  84.294 157.657  12.618  84.254 152.723  14.303  83.158 153.279
  13.910  87.806 153.780  11.194  88.906 153.377  10.550  84.667 150.005  13.823
  84.656 149.258  14.895  84.110 149.745  16.208  83.620 148.803  14.157  82.797
 149.506  16.608  82.413 148.574  13.948  81.423 149.102  16.291  81.894 148.827
  15.000  80.751 149.868  16.326  84.855 150.387  17.267  86.006 150.733  16.985
  84.386 150.618  18.495  83.469 150.297  18.537
  85.735 153.076  13.509  84.803 152.060  13.936  86.881 152.800  12.766  85.125
 150.791  13.495  86.824 151.506  12.473  86.192 150.496  12.656  84.981 155.194
  11.632  85.312 155.500  12.781  85.578 154.456  13.824  85.518 156.869  13.083
  86.216 155.122  14.765  86.092 157.437  14.301  86.401 156.246  15.069  86.398
 158.604  14.459  85.398 157.457  12.267  83.752 152.366  14.676  82.774 153.086
  14.182  87.716 153.769  12.228  88.803 153.445  11.511  84.286 149.631  13.738
  83.925 148.807  14.751  83.114 149.399  15.929  83.054 148.588  13.722  81.783
 149.605  15.824  81.898 148.556  13.247  80.525 149.725  15.158  81.208 149.027
  14.133  80.199 150.654  14.895  83.650 149.682  17.205  84.850 149.627  17.209
  82.914 150.089  18.322  81.969 149.992  18.115
  85.650 153.105  13.182  84.678 152.384  13.770  86.577 152.628  12.270  84.605
 151.011  13.335  86.298 151.340  12.152  85.516 150.444  12.358  84.815 155.579
  11.701  85.405 155.643  12.754  85.865 154.523  13.547  85.561 157.041  13.250
  86.335 154.988  14.669  86.136 157.420  14.497  86.463 156.105  15.116  86.438
 158.550  14.789  85.316 157.803  12.630  83.699 152.862  14.600  82.923 153.796
  14.146  87.583 153.353  11.609  88.702 152.804  11.131  83.664 150.111  13.896
  83.478 149.143  14.782  82.668 149.408  15.990  82.616 148.873  13.764  81.376
 148.800  16.074  81.537 148.685  13.241  80.145 148.535  15.538  80.822 148.612
  14.283  79.481 149.299  15.659  82.955 150.338  17.019  83.968 150.958  16.852
  82.316 150.474  18.253  81.639 149.779  18.180
  86.160 153.401  13.027  85.327 152.423  13.678  87.228 153.038  12.246  85.665
 151.151  13.417  87.215 151.767  12.141  86.660 150.755  12.469  85.572 155.805
  11.166  85.758 155.936  12.326  85.818 154.801  13.254  85.792 157.295  12.805
  85.978 155.356  14.485  86.079 157.781  14.130  86.077 156.488  14.881  86.421
 158.891  14.503  85.839 157.983  12.063  84.308 152.755  14.598  83.139 153.201
  14.120  88.105 153.938  11.583  88.954 153.466  10.717  84.851 150.055  13.983
  84.180 149.454  14.960  82.901 150.002  15.526  83.839 148.875  13.814  81.654
 149.806  14.911  83.111 148.350  12.967  80.787 149.065  14.061  82.000 148.710
  13.382  80.207 149.679  13.491  82.908 150.756  16.753  84.039 150.680  17.334
  81.772 151.118  17.508  80.958 150.944  17.006
  86.334 153.850  13.571  85.437 152.950  14.125  87.367 153.514  12.768  85.798
 151.575  14.083  87.486 152.175  12.834  86.993 151.195  13.335  85.632 155.647
  11.498  85.782 156.153  12.608  86.131 155.240  13.674  85.743 157.567  12.802
  86.517 156.023  14.648  85.961 158.233  13.999  86.451 157.156  14.865  85.705
 159.401  14.232  85.465 158.117  11.997  84.359 153.462  14.750  83.417 154.031
  13.987  88.205 154.358  12.132  89.012 153.862  11.197  85.058 150.445  14.592
  84.143 149.840  15.448  82.747 150.260  15.540  84.213 149.047  14.352  81.804
 149.873  14.656  83.788 148.404  13.386  81.240 148.941  13.728  82.567 148.543
  13.550  80.679 149.249  12.935  82.282 151.103  16.641  83.187 151.450  17.396
  80.914 151.423  16.909  80.343 150.888  16.331
  85.713 153.689  13.823  84.829 152.829  14.546  86.717 153.152  12.975  85.010
 151.473  14.312  86.693 151.866  13.037  86.090 150.933  13.456  85.166 155.766
  11.762  85.550 156.101  12.821  85.502 155.106  13.901  85.933 157.492  13.119
  85.671 155.761  15.007  86.213 158.050  14.409  85.853 156.878  15.318  86.676
 159.148  14.606  86.299 157.987  12.314  83.883 153.424  15.259  82.710 153.608
  14.663  87.547 153.933  12.175  88.354 153.411  11.235  84.181 150.393  14.869
  83.584 149.871  15.958  82.217 150.242  16.319  83.453 148.846  15.041  81.149
 149.687  15.683  82.931 147.951  14.474  80.441 148.531  15.210  81.700 148.164
  14.806  79.934 148.686  14.339  81.965 151.226  17.315  82.919 151.572  18.040
  80.724 151.743  17.686  80.153 151.479  16.944
  85.954 153.178  13.399  85.149 152.383  14.232  86.860 152.702  12.469  85.317
 150.965  13.944  86.808 151.392  12.509  86.342 150.451  13.067  84.900 155.124
  11.430  85.441 155.489  12.442  85.860 154.576  13.507  85.623 156.917  12.626
  86.561 155.333  14.394  86.248 157.590  13.744  86.754 156.532  14.575  86.361
 158.831  13.912  85.258 157.509  11.889  84.213 152.883  15.114  83.012 153.218
  14.710  87.770 153.411  11.685  88.656 152.796  10.956  84.469 149.988  14.569
  84.306 149.124  15.646  83.238 149.459  16.605  83.678 148.556  14.618  81.971
 148.930  16.551  82.740 147.944  14.058  80.919 148.250  15.922  81.875 148.051
  14.912  80.167 148.908  15.718  83.398 150.478  17.649  84.389 151.164  17.561
  82.490 150.842  18.582  81.802 150.155  18.578
  85.976 153.104  13.154  84.977 152.192  13.592  87.034 152.604  12.400  85.157
 150.854  13.265  86.857 151.351  12.116  86.193 150.413  12.374  85.601 155.382
  11.542  85.832 155.586  12.712  85.833 154.448  13.601  86.097 156.911  13.189
  86.083 154.912  14.771  86.335 157.278  14.574  86.349 155.977  15.303  86.577
 158.408  14.946  85.958 157.680  12.544  83.920 152.570  14.424  82.760 152.614
  13.826  88.091 153.433  11.933  89.131 152.928  11.333  84.191 149.906  13.610
  83.989 148.925  14.491  82.887 149.018  15.461  83.478 148.475  13.323  81.631
 148.505  15.259  82.645 147.921  12.625  80.589 148.126  14.312  81.671 147.920
  13.388  79.873 148.835  14.156  82.990 149.708  16.726  84.049 150.310  16.850
  81.972 150.024  17.594  81.129 149.643  17.294
  85.588 153.372  13.008  84.717 152.489  13.695  86.396 153.027  11.934  84.712
 151.168  13.198  86.163 151.759  11.727  85.538 150.790  12.058  84.964 155.648
  11.309  85.496 155.906  12.376  85.578 154.815  13.373  85.945 157.234  12.801
  86.062 155.322  14.484  86.494 157.580  14.044  86.426 156.375  14.856  86.865
 158.696  14.335  85.825 158.055  12.219  83.895 152.794  14.681  82.757 153.425
  14.384  87.317 153.864  11.360  88.538 153.367  10.979  83.827 150.162  13.887
  83.605 149.187  14.855  82.363 149.405  15.704  83.186 148.692  13.629  81.103
 149.071  15.186  82.391 148.164  12.891  80.248 148.156  14.376  81.359 148.148
  13.576  79.462 148.679  13.990  82.368 149.934  17.077  83.400 150.433  17.547
  81.294 150.034  17.870  80.556 149.743  17.308
  85.851 153.028  12.870  84.755 152.477  13.607  86.809 152.235  12.214  84.665
 151.074  13.413  86.510 150.993  12.349  85.669 150.334  12.809  85.845 154.990
  10.718  86.111 155.367  11.837  86.108 154.393  12.925  86.227 156.812  12.251
  86.244 155.051  14.118  86.493 157.401  13.542  86.373 156.228  14.437  86.698
 158.582  13.835  85.919 157.448  11.525  83.848 153.202  14.361  82.738 153.741
  13.827  87.863 152.782  11.517  88.787 151.964  10.939  83.740 150.300  14.142
  83.467 149.647  15.312  82.168 149.584  16.020  83.355 148.725  14.302  81.066
 148.841  15.528  82.815 147.788  13.736  80.326 148.074  14.585  81.626 147.878
  14.108  79.721 148.741  14.107  81.824 150.422  17.159  82.730 151.008  17.649
  80.608 150.551  17.756  80.031 149.993  17.208
  86.067 153.350  13.045  85.065 152.483  13.542  87.123 152.914  12.269  85.358
 151.106  13.322  87.081 151.604  12.190  86.480 150.638  12.547  85.532 155.354
  11.041  85.802 155.727  12.153  85.918 154.680  13.241  86.071 157.129  12.557
  86.181 155.373  14.334  86.532 157.644  13.789  86.417 156.485  14.725  86.879
 158.829  13.935  85.780 157.770  11.828  83.938 152.951  14.208  83.267 153.882
  13.593  87.983 153.780  11.555  88.914 153.317  10.725  84.407 150.131  13.816
  83.914 149.484  14.964  82.541 149.738  15.456  83.798 148.585  13.937  81.490
 148.995  15.015  83.170 147.703  13.323  80.956 147.704  14.754  82.103 147.707
  13.943  80.082 147.727  14.230  82.181 150.650  16.454  83.039 151.400  16.934
  80.812 150.840  16.945  80.270 150.156  16.515
  86.213 153.230  12.315  85.396 152.316  13.002  87.187 152.858  11.423  85.654
 150.985  12.660  87.074 151.568  11.272  86.550 150.552  11.617  85.989 155.500
  10.257  86.109 155.697  11.495  86.060 154.649  12.506  86.320 157.076  11.988
  86.280 155.212  13.653  86.523 157.540  13.297  86.554 156.293  14.078  86.567
 158.739  13.637  86.366 157.873  11.365  84.480 152.619  14.011  83.204 152.825
  13.658  88.033 153.682  10.728  89.205 153.176  10.370  85.099 149.899  13.295
  84.851 149.163  14.400  83.563 149.231  15.035  84.771 148.282  13.405  82.447
 148.549  14.563  84.235 147.429  12.738  81.860 147.508  13.824  83.099 147.428
  13.206  81.104 147.821  13.216  83.226 150.011  16.231  84.148 150.652  16.750
  81.992 150.134  16.885  81.357 149.674  16.308
  86.396 153.175  12.774  85.587 152.161  13.196  87.470 153.021  11.937  85.890
 150.945  12.626  87.434 151.773  11.554  86.962 150.720  11.613  85.550 155.521
  11.233  85.781 155.663  12.418  86.114 154.457  13.252  85.749 157.001  13.023
  86.381 154.961  14.449  86.161 157.327  14.395  86.427 155.995  14.957  86.214
 158.423  14.964  85.438 157.725  12.386  84.607 152.294  14.148  83.434 152.825
  13.782  88.217 154.043  11.336  89.280 153.795  10.608  85.270 149.692  13.020
  85.198 148.660  13.843  84.025 148.466  14.708  84.742 148.269  12.624  82.885
 147.729  14.353  83.952 147.764  11.854  81.920 147.204  13.460  82.987 147.516
  12.579  81.140 147.838  13.285  83.950 149.006  16.095  84.955 149.615  16.518
  82.846 149.153  16.847  82.161 148.627  16.399
