#Frame       SA_00001
       1     498.0646
       2     494.9780
       3     498.3733
       4     493.6533
       5     496.0609
       6     498.4329
       7     494.0961
       8     496.6029
       9     491.9143
      10     498.9706
      11     497.4485
      12     489.5671
      13     494.8332
      14     496.7438
      15     503.2316
      16     495.7424
      17     500.6042
      18     491.0499
      19     498.8015
      20     496.5975
      21     491.9812
      22     500.4305
      23     499.4575
      24     494.8124
      25     497.2086
      26     495.5328
      27     499.9340
      28     497.4793
      29     494.4425
      30     490.6694
      31     504.8468
      32     494.8535
      33     494.7183
      34     492.2358
      35     501.0625
      36     497.2515
      37     495.8670
      38     500.1358
      39     494.1982
      40     487.4482
      41     495.0695
      42     496.7935
      43     490.0361
      44     496.1600
      45     501.1213
      46     497.2849
      47     495.8485
      48     498.3051
      49     495.3782
      50     495.7731
