#Frame       SA_00001
       1   21082.2016
       2   22442.7117
       3   23408.4781
       4   23478.1671
       5   23805.2437
       6   23911.2555
       7   24077.1243
       8   24284.1710
       9   23840.0968
      10   23827.9377
      11   23761.4607
      12   23658.6837
      13   23837.5054
      14   24027.1763
      15   23607.8597
      16   23634.5426
      17   23409.0862
      18   24135.8281
      19   23788.0259
      20   24096.4076
      21   23683.8498
      22   23990.4353
      23   24035.7321
      24   24099.3975
      25   23873.3416
      26   24221.5568
      27   23993.5667
      28   23916.7058
      29   24034.0583
      30   24181.6851
      31   24074.9393
      32   24430.5384
      33   24237.1516
      34   24208.7153
      35   24267.8930
      36   24062.4217
      37   23957.5462
      38   24031.8889
      39   24278.7998
      40   24001.2978
      41   23983.9397
      42   23906.0681
      43   24728.0078
      44   24380.4745
      45   24470.6428
      46   24947.9528
      47   24958.9841
      48   24735.6257
      49   24288.6318
      50   24225.1643
