Cpptraj Generated trajectory                                                    
  84.369 154.039  13.885  85.299 153.211  13.190  83.413 153.326  14.532  85.050
 151.913  13.403  83.238 151.901  14.754  84.270 151.194  13.926  84.791 155.850
  11.543  84.695 156.302  12.685  84.422 155.430  13.872  84.954 157.725  12.903
  84.553 156.221  14.925  85.003 158.430  14.160  84.715 157.336  15.198  85.251
 159.625  14.255  85.028 158.377  12.132  86.370 153.657  12.411  87.205 152.811
  11.869  82.231 151.289  15.593  81.467 150.201  15.689  80.032 150.218  16.181
  82.188 150.334  16.840  79.724 150.335  17.517  82.409 150.255  18.079  79.848
 149.909  18.839  81.261 150.055  18.479  79.578 148.933  18.951  78.943 150.109
  15.241  79.239 150.096  14.058  77.673 149.965  15.653  77.724 149.878  16.620
  84.733 154.137  13.408  85.423 153.483  12.352  84.020 153.278  14.135  85.001
 152.163  12.196  83.651 151.916  13.939  84.234 151.365  12.724  84.766 156.386
  11.401  84.927 156.579  12.573  84.955 155.525  13.605  85.173 157.985  13.022
  84.850 156.146  14.777  85.215 158.471  14.354  84.946 157.286  15.161  85.388
 159.632  14.590  85.195 158.682  12.287  86.352 154.041  11.472  87.497 153.361
  11.279  82.736 151.256  14.794  81.961 150.152  14.938  80.603 150.270  15.629
  82.829 150.209  15.995  80.422 150.234  17.016  83.110 150.131  17.200  80.729
 149.816  18.303  82.010 150.059  17.780  80.552 148.839  18.536  79.334 150.408
  14.896  79.464 150.367  13.665  78.080 150.550  15.383  78.184 150.366  16.333
  84.934 154.326  13.330  85.692 153.593  12.387  84.119 153.510  13.993  85.458
 152.282  12.331  83.877 152.030  13.897  84.785 151.442  12.925  85.004 156.403
  11.380  85.158 156.712  12.541  85.067 155.674  13.552  85.436 158.090  12.853
  85.224 156.333  14.699  85.629 158.678  14.145  85.412 157.454  15.031  85.804
 159.851  14.482  85.566 158.614  11.996  86.669 154.207  11.563  87.276 153.559
  10.534  83.026 151.252  14.758  82.064 150.288  14.869  80.610 150.569  15.314
  82.766 150.357  16.043  80.221 150.477  16.647  82.890 150.266  17.242  80.421
 150.547  18.043  81.734 150.357  17.681  79.947 149.844  18.608  79.595 150.816
  14.318  79.965 150.819  13.158  78.258 150.794  14.521  78.132 150.681  15.478
  84.875 154.689  13.164  85.635 153.998  12.213  84.051 153.876  13.855  85.447
 152.660  12.197  83.916 152.449  13.863  84.764 151.859  12.815  84.626 156.728
  11.044  84.925 157.094  12.185  84.844 156.072  13.269  85.316 158.465  12.592
  84.952 156.725  14.439  85.483 159.017  13.919  85.203 157.839  14.717  85.927
 160.116  14.188  85.433 159.158  11.862  86.509 154.575  11.300  87.421 153.892
  10.611  83.053 151.657  14.699  82.305 150.468  14.713  80.912 150.276  15.392
  83.186 150.393  15.756  80.774 149.907  16.720  83.532 150.107  16.899  81.219
 149.525  18.002  82.455 149.862  17.441  81.128 148.515  18.112  79.671 150.469
  14.598  79.806 150.930  13.452  78.384 150.280  15.045  78.520 149.994  15.964
  85.430 154.274  13.051  86.247 153.793  12.050  84.859 153.282  13.828  86.253
 152.432  12.022  84.861 151.880  13.672  85.795 151.465  12.632  84.662 156.472
  11.124  85.056 156.705  12.196  85.169 155.667  13.236  85.442 158.064  12.517
  85.566 156.310  14.336  85.767 158.602  13.786  85.869 157.418  14.626  86.002
 159.750  14.037  85.284 158.762  11.800  86.965 154.672  11.289  87.845 154.335
  10.319  84.087 150.950  14.443  83.249 149.883  14.444  81.967 149.930  15.212
  84.194 149.667  15.346  81.857 149.264  16.472  84.620 149.271  16.437  82.355
 149.072  17.755  83.582 149.109  17.103  82.052 148.153  18.077  80.813 150.792
  14.862  80.996 151.431  13.828  79.532 150.712  15.414  79.466 149.992  16.064
  85.384 154.129  13.023  86.329 153.552  12.192  84.764 153.245  13.853  86.476
 152.234  12.477  85.087 151.786  14.080  86.090 151.354  13.182  85.220 156.078
  10.821  85.220 156.414  11.984  85.043 155.487  13.149  85.431 157.803  12.335
  85.335 156.171  14.257  85.713 158.428  13.637  85.536 157.298  14.570  85.876
 159.600  13.905  85.480 158.444  11.552  87.154 154.264  11.254  88.177 153.581
  10.696  84.490 150.978  15.058  83.548 150.053  15.300  82.626 150.203  16.546
  84.635 149.539  15.799  83.056 149.839  17.796  85.336 148.974  16.617  83.704
 148.887  18.656  84.568 148.918  17.609  83.131 148.044  18.638  81.325 150.825
  16.506  80.965 151.398  15.474  80.394 150.777  17.569  80.751 150.142  18.214
  86.020 153.926  13.940  86.761 153.155  12.982  85.365 153.104  14.765  86.645
 151.817  13.143  85.302 151.699  14.905  86.035 151.044  13.830  84.916 155.548
  11.796  85.444 156.099  12.767  85.903 155.334  13.976  85.418 157.588  12.893
  86.156 156.219  14.960  85.803 158.425  14.039  86.155 157.423  15.004  85.809
 159.655  14.121  85.088 158.145  12.114  87.515 153.737  12.020  87.906 153.046
  10.945  84.533 150.912  15.816  83.494 150.024  16.056  82.376 150.288  16.948
  84.525 149.581  16.819  82.475 149.960  18.343  85.065 149.260  17.894  82.937
 149.163  19.457  84.119 149.226  18.693  82.447 148.269  19.444  81.123 150.954
  16.652  81.025 151.516  15.542  80.025 150.982  17.485  80.333 150.567  18.308
  85.585 154.251  14.186  86.504 153.598  13.311  85.086 153.443  15.078  86.544
 152.297  13.526  85.264 152.072  15.379  86.123 151.432  14.330  84.864 155.969
  11.857  85.124 156.433  13.000  85.213 155.597  14.142  85.309 157.822  13.091
  85.273 156.364  15.211  85.412 158.557  14.332  85.386 157.531  15.383  85.622
 159.767  14.379  85.410 158.338  12.225  87.178 154.291  12.263  87.620 153.574
  11.273  84.402 151.364  16.267  83.426 150.465  16.362  82.140 150.764  17.021
  84.323 150.305  17.343  81.822 150.240  18.265  84.635 150.028  18.512  82.185
 150.032  19.624  83.495 149.971  19.041  81.829 149.143  19.974  81.058 151.537
  16.409  81.288 152.004  15.345  79.933 151.728  17.054  79.965 151.292  17.923
  86.109 154.470  14.050  86.930 153.690  13.104  85.524 153.619  14.931  86.829
 152.375  13.391  85.455 152.226  15.130  86.242 151.583  14.076  86.044 156.333
  11.718  85.971 156.745  12.856  85.885 155.913  14.007  85.940 158.217  13.046
  85.699 156.721  15.079  85.725 158.914  14.280  85.666 157.849  15.291  85.795
 160.124  14.356  85.886 158.715  12.166  87.715 154.295  12.190  88.226 153.601
  11.197  84.647 151.525  16.012  83.519 150.749  16.064  82.306 151.008  16.854
  84.426 150.273  16.936  82.254 150.811  18.161  84.754 149.772  18.015  82.499
 150.024  19.328  83.709 149.848  18.688  81.955 149.163  19.380  81.061 151.522
  16.361  81.064 151.997  15.223  79.901 151.503  16.971  80.118 150.991  17.768
  85.512 154.280  13.962  86.313 153.658  12.987  85.073 153.356  14.770  86.445
 152.282  13.126  85.148 151.930  14.878  86.064 151.383  13.798  84.806 156.142
  11.672  85.047 156.556  12.852  85.196 155.639  14.005  85.312 157.994  13.135
  85.322 156.336  15.077  85.555 158.551  14.425  85.464 157.469  15.366  85.695
 159.764  14.640  85.287 158.610  12.332  86.904 154.390  11.956  87.922 154.036
  11.250  84.327 151.225  15.727  83.279 150.319  15.773  82.150 150.744  16.578
  84.191 149.786  16.565  81.965 150.182  17.824  84.545 149.270  17.627  82.386
 149.752  19.056  83.534 149.439  18.369  81.873 148.953  19.428  81.135 151.713
  16.148  81.253 152.142  15.027  80.103 152.169  16.893  79.981 151.540  17.625
  85.292 154.093  13.799  86.311 153.388  12.993  84.586 153.208  14.486  86.316
 152.062  13.093  84.519 151.745  14.511  85.594 151.226  13.656  84.852 155.796
  11.496  85.125 156.320  12.573  85.169 155.499  13.819  85.263 157.747  12.681
  85.146 156.306  14.826  85.462 158.489  13.900  85.266 157.473  14.984  85.835
 159.651  14.061  85.357 158.282  11.826  87.266 154.085  12.157  88.065 153.428
  11.349  83.674 150.873  15.313  82.618 150.073  15.339  81.439 150.374  16.130
  83.531 149.572  16.183  81.404 150.116  17.496  83.978 149.046  17.250  81.741
 149.375  18.645  83.036 149.262  18.045  81.235 148.495  18.743  80.145 150.826
  15.632  79.996 151.078  14.447  79.022 150.934  16.381  79.394 150.657  17.236
  85.263 154.345  13.604  86.102 153.533  12.779  84.504 153.560  14.378  85.895
 152.201  12.872  84.387 152.121  14.541  85.285 151.396  13.578  85.659 156.436
  11.426  85.589 156.725  12.590  85.336 155.733  13.686  85.784 158.114  12.956
  85.316 156.454  14.764  85.764 158.720  14.211  85.551 157.558  15.096  85.696
 159.872  14.399  85.826 158.631  12.086  87.112 154.032  12.003  88.243 153.341
  11.878  83.554 151.473  15.524  82.822 150.358  15.805  81.486 150.444  16.517
  83.788 150.446  16.761  81.449 150.099  17.829  84.201 150.375  17.937  81.916
 150.202  19.139  83.132 150.241  18.524  81.904 149.370  19.728  80.226 150.895
  15.953  80.250 151.351  14.868  79.054 150.996  16.624  79.094 150.461  17.435
  85.753 154.347  13.688  86.322 153.744  12.530  85.196 153.381  14.519  86.133
 152.363  12.497  85.124 151.957  14.452  85.578 151.489  13.114  84.876 156.401
  11.782  85.207 156.696  12.888  85.739 155.738  13.873  85.218 158.121  13.268
  85.934 156.420  15.023  85.632 158.679  14.523  85.952 157.554  15.372  85.663
 159.904  14.840  84.770 158.730  12.593  87.017 154.523  11.601  88.020 153.993
  10.917  84.744 151.006  15.525  83.788 150.154  16.000  82.645 150.795  16.741
  84.770 150.034  16.885  82.711 151.043  18.124  85.270 150.022  17.974  83.374
 151.150  19.324  84.348 150.500  18.680  82.935 150.655  20.099  81.362 151.205
  16.167  81.318 151.142  14.955  80.212 151.464  16.879  80.460 151.419  17.819
  86.078 154.304  13.775  86.883 153.566  12.919  85.511 153.562  14.691  86.880
 152.248  13.185  85.511 152.202  14.967  86.385 151.527  14.029  85.753 156.075
  11.272  85.804 156.563  12.414  85.838 155.703  13.676  85.848 157.996  12.595
  85.878 156.530  14.684  85.957 158.736  13.818  85.924 157.727  14.819  86.023
 159.941  13.983  85.837 158.573  11.762  87.567 154.192  11.880  88.555 153.543
  11.325  84.746 151.511  15.950  83.925 150.430  16.206  82.493 150.483  16.594
  84.584 150.674  17.326  82.090 150.486  17.910  84.690 150.752  18.533  82.276
 149.917  19.165  83.575 150.434  18.956  82.249 148.909  19.313  81.468 150.534
  15.568  81.867 150.592  14.407  80.105 150.634  15.940  80.071 150.771  16.902
  85.642 154.576  13.402  86.418 153.828  12.483  84.899 153.759  14.180  86.325
 152.491  12.551  84.804 152.364  14.256  85.694 151.694  13.267  85.280 156.475
  11.217  85.478 156.860  12.361  85.509 155.942  13.509  85.766 158.275  12.573
  85.818 156.645  14.554  86.164 158.912  13.841  86.120 157.757  14.851  86.331
 160.093  13.889  85.820 158.847  11.739  87.309 154.476  11.686  88.088 153.790
  10.803  84.170 151.542  15.302  83.807 150.283  15.716  82.368 150.008  15.812
  84.122 150.976  16.888  81.743 149.929  17.033  83.968 151.233  18.028  81.771
 149.864  18.465  82.991 150.565  18.266  81.810 148.940  18.893  81.445 149.697
  14.723  82.049 149.589  13.647  80.059 149.549  14.839  79.968 149.538  15.807
  85.867 154.325  13.768  86.742 153.790  12.807  85.387 153.445  14.635  86.800
 152.452  12.885  85.445 152.049  14.625  86.390 151.558  13.579  85.210 156.102
  11.573  85.396 156.553  12.685  85.553 155.664  13.854  85.442 157.992  12.941
  85.640 156.450  14.911  85.582 158.714  14.193  85.683 157.608  15.158  85.826
 159.916  14.258  85.348 158.488  12.063  87.439 154.580  11.893  88.117 153.936
  10.896  84.598 151.262  15.428  84.144 150.103  16.024  82.689 149.736  15.882
  84.149 151.038  17.055  81.813 149.898  16.943  83.707 151.459  18.108  81.244
 150.686  17.973  82.584 151.056  18.099  81.006 150.008  18.697  82.151 149.068
  14.630  82.919 148.830  13.739  80.819 148.871  14.332  80.253 149.183  15.059
  86.290 153.829  14.230  87.057 152.990  13.331  85.738 153.128  15.198  87.095
 151.695  13.756  85.802 151.747  15.480  86.714 151.010  14.677  86.145 155.618
  11.775  86.050 156.120  12.874  86.066 155.274  14.113  86.004 157.539  13.002
  86.073 156.107  15.098  85.974 158.390  14.218  85.963 157.311  15.245  85.956
 159.644  14.248  85.998 158.001  12.100  87.756 153.464  12.249  88.439 152.631
  11.398  84.886 151.077  16.346  84.325 149.917  16.676  82.966 149.706  16.113
  84.171 150.846  17.717  81.789 150.044  16.794  83.431 151.347  18.543  81.067
 150.406  17.977  82.304 150.981  18.285  80.898 149.584  18.556  82.760 149.218
  14.797  83.734 148.862  14.088  81.470 149.012  14.253  80.851 149.031  15.003
  86.422 154.171  14.390  87.212 153.354  13.547  85.826 153.360  15.304  87.088
 152.009  13.768  85.588 151.915  15.450  86.428 151.249  14.443  85.822 155.727
  11.885  86.014 156.342  12.936  86.177 155.535  14.253  86.092 157.779  13.020
  86.552 156.461  15.145  86.473 158.565  14.170  86.738 157.590  15.228  86.443
 159.837  14.220  86.008 158.274  12.140  88.013 153.942  12.718  88.984 153.246
  12.053  84.807 151.298  16.467  84.227 150.101  16.771  82.930 149.669  16.192
  84.033 150.913  17.852  81.719 150.126  16.757  83.248 151.341  18.695  80.907
 150.869  17.730  82.142 151.095  18.266  80.366 150.233  18.315  82.834 148.882
  14.996  83.888 148.625  14.384  81.664 148.231  14.634  80.989 148.611  15.222
  86.087 153.606  14.029  86.752 152.729  13.078  85.578 152.836  15.088  86.525
 151.427  13.301  85.535 151.406  15.252  86.143 150.645  14.160  85.740 155.456
  11.587  85.894 155.950  12.728  85.957 155.001  13.935  86.061 157.381  13.013
  85.957 155.828  15.022  86.311 158.077  14.235  86.167 157.000  15.196  86.608
 159.246  14.339  85.894 157.910  12.165  87.382 153.136  11.933  88.526 152.528
  11.605  84.765 150.825  16.237  84.204 149.646  16.640  82.824 149.295  16.542
  84.365 150.377  17.794  81.861 149.496  17.511  83.999 150.823  18.832  81.346
 150.295  18.670  82.739 150.596  18.799  81.001 149.700  19.423  82.325 148.816
  15.312  83.106 148.667  14.386  81.052 148.419  15.079  80.585 148.406  15.932
  85.871 153.932  14.191  86.820 153.291  13.304  85.336 153.052  15.073  86.951
 151.965  13.578  85.554 151.643  15.226  86.559 151.108  14.353  85.268 155.714
  11.795  85.465 156.201  12.891  85.563 155.318  14.118  85.653 157.602  13.031
  85.982 156.072  15.077  86.077 158.304  14.207  86.203 157.243  15.221  86.199
 159.514  14.336  85.572 158.230  12.240  87.465 154.036  12.318  88.267 153.314
  11.466  84.589 150.928  15.955  84.365 149.693  16.443  83.027 149.138  16.623
  84.504 150.533  17.544  82.265 149.190  17.773  84.219 150.997  18.605  81.820
 149.954  18.929  83.106 150.449  18.807  81.576 149.372  19.730  82.347 148.446
  15.596  82.872 148.511  14.499  81.229 147.713  15.668  80.828 147.863  16.541
  86.027 154.008  13.833  86.626 153.334  12.734  85.755 153.137  14.766  86.707
 151.993  12.847  85.834 151.731  14.925  86.368 151.153  13.684  85.108 156.091
  11.769  85.378 156.381  12.874  85.629 155.346  13.996  85.585 157.758  13.130
  85.954 156.117  15.044  86.017 158.366  14.339  86.133 157.206  15.325  86.349
 159.598  14.449  85.583 158.413  12.357  86.921 153.996  11.593  88.135 153.941
  11.029  85.303 151.049  16.068  84.771 149.883  16.528  83.308 149.790  16.501
  85.092 150.634  17.584  82.536 150.111  17.653  84.846 151.169  18.719  82.339
 150.613  18.942  83.646 150.942  18.810  82.348 149.972  19.735  82.548 149.392
  15.336  83.182 149.048  14.343  81.233 149.114  15.311  80.955 149.378  16.205
  86.129 153.883  13.412  87.128 153.390  12.574  85.500 152.891  14.083  87.314
 152.008  12.682  85.794 151.504  14.342  86.913 151.110  13.394  85.336 155.769
  11.284  85.552 156.221  12.380  85.853 155.331  13.502  85.587 157.665  12.662
  86.179 156.059  14.496  85.844 158.366  13.972  86.193 157.208  14.819  85.902
 159.561  14.108  85.294 158.261  11.897  88.006 154.174  11.853  88.837 153.525
  11.066  85.510 150.792  15.513  84.866 149.784  16.099  83.375 149.932  16.262
  85.395 150.484  17.102  82.783 150.757  17.120  85.406 151.145  18.171  82.764
 151.246  18.478  84.154 151.241  18.340  82.308 150.639  19.159  82.403 149.259
  15.385  82.872 148.469  14.599  81.035 149.437  15.395  80.854 150.003  16.165
  86.023 153.890  13.381  87.042 153.537  12.461  85.614 152.811  14.062  87.233
 152.171  12.382  85.772 151.388  13.963  86.822 151.123  12.866  84.971 155.968
  11.351  85.185 156.230  12.526  85.502 155.178  13.609  85.274 157.672  12.887
  85.825 155.860  14.653  85.604 158.223  14.185  85.891 157.006  15.017  85.802
 159.417  14.357  85.221 158.262  12.065  87.768 154.463  11.657  88.818 153.991
  10.977  85.398 150.501  15.021  84.402 149.688  15.419  83.023 150.070  15.376
  84.965 150.181  16.510  82.315 150.537  16.473  84.899 150.769  17.598  82.259
 150.853  17.888  83.619 150.848  17.736  81.953 150.013  18.378  82.271 150.064
  14.153  82.863 149.713  13.142  80.943 150.429  13.976  80.525 150.512  14.850
  85.789 153.741  13.870  86.697 153.174  12.924  85.393 152.814  14.733  87.018
 151.921  13.117  85.792 151.446  14.950  86.774 151.054  13.924  84.672 155.580
  11.846  85.133 155.989  12.873  85.374 155.044  14.032  85.325 157.452  12.961
  85.908 155.889  14.883  85.926 158.134  14.030  86.242 157.017  14.999  86.023
 159.323  14.154  84.946 157.948  12.163  87.310 153.999  11.964  88.163 153.605
  11.029  84.942 150.522  15.635  83.993 149.534  15.509  82.628 150.050  15.110
  84.056 149.800  16.859  81.639 150.432  16.027  83.633 150.117  17.967  81.287
 151.054  17.210  82.495 150.529  17.633  80.367 150.818  17.582  82.154 150.240
  13.714  83.083 150.333  12.869  80.856 150.224  13.220  80.289 149.935  13.956
  85.485 153.920  13.610  86.015 153.236  12.498  84.774 153.117  14.420  85.677
 151.937  12.485  84.649 151.745  14.456  85.063 151.139  13.178  84.686 155.881
  11.456  85.199 156.243  12.505  85.499 155.337  13.632  85.342 157.675  12.777
  85.872 156.029  14.642  85.782 158.300  13.974  86.004 157.169  14.904  85.912
 159.511  14.217  84.952 158.343  12.123  86.586 153.800  11.418  87.724 153.388
  11.020  84.118 151.001  15.506  83.365 149.895  15.778  81.929 150.087  15.537
  83.500 150.518  16.989  81.005 150.379  16.563  83.154 151.009  18.070  80.537
 151.007  17.748  81.928 150.947  17.948  80.095 150.244  18.259  81.237 150.003
  14.243  81.901 150.021  13.216  79.837 150.089  14.172  79.513 149.958  15.079
  85.715 153.955  13.428  86.407 153.181  12.475  84.883 153.214  14.218  86.018
 151.899  12.471  84.548 151.845  14.266  85.187 151.199  13.099  85.200 155.865
  11.311  85.587 156.267  12.409  85.782 155.343  13.482  85.733 157.733  12.693
  86.121 156.064  14.580  85.987 158.355  13.934  86.157 157.217  14.868  85.995
 159.578  14.162  85.510 158.370  11.937  87.428 153.641  11.659  88.596 153.094
  11.710  83.635 151.219  15.139  82.927 150.087  15.325  81.419 150.041  15.307
  83.346 150.537  16.539  80.769 150.307  16.502  83.164 150.758  17.732  80.543
 151.074  17.637  81.932 150.889  17.778  79.998 150.458  18.240  80.481 149.748
  14.183  81.010 149.547  13.097  79.094 149.611  14.310  79.014 149.910  15.232
  85.388 154.161  13.280  86.237 153.420  12.390  84.535 153.291  13.914  85.911
 152.098  12.333  84.270 151.923  13.904  85.181 151.309  12.844  85.452 156.175
  11.297  85.749 156.505  12.444  85.631 155.486  13.543  86.111 157.835  12.857
  85.709 156.138  14.718  86.271 158.381  14.140  85.976 157.222  15.025  86.561
 159.504  14.464  86.123 158.481  12.077  87.237 153.999  11.599  88.032 153.268
  10.893  83.416 151.213  14.754  82.659 150.027  14.907  81.121 150.279  15.063
  83.241 150.265  16.119  80.665 150.877  16.252  83.209 150.409  17.330  80.656
 150.924  17.694  82.001 150.606  17.498  80.167 150.097  18.036  80.097 149.958
  13.985  80.501 149.501  12.921  78.732 150.050  14.241  78.538 150.209  15.180
  85.174 154.025  13.551  86.019 153.210  12.712  84.314 153.280  14.288  85.770
 151.879  12.916  84.131 151.868  14.453  84.993 151.166  13.538  85.333 156.083
  11.171  85.510 156.338  12.350  85.139 155.457  13.533  85.884 157.697  12.655
  85.202 156.189  14.593  85.955 158.340  13.947  85.573 157.289  14.840  86.309
 159.485  14.163  86.183 158.207  11.832  87.040 153.672  11.920  87.638 152.869
  11.040  83.139 151.181  15.216  82.491 150.080  15.525  80.996 149.883  15.479
  82.667 150.768  16.704  80.148 150.237  16.556  82.458 151.261  17.851  79.862
 150.766  17.901  81.249 151.052  17.855  79.587 150.013  18.530  80.237 149.267
  14.371  80.943 148.869  13.424  78.903 149.150  14.288  78.439 149.625  14.999
  84.948 153.789  13.475  85.605 152.877  12.697  84.070 153.193  14.352  85.304
 151.581  13.025  83.758 151.794  14.535  84.528 150.928  13.692  85.261 155.620
  11.114  85.465 156.011  12.230  85.078 155.234  13.439  85.995 157.361  12.431
  85.400 155.998  14.483  86.162 158.122  13.695  85.761 157.132  14.684  86.589
 159.227  13.793  86.225 157.829  11.562  86.420 153.299  11.708  87.388 152.514
  11.187  82.673 151.359  15.306  82.118 150.244  15.776  80.747 149.918  15.488
  82.214 151.155  16.808  79.780 150.209  16.515  81.663 151.722  17.782  79.244
 150.687  17.742  80.527 151.251  17.765  79.116 149.973  18.458  80.317 149.144
  14.324  81.216 148.685  13.581  78.987 148.890  14.049  78.427 149.223  14.771
  85.131 153.633  13.598  85.844 152.694  12.784  84.389 152.895  14.525  85.550
 151.390  12.975  84.147 151.465  14.739  84.922 150.693  13.731  85.070 155.522
  11.456  85.267 155.935  12.565  85.084 155.039  13.710  85.639 157.281  12.813
  85.336 155.711  14.850  85.862 157.977  14.092  85.633 156.835  15.052  86.077
 159.183  14.178  86.042 157.703  11.985  86.709 153.072  11.757  87.643 152.332
  11.289  83.005 151.014  15.407  82.195 149.937  15.728  80.775 149.793  15.303
  82.162 150.746  16.769  79.698 150.181  16.107  81.613 151.309  17.692  79.102
 150.800  17.293  80.398 151.166  17.544  78.745 150.122  17.966  80.421 149.243
  14.040  81.311 148.754  13.357  79.098 149.230  13.575  78.447 149.634  14.173
  85.407 153.769  13.096  86.222 153.031  12.230  84.416 153.059  13.614  85.836
 151.742  12.121  84.068 151.683  13.446  84.956 151.010  12.522  85.035 155.759
  11.184  85.423 156.137  12.274  85.646 155.121  13.326  85.629 157.612  12.503
  85.756 155.882  14.387  85.869 158.152  13.769  85.807 157.007  14.658  86.019
 159.320  13.990  85.746 158.231  11.709  87.309 153.548  11.531  88.177 152.717
  10.855  83.142 151.123  14.380  82.413 150.044  14.606  80.968 150.175  14.748
  82.882 150.365  15.813  80.357 150.587  15.892  82.842 150.537  17.002  80.270
 150.767  17.301  81.627 150.690  17.199  79.799 149.975  17.737  80.050 149.742
  13.740  80.537 149.599  12.590  78.715 149.432  13.890  78.435 149.567  14.811
  84.936 154.415  13.138  85.927 153.639  12.478  83.989 153.649  13.615  85.707
 152.297  12.578  83.849 152.199  13.687  84.970 151.460  13.064  84.929 156.607
  10.998  85.136 156.899  12.140  84.930 155.864  13.227  85.622 158.217  12.547
  85.190 156.494  14.351  85.907 158.707  13.894  85.443 157.558  14.754  86.393
 159.824  14.093  85.778 158.936  11.851  87.012 154.231  11.846  87.710 153.764
  10.766  82.802 151.573  14.442  82.227 150.355  14.710  80.914 150.261  15.327
  83.133 150.558  15.716  80.667 150.301  16.691  83.450 150.535  16.906  81.063
 150.201  18.063  82.370 150.344  17.480  80.781 149.319  18.490  79.737 150.210
  14.389  79.991 150.360  13.199  78.428 150.150  14.698  78.424 149.955  15.650
  84.959 154.232  13.261  85.759 153.324  12.483  84.127 153.528  14.078  85.497
 152.042  12.735  83.957 152.154  14.401  84.866 151.342  13.516  85.072 156.188
  10.900  85.238 156.640  12.059  85.094 155.681  13.220  85.512 158.080  12.360
  85.238 156.358  14.330  85.623 158.669  13.692  85.534 157.495  14.606  85.756
 159.856  13.988  85.594 158.687  11.553  86.572 153.750  11.451  87.783 153.140
  11.242  83.013 151.533  15.227  82.037 150.525  15.247  80.769 150.814  15.901
  82.948 150.137  16.253  80.663 151.005  17.288  83.174 149.907  17.421  80.993
 150.653  18.639  82.173 150.256  18.026  80.462 149.844  18.962  79.497 150.775
  15.171  79.487 150.796  13.922  78.310 150.686  15.680  78.492 150.547  16.625
  85.322 154.402  13.762  86.130 153.483  13.023  84.515 153.737  14.620  85.911
 152.230  13.387  84.365 152.363  14.995  85.350 151.568  14.228  85.397 156.207
  11.378  85.530 156.675  12.450  85.296 155.857  13.631  85.775 158.127  12.612
  85.281 156.669  14.657  85.727 158.847  13.783  85.415 157.829  14.825  85.830
 160.084  13.814  86.101 158.597  11.775  87.100 153.779  12.080  87.731 152.868
  11.353  83.458 151.831  15.986  82.653 150.746  16.193  81.288 150.839  16.751
  83.488 150.937  17.274  81.074 150.725  18.100  83.771 150.844  18.438  81.440
 150.152  19.366  82.694 150.631  19.004  81.359 149.139  19.443  80.050 150.766
  16.039  80.138 150.796  14.887  78.813 150.581  16.464  78.825 150.594  17.437
  85.153 154.389  13.751  85.864 153.712  12.677  84.613 153.464  14.564  85.708
 152.369  12.651  84.469 152.039  14.470  85.192 151.471  13.340  84.588 156.319
  11.610  84.981 156.761  12.640  85.136 155.859  13.777  85.414 158.139  12.735
  85.560 156.566  14.804  85.746 158.811  13.959  85.715 157.698  15.033  86.045
 159.998  14.033  85.454 158.718  11.904  86.588 154.334  11.698  87.679 153.698
  11.207  83.924 151.231  15.446  83.082 150.264  15.934  81.681 150.512  16.291
  83.837 150.626  16.974  81.254 150.539  17.591  83.965 150.841  18.149  81.407
 150.901  19.000  82.822 150.881  18.597  81.142 150.092  19.560  80.640 150.847
  15.368  80.896 151.118  14.223  79.352 150.843  15.631  79.273 150.676  16.586
  85.469 153.804  13.611  86.351 153.073  12.781  84.796 153.038  14.416  86.290
 151.726  13.009  84.748 151.579  14.626  85.667 150.925  13.629  85.009 155.658
  11.313  85.271 156.129  12.403  85.401 155.179  13.581  85.638 157.525  12.633
  85.482 155.993  14.636  85.769 158.202  13.899  85.664 157.109  14.856  85.982
 159.374  14.028  85.630 158.152  11.837  87.211 153.671  11.840  88.153 153.052
  11.140  83.960 150.918  15.585  82.985 149.964  15.804  81.522 150.225  15.680
  83.364 150.387  17.034  80.757 150.544  16.802  83.120 150.746  18.175  80.611
 151.423  17.906  81.958 151.025  18.115  79.898 151.121  18.569  80.678 150.074
  14.482  81.258 149.892  13.469  79.398 150.308  14.342  79.078 150.221  15.256
  85.158 154.399  13.789  86.121 153.614  13.137  84.336 153.622  14.615  86.141
 152.347  13.483  84.482 152.237  14.954  85.560 151.598  14.254  84.486 155.933
  11.454  84.915 156.499  12.476  85.071 155.771  13.673  85.341 157.884  12.490
  85.344 156.577  14.631  85.579 158.668  13.677  85.549 157.704  14.764  85.630
 159.838  13.727  85.310 158.331  11.582  87.087 154.145  12.308  87.986 153.389
  11.616  83.503 151.488  15.742  82.822 150.344  15.869  81.499 150.183  15.213
  82.619 151.087  17.055  80.448 150.427  16.004  81.931 151.530  17.955  79.609
 151.232  16.798  80.809 151.378  17.464  78.912 150.723  17.340  81.166 149.694
  13.893  81.990 149.778  13.001  79.981 149.401  13.352  79.357 149.633  14.061
  85.386 154.019  13.753  86.152 153.292  12.838  84.746 153.177  14.594  86.167
 151.907  13.131  84.630 151.758  14.808  85.541 151.131  13.861  84.585 155.941
  11.498  85.073 156.351  12.540  85.417 155.431  13.739  85.256 157.774  12.729
  85.696 156.187  14.741  85.642 158.425  13.983  85.689 157.366  14.976  85.648
 159.656  14.062  85.262 158.337  11.886  86.884 153.884  11.851  88.034 153.387
  11.403  83.895 151.035  15.829  83.187 150.001  16.305  81.827 149.767  15.709
  83.063 150.912  17.265  80.658 150.194  16.367  82.401 151.580  18.032  79.920
 150.880  17.382  81.193 151.299  17.744  79.591 150.239  18.103  81.589 149.130
  14.371  82.562 148.877  13.764  80.418 149.045  13.705  79.637 149.073  14.284
  85.162 153.780  13.720  86.015 153.070  12.835  84.601 152.920  14.587  86.024
 151.735  12.975  84.671 151.495  14.742  85.543 150.904  13.752  84.590 155.733
  11.547  84.818 156.148  12.680  84.825 155.180  13.795  84.997 157.556  12.938
  84.856 155.897  14.845  85.187 158.142  14.218  84.936 157.058  15.152  85.468
 159.344  14.416  85.098 158.154  12.126  86.800 153.691  11.889  87.736 153.065
  11.229  83.965 150.715  15.629  83.181 149.649  15.843  81.845 149.617  15.262
  83.127 150.316  17.039  80.733 149.895  16.048  82.508 150.789  18.001  80.064
 150.107  17.264  81.333 150.554  17.714  79.704 149.284  17.746  81.510 149.269
  13.923  82.388 148.899  13.174  80.286 149.049  13.400  79.690 149.276  14.133
  85.142 154.099  13.586  85.876 153.376  12.609  84.457 153.261  14.417  85.776
 151.995  12.749  84.333 151.872  14.455  85.147 151.199  13.450  84.723 156.146
  11.407  84.978 156.413  12.556  85.051 155.457  13.656  85.210 157.797  12.846
  85.289 156.224  14.714  85.399 158.524  14.073  85.369 157.329  14.991  85.673
 159.709  14.182  85.151 158.416  12.045  86.580 154.028  11.549  87.496 153.350
  10.905  83.431 151.173  15.357  82.871 150.032  15.701  81.504 149.682  15.345
  82.777 150.868  16.829  80.539 149.612  16.320  82.209 151.310  17.806  79.862
 150.348  17.299  81.100 150.792  17.670  79.371 149.818  18.018  81.099 149.277
  13.994  81.886 149.159  13.114  79.837 149.102  13.657  79.393 149.288  14.502
  85.034 153.964  13.313  86.019 153.279  12.565  84.386 153.132  14.129  86.113
 151.939  12.901  84.463 151.712  14.373  85.581 151.159  13.658  84.797 155.772
  10.980  85.001 156.232  12.084  84.834 155.350  13.300  85.438 157.586  12.273
  85.095 156.112  14.325  85.697 158.300  13.507  85.466 157.218  14.519  86.132
 159.397  13.626  85.553 158.111  11.413  86.818 153.966  11.710  87.729 153.226
  11.048  83.581 150.958  15.270  82.593 150.020  15.368  81.164 150.255  15.249
  82.926 150.442  16.634  80.388 150.811  16.226  82.650 150.823  17.786  80.043
 151.067  17.586  81.435 151.026  17.711  79.686 150.239  18.063  80.382 149.814
  14.114  80.989 149.553  13.075  79.092 149.896  14.030  78.931 150.321  14.889
  85.263 154.133  13.107  86.014 153.327  12.227  84.374 153.371  13.790  85.699
 152.011  12.183  84.027 151.955  13.823  84.912 151.224  12.834  85.370 156.099
  10.818  85.457 156.484  11.964  85.377 155.550  13.178  85.620 157.842  12.195
  85.354 156.319  14.227  85.626 158.529  13.457  85.519 157.459  14.482  85.717
 159.756  13.642  85.598 158.398  11.348  87.062 153.881  11.469  87.966 153.198
  10.717  83.197 151.329  14.753  82.576 150.147  14.963  81.065 149.915  14.879
  82.680 150.751  16.169  80.283 149.966  16.042  82.325 151.202  17.298  79.698
 150.634  17.097  81.140 150.856  17.297  79.217 150.012  17.746  80.333 149.747
  13.682  81.063 149.746  12.713  78.985 149.736  13.493  78.575 149.764  14.375
  84.999 154.024  13.416  85.901 153.364  12.494  84.277 153.084  14.113  85.876
 151.981  12.638  84.360 151.680  14.188  85.437 151.090  13.302  84.710 156.034
  11.296  84.937 156.404  12.428  84.917 155.421  13.492  85.150 157.847  12.829
  85.086 156.089  14.628  85.312 158.324  14.120  85.224 157.232  14.953  85.425
 159.461  14.421  85.267 158.455  12.026  86.648 153.977  11.530  87.341 153.296
  10.622  83.720 150.935  15.181  82.780 149.930  15.310  81.399 150.226  14.871
  82.950 150.583  16.561  80.464 150.771  15.773  82.511 151.067  17.569  80.038
 151.650  16.838  81.339 151.296  17.209  79.202 151.336  17.330  80.755 149.788
  13.590  81.478 149.155  12.913  79.467 150.041  13.177  79.158 150.793  13.711
  85.054 154.556  13.783  85.859 153.729  12.982  84.395 153.839  14.605  85.838
 152.440  13.285  84.384 152.430  14.907  85.290 151.710  14.071  84.788 156.393
  11.407  85.026 156.863  12.504  84.871 155.957  13.701  85.274 158.221  12.599
  84.943 156.702  14.762  85.314 158.913  13.854  85.074 157.831  14.946  85.606
 160.053  14.042  85.527 158.712  11.750  86.664 154.171  11.880  87.404 153.394
  11.138  83.510 151.826  15.772  82.701 150.773  15.939  81.312 150.817  15.680
  82.853 151.281  17.217  80.360 151.238  16.569  82.520 151.622  18.307  79.851
 151.512  17.873  81.239 151.633  18.171  79.427 150.694  18.309  80.715 150.662
  14.366  81.420 150.188  13.451  79.428 150.862  13.987  79.005 150.951  14.858
  84.891 154.263  13.721  85.574 153.291  12.813  84.105 153.588  14.654  85.218
 152.008  13.157  83.845 152.199  14.874  84.483 151.329  13.834  85.679 155.984
  11.392  85.577 156.467  12.483  85.086 155.713  13.646  85.997 157.834  12.718
  85.124 156.523  14.656  85.929 158.595  13.989  85.419 157.616  14.903  86.149
 159.792  14.066  86.393 158.403  11.979  86.535 153.562  11.877  86.792 152.715
  10.902  82.957 151.713  15.838  82.204 150.645  16.192  80.791 150.755  15.896
  82.413 151.264  17.353  79.843 151.316  16.714  82.025 151.733  18.419  79.412
 151.584  18.042  80.803 151.706  18.248  78.948 150.830  18.548  80.215 150.411
  14.574  81.019 150.193  13.647  78.928 150.333  14.259  78.424 150.522  15.070
  84.954 153.734  13.636  85.802 152.899  12.847  84.294 153.034  14.550  85.668
 151.607  13.148  84.238 151.574  14.889  85.132 150.860  13.927  85.335 155.519
  11.280  85.315 156.063  12.377  84.773 155.234  13.549  85.704 157.491  12.628
  84.723 156.087  14.560  85.624 158.134  13.873  85.013 157.207  14.753  86.057
 159.295  13.968  85.947 158.158  11.906  86.678 153.370  11.865  87.116 152.623
  10.900  83.310 151.025  15.787  82.236 150.171  15.968  81.019 150.334  15.237
  82.168 151.085  16.958  79.894 150.897  15.759  81.578 151.910  17.696  79.259
 151.959  16.500  80.531 151.991  17.063  78.584 151.608  17.178  80.939 150.041
  13.848  81.965 149.793  13.246  79.790 150.096  13.059  79.080 150.420  13.640
  84.984 154.371  13.570  85.853 153.593  12.865  84.055 153.617  14.271  85.665
 152.305  13.035  83.943 152.124  14.412  84.874 151.470  13.492  85.016 156.372
  11.418  85.314 156.666  12.547  85.071 155.778  13.658  85.828 158.050  12.746
  85.549 156.385  14.733  86.189 158.594  14.034  85.970 157.456  15.013  86.597
 159.725  14.213  86.162 158.473  11.888  86.848 154.142  12.093  87.717 153.458
  11.333  83.121 151.371  15.339  82.293 150.294  15.492  80.991 150.367  15.018
  82.306 151.009  16.666  79.900 150.829  15.732  81.771 151.482  17.649  79.310
 151.782  16.647  80.579 151.593  17.252  78.572 151.353  17.203  80.524 149.741
  13.755  81.409 149.504  12.934  79.256 149.449  13.331  78.671 149.781  14.032
  85.079 154.098  13.094  85.728 153.243  12.265  84.141 153.363  13.839  85.328
 151.951  12.303  83.781 151.971  13.911  84.579 151.230  12.889  85.680 156.158
  11.066  85.693 156.432  12.260  85.505 155.440  13.304  85.925 157.813  12.678
  85.429 156.046  14.454  85.895 158.346  13.947  85.505 157.166  14.817  86.310
 159.420  14.163  86.072 158.506  11.953  86.723 153.634  11.347  86.972 152.910
  10.285  82.764 151.499  14.750  81.977 150.428  15.069  80.582 150.489  15.006
  82.380 150.947  16.283  79.749 150.711  16.070  82.171 151.333  17.416  79.497
 150.888  17.511  80.918 151.228  17.457  79.312 149.997  17.970  79.854 150.192
  13.813  80.424 149.641  12.875  78.609 150.568  13.542  78.197 151.057  14.275
  84.678 153.408  12.886  85.370 152.618  11.887  83.991 152.642  13.646  85.024
 151.325  11.870  83.708 151.193  13.721  84.366 150.542  12.519  84.675 155.191
  10.704  84.995 155.589  11.773  84.862 154.809  12.978  85.538 156.958  11.970
  85.250 155.487  14.000  85.825 157.675  13.156  85.640 156.601  14.193  86.091
 158.874  13.239  85.811 157.509  11.164  86.442 153.136  11.142  87.613 152.614
  11.494  83.097 150.500  14.833  82.039 149.786  15.200  80.683 150.290  14.884
  82.422 150.481  16.367  80.109 151.334  15.598  82.328 151.334  17.279  79.770
 151.935  16.803  81.170 151.723  17.028  79.028 151.471  17.326  79.951 149.905
  13.713  80.526 149.227  12.861  78.677 150.196  13.448  78.344 150.729  14.190
  85.337 153.606  13.082  85.938 152.603  12.311  84.403 153.083  13.929  85.466
 151.362  12.568  83.915 151.741  14.167  84.624 150.835  13.277  86.427 155.406
  11.029  86.113 155.840  12.117  85.586 155.022  13.135  86.326 157.329  12.467
  85.448 155.699  14.236  85.963 157.962  13.696  85.571 156.833  14.523  86.102
 159.110  14.059  86.770 157.839  11.713  87.022 152.828  11.428  87.468 151.908
  10.574  82.878 151.276  15.083  82.144 150.196  15.502  80.726 150.140  15.079
  82.197 151.062  16.530  79.693 150.546  15.882  81.712 151.723  17.413  79.119
 151.258  16.994  80.456 151.537  17.311  78.607 150.655  17.636  80.238 149.880
  13.718  81.068 149.776  12.873  78.867 149.778  13.314  78.428 149.938  14.167
