Cpptraj Generated trajectory                                                    
  84.279 154.673  13.804  85.361 153.813  13.526  83.324 153.945  14.342  85.135
 152.429  13.841  82.961 152.861  14.738  83.843 152.110  14.411  84.801 156.335
  11.364  84.682 156.852  12.481  84.356 156.075  13.694  85.036 158.309  12.659
  84.445 156.890  14.733  85.067 159.026  13.903  84.639 158.009  14.929  85.285
 160.214  14.024  85.246 158.926  11.883  86.570 154.370  12.996  86.917 153.929
  11.824  86.014 151.337  13.596  87.030 150.670  14.183  86.747 149.443  14.888
  87.178 150.306  12.911  86.688 148.164  14.302  87.311 149.544  11.988  87.211
 147.278  13.347  87.199 148.438  12.546  86.503 146.617  13.027  86.499 149.434
  16.354  86.757 148.461  17.045  86.077 150.510  17.060  86.144 151.285  16.476
  84.572 154.439  13.687  85.574 153.733  13.105  83.557 153.628  14.055  85.330
 152.319  13.056  83.105 152.506  13.907  83.999 151.858  13.406  84.488 156.556
  11.530  84.594 156.841  12.707  84.519 155.845  13.825  84.991 158.178  13.067
  84.650 156.501  14.975  85.187 158.713  14.385  84.881 157.628  15.309  85.525
 159.854  14.602  85.188 158.764  12.265  86.808 154.333  12.715  87.083 154.259
  11.445  86.257 151.363  12.624  87.328 150.730  13.094  87.155 149.678  14.121
  87.077 150.126  11.895  87.208 148.341  13.787  86.816 149.121  11.215  86.538
 147.276  13.137  86.685 148.167  12.068  85.568 147.164  13.432  86.833 149.934
  15.504  86.659 148.990  16.244  86.805 151.185  16.024  87.160 151.750  15.317
  84.723 154.539  13.638  85.636 153.753  12.989  83.752 153.776  14.087  85.338
 152.339  12.926  83.356 152.677  14.283  84.077 151.951  13.582  84.963 156.512
  11.546  85.084 156.918  12.660  84.850 155.919  13.821  85.397 158.313  12.954
  85.027 156.636  14.877  85.610 158.926  14.241  85.311 157.744  15.093  85.862
 160.087  14.475  85.614 158.824  12.106  86.734 154.251  12.371  87.066 153.764
  11.171  86.126 151.291  12.376  87.077 150.408  12.598  86.917 149.324  13.659
  86.519 149.937  11.483  86.407 148.059  13.318  86.002 149.085  10.790  85.809
 147.091  12.469  85.900 148.100  11.527  84.848 146.837  12.699  87.293 149.459
  15.058  87.207 148.453  15.796  87.689 150.633  15.552  87.681 151.259  14.808
  84.945 154.698  13.295  85.759 153.842  12.502  84.147 153.892  13.926  85.494
 152.451  12.630  83.670 152.813  14.177  84.356 152.047  13.476  85.004 156.552
  11.224  85.222 156.965  12.359  84.992 156.034  13.470  85.493 158.375  12.650
  85.077 156.743  14.595  85.612 159.019  13.977  85.353 157.869  14.888  85.965
 160.158  14.201  85.529 159.012  11.863  86.774 154.331  11.779  87.330 153.724
  10.755  86.193 151.454  11.966  87.047 150.403  12.183  86.758 149.390  13.234
  86.295 150.064  11.166  86.108 148.192  12.992  85.608 149.300  10.520  85.259
 147.348  12.229  85.364 148.380  11.305  84.291 147.189  12.507  86.986 149.771
  14.652  86.662 148.961  15.505  87.754 150.833  14.928  87.983 151.232  14.071
  85.566 154.586  13.569  85.928 153.705  12.500  85.320 153.887  14.641  85.952
 152.385  12.894  85.150 152.775  15.092  85.505 151.973  14.239  84.675 156.319
  11.256  85.223 156.724  12.258  85.375 155.950  13.484  85.478 158.151  12.333
  85.583 156.833  14.488  85.831 158.939  13.477  85.824 157.979  14.554  86.138
 160.118  13.521  85.214 158.678  11.509  86.313 154.142  11.258  87.528 154.703
  11.203  86.382 151.369  12.029  87.287 150.425  11.756  87.307 149.228  12.694
  86.273 150.240  10.872  86.418 148.166  12.509  85.438 149.553  10.328  85.542
 147.351  11.751  85.355 148.510  10.998  84.673 147.004  12.155  88.290 149.132
  13.805  88.192 148.205  14.601  89.236 150.058  14.059  89.232 150.517  13.202
  85.637 154.430  13.762  86.185 153.496  12.829  85.244 153.757  14.826  86.133
 152.121  13.231  85.192 152.685  15.401  85.720 151.888  14.597  85.324 156.280
  11.244  85.475 156.678  12.401  85.422 155.834  13.629  85.717 158.122  12.579
  85.705 156.659  14.618  85.940 158.848  13.822  85.926 157.793  14.830  85.924
 160.069  13.951  85.738 158.679  11.732  86.606 153.862  11.613  87.931 153.847
  11.319  86.466 150.903  12.493  87.353 150.132  11.874  87.831 148.885  12.509
  86.121 149.751  11.463  87.259 147.653  12.360  85.227 148.967  11.129  86.497
 146.704  11.635  85.686 147.856  11.401  86.035 145.948  12.138  89.014 148.874
  13.470  89.368 147.886  14.022  89.829 149.865  13.599  89.336 150.591  13.179
  86.036 153.914  14.318  86.255 152.983  13.233  85.984 153.218  15.379  86.331
 151.637  13.615  85.962 152.103  15.918  86.055 151.315  14.993  84.620 155.428
  12.209  85.201 156.023  13.090  85.895 155.321  14.181  85.320 157.448  13.059
  86.279 156.216  15.058  85.805 158.349  14.071  86.249 157.420  15.102  85.745
 159.596  14.086  84.886 157.904  12.265  86.513 153.426  11.923  87.627 153.992
  11.594  86.488 150.618  12.587  87.241 149.688  11.898  87.781 148.631  12.791
  85.975 149.372  11.591  87.188 147.373  12.777  85.005 148.642  11.539  86.006
 146.627  13.009  85.517 147.652  12.137  85.508 146.599  13.898  89.018 148.718
  13.557  89.341 147.735  14.252  89.746 149.845  13.864  89.639 150.555  13.208
  85.718 154.191  14.618  86.187 153.435  13.533  85.454 153.424  15.670  86.367
 152.101  13.878  85.553 152.315  16.138  86.102 151.682  15.228  84.090 155.877
  12.600  84.828 156.358  13.496  85.571 155.581  14.488  84.859 157.822  13.489
  86.045 156.422  15.407  85.561 158.594  14.511  86.101 157.599  15.422  85.664
 159.827  14.513  84.347 158.363  12.802  86.535 153.986  12.261  87.795 154.104
  11.884  86.752 151.087  12.940  87.429 149.892  12.730  87.440 148.879  13.730
  86.246 149.836  12.032  86.419 147.946  13.752  85.153 149.344  11.749  85.430
 147.154  13.202  85.110 148.336  12.470  84.739 146.821  13.873  88.620 148.742
  14.642  88.842 147.698  15.204  89.587 149.701  14.716  89.304 150.562  14.363
  86.643 154.606  14.497  86.926 153.716  13.466  86.576 153.967  15.644  87.113
 152.415  13.924  86.719 152.926  16.189  86.999 152.092  15.369  85.314 156.400
  12.257  85.771 156.829  13.293  86.328 156.034  14.387  85.644 158.290  13.489
  86.404 156.879  15.443  85.828 159.034  14.718  86.273 157.988  15.646  85.745
 160.238  14.832  85.205 158.731  12.690  86.962 154.118  12.151  88.181 154.096
  11.613  87.325 151.236  13.162  87.953 149.999  13.106  87.519 148.987  14.078
  87.036 150.066  12.074  86.354 148.246  13.831  86.055 149.648  11.503  85.383
 147.597  13.125  85.684 148.642  12.177  84.518 147.780  13.632  88.220 148.626
  15.384  88.120 147.515  15.809  89.271 149.271  15.806  89.416 150.041  15.231
  86.144 154.304  14.626  86.706 153.602  13.605  86.034 153.577  15.727  86.891
 152.234  13.895  86.161 152.460  16.184  86.539 151.795  15.259  84.376 155.767
  12.488  84.993 156.288  13.414  85.750 155.653  14.500  84.895 157.780  13.501
  86.075 156.510  15.394  85.432 158.640  14.511  85.989 157.707  15.535  85.340
 159.860  14.519  84.454 158.221  12.703  86.989 154.141  12.339  88.164 154.009
  11.865  87.450 151.136  13.182  88.060 149.946  13.284  87.423 148.963  14.117
  87.420 150.013  12.005  86.472 148.125  13.618  86.685 149.512  11.177  85.852
 147.472  12.547  86.229 148.571  11.868  84.836 147.393  12.561  87.847 148.782
  15.515  87.215 147.981  16.172  88.841 149.439  16.145  89.222 150.041  15.483
  85.358 154.181  14.645  86.072 153.269  13.778  84.943 153.522  15.749  85.985
 151.896  14.243  84.861 152.471  16.293  85.336 151.682  15.541  84.114 155.666
  12.285  84.691 156.278  13.162  85.132 155.560  14.450  84.828 157.768  13.102
  85.434 156.498  15.246  85.347 158.659  14.064  85.608 157.700  15.235  85.524
 159.875  14.001  84.482 158.267  12.291  86.630 153.553  12.542  87.293 154.637
  12.399  86.458 150.726  13.594  87.578 150.007  13.273  87.657 148.652  13.617
  86.799 150.048  12.128  87.249 147.608  12.840  86.341 149.571  11.093  86.398
 147.080  11.833  86.406 148.407  11.389  85.501 146.816  12.240  88.167 148.266
  14.983  88.190 147.105  15.351  88.544 149.159  15.920  88.552 150.007  15.444
  85.919 154.407  14.450  86.329 153.492  13.495  85.656 153.684  15.583  86.441
 152.139  13.813  85.761 152.554  16.057  86.131 151.766  15.171  85.043 156.016
  12.194  85.399 156.583  13.224  85.779 155.793  14.398  85.386 157.970  13.359
  86.075 156.641  15.380  85.826 158.804  14.451  86.158 157.790  15.517  85.690
 159.991  14.485  85.006 158.372  12.510  86.737 153.881  12.262  88.010 154.263
  12.091  86.878 151.209  12.869  87.922 150.468  12.569  87.898 149.167  13.272
  87.063 150.372  11.504  87.546 147.982  12.564  86.343 149.678  10.779  86.511
 147.353  11.855  86.487 148.575  11.240  85.799 147.059  12.523  88.344 148.980
  14.677  88.376 147.852  15.137  88.753 150.047  15.438  88.451 150.810  14.915
  85.880 154.262  14.158  86.701 153.591  13.222  85.424 153.442  15.040  86.838
 152.183  13.458  85.442 152.265  15.435  86.173 151.679  14.697  85.005 155.926
  11.874  85.201 156.443  12.972  85.505 155.609  14.206  85.254 157.868  13.171
  85.690 156.455  15.228  85.620 158.568  14.383  85.754 157.608  15.372  85.691
 159.822  14.490  85.043 158.371  12.317  87.329 154.351  12.222  88.587 154.058
  11.973  87.557 151.337  12.529  88.593 150.482  12.516  88.624 149.252  13.339
  87.866 150.169  11.428  87.953 148.092  12.997  87.258 149.447  10.693  86.940
 147.402  12.309  87.109 148.441  11.412  86.030 147.338  12.764  89.376 149.205
  14.651  89.383 148.213  15.364  90.130 150.360  15.016  90.053 150.973  14.265
  86.379 154.346  14.104  86.985 153.471  13.180  86.180 153.674  15.184  87.094
 152.132  13.586  86.319 152.665  15.820  86.639 151.846  14.965  85.354 156.064
  11.770  85.756 156.540  12.813  86.086 155.705  14.017  85.698 157.992  12.930
  86.365 156.559  14.909  86.199 158.810  14.010  86.409 157.792  15.014  86.323
 160.041  14.066  85.249 158.503  12.179  87.282 153.849  11.914  88.488 153.763
  11.450  87.417 150.999  12.785  88.345 150.151  12.362  88.868 149.070  13.268
  87.130 149.665  11.928  88.201 147.850  13.398  86.192 148.919  11.748  87.024
 147.027  13.322  86.640 147.972  12.444  86.423 147.007  14.146  89.962 149.268
  14.148  90.336 148.474  14.966  90.911 150.220  14.064  90.573 150.909  13.467
  86.214 154.369  13.734  86.637 153.536  12.703  85.793 153.567  14.670  86.496
 152.087  12.958  85.617 152.467  15.116  86.090 151.685  14.281  85.532 156.360
  11.560  85.788 156.746  12.703  86.004 155.792  13.867  85.938 158.157  12.946
  86.224 156.559  14.948  86.343 158.824  14.152  86.403 157.721  15.138  86.534
 160.002  14.258  85.765 158.747  12.140  87.151 154.028  11.575  88.342 153.631
  11.250  86.798 151.095  11.979  87.573 150.003  11.830  88.075 149.314  13.059
  86.337 149.550  11.625  87.334 148.295  13.632  85.285 148.847  11.812  86.500
 147.202  13.549  85.785 148.120  12.688  85.997 147.049  14.423  89.334 149.660
  13.636  89.739 149.068  14.631  89.976 150.805  13.354  89.556 151.156  12.550
  85.745 154.417  14.073  86.333 153.669  13.019  85.275 153.584  14.941  86.160
 152.316  13.121  85.112 152.435  15.279  85.542 151.745  14.339  85.587 156.393
  11.849  85.679 156.740  13.019  85.624 155.789  14.162  85.714 158.141  13.394
  85.701 156.522  15.295  85.752 158.769  14.661  85.803 157.643  15.592  85.869
 159.955  14.824  85.623 158.667  12.533  87.014 154.277  11.936  88.213 153.846
  11.716  86.475 151.339  12.100  87.229 150.330  11.655  87.953 149.313  12.572
  85.977 149.872  11.600  87.389 148.177  13.058  85.062 149.075  11.735  86.345
 147.250  13.131  85.619 148.146  12.407  85.993 147.104  14.076  89.302 149.551
  12.861  89.949 148.837  13.553  89.914 150.605  12.447  89.295 151.161  11.942
  85.715 154.261  14.214  86.105 153.342  13.149  85.251 153.559  15.262  85.865
 152.002  13.518  84.955 152.458  15.684  85.337 151.659  14.844  85.481 156.198
  11.836  85.646 156.573  13.021  85.755 155.659  14.196  85.778 158.007  13.247
  85.732 156.418  15.275  85.835 158.685  14.569  85.663 157.629  15.500  85.915
 159.914  14.724  85.877 158.531  12.385  86.515 153.691  11.918  87.800 153.820
  11.603  86.091 150.976  12.647  86.970 150.094  12.155  87.753 149.193  12.989
  85.811 149.493  11.969  87.293 148.016  13.522  85.000 148.589  12.057  86.366
 147.008  13.663  85.611 147.770  12.774  85.835 146.861  14.521  89.123 149.465
  13.228  89.828 148.660  13.791  89.826 150.450  12.675  89.185 151.004  12.198
  86.140 154.461  14.277  86.211 153.455  13.293  86.019 153.800  15.433  85.919
 152.085  13.710  85.913 152.753  16.032  85.611 151.937  15.167  85.446 156.216
  11.948  85.862 156.727  12.944  86.246 155.852  14.127  86.042 158.163  13.061
  86.613 156.719  15.099  86.522 158.887  14.155  86.761 157.867  15.205  86.496
 160.130  14.269  85.842 158.761  12.268  86.426 153.731  11.977  87.610 154.031
  11.486  85.926 151.014  12.791  86.599 150.035  12.245  87.410 149.113  13.104
  85.303 149.532  12.328  86.904 147.920  13.560  84.450 148.681  12.559  85.846
 147.184  14.145  85.067 147.899  13.276  85.693 147.409  15.128  88.766 149.467
  13.498  89.478 148.714  14.154  89.367 150.689  13.167  88.595 151.213  12.893
  85.453 154.025  13.999  85.813 153.178  12.974  85.131 153.303  15.105  85.665
 151.820  13.265  84.975 152.181  15.587  85.180 151.466  14.603  84.642 155.906
  11.815  85.160 156.397  12.778  85.433 155.506  13.966  85.652 157.764  12.864
  85.969 156.279  14.890  86.310 158.470  13.898  86.399 157.373  14.959  86.737
 159.566  13.857  85.353 158.310  12.065  86.360 153.571  11.737  87.588 154.155
  11.679  85.984 150.794  12.373  86.751 149.804  12.098  87.383 148.983  13.154
  85.574 149.269  11.861  86.928 147.660  13.362  84.757 148.374  11.905  85.890
 146.676  13.527  85.259 147.543  12.637  85.634 146.631  14.512  88.471 149.408
  14.069  88.737 148.702  14.993  89.085 150.646  14.048  88.904 150.980  13.153
  85.594 153.954  14.338  86.116 153.093  13.386  85.155 153.223  15.393  86.135
 151.725  13.778  84.992 152.136  15.900  85.583 151.421  15.091  85.049 155.763
  11.954  85.278 156.295  13.075  85.381 155.420  14.282  85.572 157.685  13.199
  85.714 156.196  15.255  86.025 158.348  14.353  86.038 157.335  15.423  86.315
 159.525  14.363  85.516 158.299  12.395  86.538 153.600  12.186  87.707 153.303
  11.652  86.623 150.654  12.977  87.601 149.830  12.589  87.772 148.660  13.360
  86.644 149.572  11.676  87.314 147.370  12.926  85.984 148.853  10.966  86.430
 146.522  12.166  86.145 147.747  11.504  85.640 146.049  12.604  88.566 148.697
  14.599  88.452 147.835  15.415  89.083 149.850  15.126  88.804 150.574  14.539
  85.876 154.102  13.949  86.282 153.111  12.997  85.719 153.482  15.138  86.322
 151.786  13.545  85.674 152.478  15.765  85.927 151.598  14.956  85.824 155.948
  11.538  85.911 156.401  12.610  85.868 155.490  13.859  86.113 157.810  12.766
  85.973 156.348  14.852  86.169 158.533  13.973  86.122 157.444  15.115  86.402
 159.779  14.016  86.262 158.396  11.953  86.580 153.428  11.700  87.844 153.370
  11.323  86.896 150.739  12.798  87.851 149.781  12.851  87.484 148.508  13.392
  87.368 149.825  11.545  87.063 147.448  12.599  87.065 149.299  10.507  86.405
 146.902  11.479  86.749 148.161  10.914  85.395 146.936  11.617  87.706 148.052
  14.769  87.365 146.971  15.185  88.220 148.886  15.659  88.421 149.730  15.221
  85.976 154.364  14.046  86.488 153.402  13.171  85.691 153.746  15.218  86.458
 152.034  13.639  85.535 152.727  15.849  85.939 151.824  15.071  85.727 156.045
  11.659  85.809 156.596  12.741  85.842 155.771  13.979  85.920 158.022  12.936
  85.969 156.601  14.985  86.121 158.811  14.181  86.069 157.790  15.160  86.355
 160.011  14.234  85.831 158.573  12.090  86.982 153.649  11.937  88.242 153.802
  11.847  86.972 150.844  13.005  87.807 149.721  13.131  87.164 148.384  13.276
  87.702 150.093  11.807  86.661 147.720  12.149  87.424 149.842  10.679  86.604
 147.434  10.791  86.924 148.722  10.660  85.643 147.193  10.550  87.064 147.696
  14.540  86.386 146.664  14.683  87.433 148.261  15.712  88.062 148.975  15.511
  85.821 154.422  14.038  86.394 153.548  13.061  85.650 153.767  15.195  86.606
 152.255  13.587  85.755 152.764  15.863  86.184 151.962  15.023  85.131 156.212
  11.669  85.379 156.682  12.755  85.532 155.844  13.995  85.506 158.158  12.852
  85.790 156.724  14.963  85.815 158.925  14.027  85.903 157.937  15.050  86.020
 160.125  14.072  85.467 158.611  11.947  86.781 153.919  11.784  88.095 154.089
  11.604  87.221 151.134  12.862  87.613 149.789  12.937  86.714 148.739  12.515
  88.136 150.328  11.787  86.773 148.211  11.254  88.362 150.248  10.602  87.420
 147.890  10.044  87.904 149.206  10.284  86.839 147.680   9.233  85.666 148.221
  13.469  84.834 147.415  13.085  85.620 148.610  14.791  86.423 149.095  15.046
  85.611 154.187  14.210  86.029 153.305  13.234  85.251 153.523  15.294  86.023
 151.971  13.663  85.065 152.442  15.780  85.529 151.608  14.966  84.585 155.850
  11.977  85.081 156.369  12.947  85.554 155.592  14.139  85.170 157.825  12.963
  86.008 156.495  15.030  85.751 158.678  14.007  86.182 157.653  15.113  85.838
 159.891  13.987  84.774 158.211  12.115  86.444 153.630  11.914  87.599 154.298
  11.867  86.619 150.928  12.854  87.353 149.861  12.883  86.987 148.777  11.968
  88.043 150.751  12.178  87.322 148.773  10.636  88.747 151.062  11.254  88.247
 149.008   9.591  88.565 150.184  10.488  87.645 149.392   8.863  86.062 147.720
  12.325  85.620 146.989  11.457  85.749 147.389  13.545  86.126 148.073  14.125
  85.291 154.379  14.380  85.859 153.581  13.418  84.768 153.603  15.336  85.778
 152.187  13.712  84.680 152.519  15.828  85.240 151.792  14.985  84.615 155.959
  11.927  84.959 156.513  12.974  85.098 155.757  14.276  85.258 157.976  13.001
  85.642 156.615  15.099  85.771 158.763  14.040  85.902 157.771  15.100  86.082
 159.952  14.027  85.014 158.541  12.196  86.404 154.034  12.287  87.496 154.686
  12.351  86.322 151.182  12.821  86.996 149.966  12.819  86.918 149.126  11.531
  87.878 150.995  12.423  87.778 149.339  10.499  88.759 151.440  11.728  89.047
 149.590   9.966  88.953 150.593  10.911  89.238 149.781   8.983  85.771 148.193
  11.342  85.754 147.353  10.469  84.606 148.240  12.101  84.792 148.845  12.839
  85.845 154.467  14.131  86.439 153.589  13.178  85.360 153.759  15.098  86.255
 152.208  13.455  85.207 152.652  15.615  85.518 151.880  14.726  85.247 156.088
  11.702  85.578 156.617  12.766  85.724 155.833  14.018  85.780 158.048  12.831
  86.108 156.745  14.940  86.024 158.871  13.940  86.214 157.944  15.044  86.210
 160.107  13.945  85.733 158.552  11.953  87.161 154.024  12.039  88.223 154.772
  12.206  86.868 151.172  12.608  87.535 149.968  12.605  87.232 148.801  11.646
  88.305 150.816  11.858  87.816 148.679  10.448  88.905 151.146  10.904  88.984
 148.884   9.649  88.898 150.165  10.203  88.754 148.971   8.659  86.375 147.718
  12.009  86.202 146.770  11.238  85.714 147.592  13.269  86.012 148.411  13.700
  86.391 154.514  13.943  86.945 153.630  13.007  86.093 153.807  15.001  87.102
 152.309  13.417  85.935 152.729  15.501  86.454 151.913  14.695  85.506 156.244
  11.677  85.861 156.701  12.729  86.111 155.888  13.912  85.894 158.099  12.868
  86.314 156.727  14.967  86.224 158.939  14.014  86.395 157.867  15.054  86.337
 160.142  14.049  85.750 158.526  11.961  87.330 154.100  11.767  88.451 154.776
  11.743  87.642 151.251  12.613  88.366 150.129  12.523  87.816 148.896  11.846
  88.848 150.914  11.512  88.169 148.531  10.580  89.140 151.122  10.376  88.401
 148.886   9.178  88.886 150.066   9.775  87.559 149.004   8.615  86.871 148.055
  12.595  86.390 147.030  12.140  86.346 148.527  13.839  86.879 149.311  14.055
  85.673 154.577  14.449  86.359 153.891  13.408  85.436 153.756  15.439  86.604
 152.521  13.778  85.615 152.713  15.914  86.112 152.040  14.994  84.436 156.120
  12.155  85.009 156.635  13.148  85.317 155.915  14.416  85.322 158.099  13.123
  85.888 156.735  15.240  85.947 158.893  14.148  86.141 157.895  15.167  86.234
 160.044  14.009  85.050 158.592  12.280  86.848 154.408  12.200  87.695 155.500
  12.215  87.162 151.646  12.869  87.748 150.442  12.661  87.025 149.254  12.107
  88.160 151.200  11.589  86.903 149.090  10.722  88.350 151.372  10.375  87.535
 149.106   9.422  87.918 150.374   9.830  86.855 149.093   8.662  86.574 148.228
  12.938  86.443 147.105  12.507  86.307 148.388  14.213  86.243 149.349  14.347
  85.860 154.101  14.382  86.498 153.319  13.432  85.581 153.352  15.439  86.721
 152.032  13.769  85.545 152.214  15.930  86.142 151.580  15.042  84.566 155.428
  12.175  85.145 156.071  12.987  85.563 155.493  14.277  85.286 157.556  12.800
  86.003 156.504  14.949  85.879 158.542  13.729  86.180 157.694  14.886  86.066
 159.721  13.530  84.804 157.952  12.002  86.948 153.814  12.218  87.778 154.819
  12.184  87.423 151.069  12.905  87.944 149.800  12.791  87.202 148.719  12.218
  88.300 150.584  11.671  87.166 148.447  10.859  88.495 150.816  10.485  87.084
 148.868   9.490  87.907 149.920   9.938  86.185 149.275   9.236  86.218 147.941
  13.021  85.634 146.990  12.590  85.724 148.325  14.231  86.047 149.205  14.489
  86.184 153.928  14.483  86.703 153.048  13.482  86.117 153.248  15.626  86.941
 151.735  13.922  86.400 152.249  16.169  86.658 151.419  15.301  85.023 155.480
  12.038  85.546 155.967  13.047  85.842 155.249  14.338  85.548 157.405  12.980
  86.103 156.194  15.181  85.869 158.316  14.075  86.165 157.370  15.252  85.773
 159.566  14.042  85.443 157.724  12.024  87.015 153.448  12.193  88.192 153.942
  12.127  87.451 150.783  13.043  87.887 149.439  12.871  87.007 148.482  12.190
  88.453 150.267  11.911  86.872 148.455  10.759  88.716 150.490  10.721  87.479
 148.575   9.485  88.038 149.650  10.136  86.907 148.776   8.665  86.062 147.629
  12.915  85.306 146.873  12.270  85.864 147.557  14.291  86.409 148.271  14.665
  86.686 153.797  14.037  87.239 152.940  13.067  86.659 153.093  15.139  87.678
 151.700  13.469  86.920 152.080  15.726  87.500 151.346  14.936  85.282 155.090
  11.833  85.640 155.782  12.780  86.242 155.100  13.942  85.453 157.226  12.848
  86.238 156.037  14.842  85.668 158.144  13.942  85.965 157.159  14.937  85.540
 159.361  13.999  85.343 157.638  11.929  87.545 153.308  11.808  88.728 153.714
  11.649  88.262 150.680  12.644  88.196 149.330  12.403  87.031 148.656  11.860
  88.751 149.926  11.303  86.882 148.399  10.498  88.986 150.182  10.173  86.943
 148.928   9.159  88.055 149.557   9.651  86.207 149.605   8.961  85.947 148.175
  12.719  84.952 147.829  12.202  85.917 148.451  14.075  86.715 148.949  14.323
  86.049 154.203  14.206  86.662 153.406  13.232  85.713 153.482  15.258  86.814
 152.047  13.663  85.900 152.423  15.814  86.282 151.674  14.988  84.878 155.839
  12.009  85.393 156.396  12.957  85.849 155.632  14.147  85.575 157.845  12.997
  86.230 156.515  15.034  86.064 158.645  14.076  86.279 157.676  15.202  86.288
 159.846  13.980  85.327 158.403  12.188  87.033 153.836  11.989  88.033 154.691
  11.859  87.335 151.031  12.856  87.448 149.696  12.469  86.200 149.124  11.865
  88.062 150.431  11.523  85.872 149.415  10.471  88.292 150.752  10.372  86.384
 149.354   9.188  87.363 150.153   9.773  85.833 149.939   8.561  85.287 148.311
  12.638  84.266 147.916  12.160  85.362 148.056  13.995  86.221 148.433  14.253
  85.761 154.675  14.002  86.236 153.808  13.025  85.702 154.007  15.147  86.578
 152.533  13.488  85.926 153.006  15.749  86.334 152.194  14.922  84.486 156.287
  11.824  84.910 156.849  12.823  85.419 156.047  13.997  85.129 158.292  12.866
  85.988 156.871  14.918  85.765 159.075  13.941  86.238 158.054  14.952  85.991
 160.267  13.955  84.764 158.807  12.073  86.398 154.264  11.743  87.655 154.593
  11.367  86.969 151.449  12.584  86.806 150.101  12.422  85.616 149.635  11.678
  87.759 150.450  11.528  85.673 149.484  10.299  88.226 150.519  10.385  86.267
 149.357   9.036  87.341 149.969   9.712  85.825 149.949   8.333  84.397 149.070
  12.342  83.467 148.782  11.700  84.219 149.188  13.668  85.052 149.373  14.134
  86.235 154.844  14.043  86.733 153.856  13.190  85.817 154.258  15.156  86.800
 152.579  13.748  85.699 153.227  15.777  86.239 152.358  15.089  85.841 156.497
  11.558  86.065 157.065  12.596  86.179 156.271  13.845  85.919 158.545  12.726
  86.095 157.146  14.846  85.868 159.280  13.888  85.958 158.307  14.964  85.822
 160.502  13.975  85.878 159.060  11.854  87.223 154.160  11.971  88.399 153.833
  11.552  87.245 151.373  13.147  86.827 150.107  12.823  85.882 149.924  11.656
  88.059 150.269  12.328  86.395 149.617  10.386  88.918 150.040  11.462  87.293
 149.769   9.348  88.245 149.896  10.405  87.168 150.683   8.915  84.483 149.977
  11.758  83.793 150.108  10.750  83.716 150.033  12.882  84.334 150.048  13.632
  85.648 154.546  14.058  86.215 153.622  13.075  85.214 153.811  15.078  86.171
 152.278  13.481  84.936 152.704  15.526  85.512 151.973  14.765  84.781 156.165
  11.834  85.301 156.739  12.741  85.562 155.964  13.984  85.604 158.160  12.693
  86.096 156.798  14.842  86.026 158.951  13.850  86.221 157.948  14.942  86.087
 160.166  13.865  85.372 158.717  11.879  86.780 154.070  11.842  87.957 154.602
  11.798  86.863 151.183  12.830  86.707 150.194  11.988  86.048 150.435  10.709
  87.989 150.656  11.889  86.726 150.858   9.642  88.974 150.837  11.172  87.862
 150.770   8.812  88.512 150.855  10.018  87.998 151.584   8.213  84.651 150.200
  10.549  84.172 150.265   9.452  83.763 150.031  11.579  84.167 150.405  12.380
  85.987 154.061  14.130  86.451 153.195  13.179  85.780 153.390  15.232  86.544
 151.860  13.521  85.772 152.323  15.767  86.197 151.567  14.922  84.791 155.784
  11.906  85.262 156.317  12.907  85.744 155.461  14.051  85.473 157.790  12.995
  86.096 156.357  14.943  85.853 158.539  14.161  86.280 157.465  15.041  86.001
 159.756  14.189  85.162 158.341  12.203  86.721 153.638  11.916  87.735 154.451
  11.693  86.973 150.787  12.659  86.674 149.954  11.635  86.054 150.420  10.369
  87.979 150.384  11.459  86.700 150.796   9.195  88.908 150.829  10.776  87.927
 150.916   8.344  88.446 150.954   9.615  87.904 151.776   7.796  84.603 150.597
  10.246  84.082 150.803   9.113  83.699 150.498  11.335  84.318 150.090  11.964
  85.450 154.487  13.912  85.947 153.658  12.907  85.151 153.761  15.005  85.951
 152.257  13.284  85.084 152.697  15.526  85.560 151.959  14.717  84.200 156.231
  11.780  84.795 156.739  12.723  85.296 155.909  13.812  85.037 158.168  12.809
  85.996 156.664  14.562  85.805 158.876  13.809  86.263 157.799  14.648  85.913
 160.044  13.844  84.585 158.702  12.077  86.410 154.025  11.682  87.192 155.086
  11.616  86.464 151.176  12.528  86.217 150.115  11.647  85.801 150.434  10.269
  87.596 150.288  11.636  86.639 150.392   9.211  88.706 150.363  11.105  87.968
 150.127   8.587  88.454 150.301   9.893  88.086 150.862   7.890  84.499 150.946
   9.854  84.307 151.416   8.722  83.405 151.080  10.627  83.750 150.845  11.505
  85.604 154.017  14.304  86.198 153.216  13.364  85.318 153.292  15.394  86.473
 151.951  13.844  85.376 152.249  15.944  86.092 151.591  15.218  84.285 155.402
  12.030  84.895 156.018  12.915  85.273 155.349  14.232  85.220 157.450  12.830
  85.720 156.246  15.067  85.715 158.278  13.855  85.877 157.435  15.037  85.902
 159.444  13.655  85.201 157.860  11.904  86.524 153.713  12.101  87.658 154.317
  12.077  87.040 150.910  13.045  86.705 150.002  12.080  86.154 150.532  10.829
  88.055 150.114  11.996  86.930 150.705   9.707  89.068 150.412  11.349  88.100
 151.141   8.992  88.680 150.783  10.235  87.943 152.143   8.890  84.713 150.913
  10.671  84.410 151.610   9.707  83.786 150.827  11.668  84.084 150.125  12.271
  85.316 153.690  14.324  85.678 152.965  13.140  85.371 152.839  15.422  86.116
 151.639  13.438  85.720 151.763  15.840  86.011 151.142  14.827  83.606 155.182
  12.583  84.279 155.771  13.405  84.876 155.022  14.460  84.455 157.193  13.284
  85.493 155.894  15.202  85.225 158.011  14.190  85.678 157.106  15.203  85.349
 159.271  14.124  83.991 157.653  12.509  85.591 153.467  11.862  86.662 153.847
  11.233  86.688 150.724  12.490  86.337 149.868  11.466  85.705 150.419  10.308
  87.667 150.005  11.372  86.465 150.866   9.236  88.654 150.229  10.679  87.597
 150.649   8.374  88.205 150.478   9.554  87.976 151.473   7.908  84.242 150.368
  10.184  83.736 150.754   9.110  83.343 149.883  11.106  83.888 149.508  11.819
  85.298 153.873  13.879  85.537 152.888  12.890  84.979 153.323  14.986  85.450
 151.590  13.403  84.901 152.323  15.660  85.195 151.424  14.842  84.139 155.700
  11.744  84.725 156.120  12.670  85.300 155.287  13.759  84.944 157.564  12.716
  85.859 156.200  14.586  85.533 158.393  13.756  85.960 157.339  14.685  85.749
 159.562  13.747  84.544 158.139  11.984  85.793 153.068  11.540  86.729 153.919
  11.252  85.802 150.448  12.687  85.560 149.517  11.772  84.941 149.900  10.474
  86.852 149.978  11.667  85.706 149.976   9.350  87.854 150.342  11.077  86.814
 150.474   8.636  87.454 150.444   9.937  86.647 151.393   8.228  83.543 150.358
  10.364  83.026 150.520   9.278  82.787 150.412  11.477  83.395 150.242  12.217
  85.236 154.035  14.127  85.552 153.076  13.162  85.118 153.416  15.248  85.651
 151.725  13.672  85.050 152.424  15.938  85.477 151.561  15.145  84.894 156.011
  11.630  85.014 156.381  12.789  85.075 155.501  13.978  85.243 157.828  12.934
  85.356 156.343  15.014  85.483 158.580  14.143  85.504 157.506  15.156  85.662
 159.797  14.213  85.291 158.334  12.058  85.683 153.423  11.862  86.944 153.316
  11.368  85.794 150.526  12.895  85.189 149.589  12.207  84.754 149.916  10.875
  86.534 149.330  12.096  85.533 149.700   9.761  87.511 148.977  11.512  86.461
 148.956   9.038  87.138 148.975  10.313  87.133 149.398   8.410  83.409 150.398
  10.587  83.109 150.807   9.444  82.394 150.463  11.502  82.680 150.085  12.351
  85.417 153.978  14.131  85.729 153.000  13.107  85.017 153.258  15.160  85.475
 151.661  13.416  84.698 152.179  15.641  84.787 151.389  14.693  84.604 155.625
  11.837  85.077 156.124  12.830  85.450 155.387  13.991  85.274 157.591  12.789
  85.777 156.224  14.941  85.681 158.411  13.912  85.955 157.397  14.974  85.931
 159.624  13.808  85.117 158.019  11.884  86.241 153.360  11.871  87.469 153.859
  11.818  85.682 150.577  12.490  85.077 149.565  11.893  84.282 149.866  10.654
  86.367 149.552  11.476  84.881 149.853   9.420  87.280 149.499  10.667  85.837
 149.551   8.442  86.683 149.566   9.598  86.099 150.254   7.752  82.856 150.261
  10.692  82.216 150.469   9.709  82.136 150.401  11.800  82.761 150.375  12.545
  85.359 153.989  13.911  85.606 153.093  12.790  85.002 153.268  14.957  85.596
 151.725  13.130  84.907 152.174  15.435  85.306 151.376  14.537  84.090 155.744
  11.948  84.797 156.287  12.781  85.337 155.433  13.828  85.014 157.750  12.935
  85.716 156.257  14.737  85.533 158.432  14.049  85.848 157.401  15.008  85.683
 159.626  14.196  84.756 158.255  12.095  85.892 153.632  11.525  87.108 153.903
  11.242  85.852 150.707  12.164  85.263 149.607  11.540  84.555 149.793  10.256
  86.550 149.535  11.182  85.111 149.465   9.017  87.474 149.346  10.411  86.187
 149.417   8.137  86.933 149.277   9.361  86.273 150.245   7.549  83.126 150.091
  10.210  82.585 150.341   9.172  82.280 149.985  11.282  82.878 149.704  11.995
  84.903 154.462  14.094  85.529 153.609  13.165  84.332 153.677  14.988  85.164
 152.249  13.322  83.994 152.606  15.357  84.368 151.829  14.485  84.368 156.497
  11.810  84.781 156.834  12.887  84.831 155.865  14.078  85.159 158.186  13.045
  85.137 156.540  15.161  85.411 158.806  14.333  85.377 157.654  15.344  85.623
 159.948  14.587  85.150 158.802  12.240  86.461 154.034  12.290  87.440 154.933
  12.564  85.643 151.200  12.500  85.406 150.045  11.852  84.714 150.097  10.583
  86.719 150.316  11.601  85.373 150.173   9.346  87.702 150.386  10.861  86.538
 150.103   8.503  87.188 150.282   9.771  86.560 150.993   8.007  83.208 150.232
  10.520  82.701 150.408   9.410  82.480 150.309  11.692  83.213 150.101  12.295
  85.262 154.549  13.959  85.686 153.539  13.103  84.757 154.018  15.069  85.493
 152.243  13.605  84.450 153.016  15.700  84.841 152.082  14.963  85.187 156.356
  11.385  85.394 156.853  12.502  85.319 155.996  13.735  85.676 158.297  12.692
  85.499 156.810  14.748  85.855 158.966  13.972  85.739 157.925  14.952  85.996
 160.175  14.093  85.756 158.917  11.894  86.176 153.833  11.843  87.485 153.514
  11.577  85.781 150.982  12.876  85.247 149.821  12.430  84.546 149.821  11.078
  86.585 149.742  12.203  85.299 149.826   9.953  87.594 149.612  11.542  86.492
 150.068   9.193  87.126 149.718  10.389  86.582 150.959   8.707  83.095 149.999
  10.874  82.582 150.250   9.772  82.251 150.185  11.911  82.795 150.000  12.696
  84.899 154.249  13.853  85.376 153.233  12.977  84.330 153.660  14.895  85.159
 151.921  13.441  84.131 152.604  15.515  84.612 151.749  14.766  85.316 155.933
  11.487  85.438 156.440  12.544  85.022 155.690  13.726  85.983 157.806  12.711
  85.184 156.496  14.730  86.013 158.495  13.931  85.528 157.604  14.908  86.507
 159.611  13.993  86.176 158.431  11.937  86.013 153.460  11.798  87.344 153.253
  11.754  85.600 150.739  12.746  85.246 149.526  12.235  84.783 149.582  10.865
  86.569 149.438  12.155  85.540 149.293   9.747  87.642 149.245  11.528  86.712
 148.970   9.038  87.253 149.201  10.305  86.979 149.681   8.358  83.407 149.962
  10.606  83.070 150.051   9.432  82.449 150.189  11.563  82.923 150.216  12.412
  85.078 154.437  13.914  85.736 153.485  13.144  84.447 153.790  14.863  85.510
 152.131  13.488  84.194 152.768  15.387  84.757 151.908  14.683  85.352 156.154
  11.547  85.377 156.676  12.621  85.044 155.867  13.783  85.785 158.040  12.823
  85.353 156.582  14.870  86.051 158.682  14.030  85.766 157.680  15.090  86.439
 159.814  14.088  86.123 158.450  11.960  86.444 153.761  11.987  87.730 153.902
  11.962  85.952 151.004  12.848  85.557 149.833  12.264  84.961 149.745  10.898
  86.894 149.999  12.080  85.837 149.674   9.777  88.003 149.941  11.498  87.014
 149.216   9.091  87.619 149.671  10.296  87.315 149.746   8.274  83.521 149.832
  10.614  83.169 149.879   9.409  82.584 150.009  11.553  83.104 149.972  12.373
  85.497 154.211  13.940  85.833 153.297  12.899  84.955 153.524  15.051  85.629
 151.959  13.276  84.690 152.456  15.513  85.062 151.673  14.621  85.239 156.150
  11.625  85.534 156.549  12.753  85.600 155.649  13.893  85.812 157.974  12.972
  85.824 156.351  14.956  86.092 158.632  14.200  86.010 157.469  15.213  86.422
 159.748  14.342  85.632 158.639  12.229  86.365 153.688  11.660  87.548 153.300
  11.353  86.016 150.870  12.449  85.593 149.823  11.710  84.814 150.095  10.494
  86.890 149.984  11.331  85.349 149.991   9.260  87.851 150.027  10.510  86.397
 150.005   8.294  87.211 150.043   9.465  86.489 150.831   7.703  83.414 150.593
  10.516  82.869 150.926   9.472  82.882 150.892  11.707  83.588 150.837  12.374
  85.493 153.910  13.665  85.826 152.957  12.671  85.186 153.276  14.768  85.783
 151.634  13.050  85.102 152.156  15.341  85.434 151.367  14.455  84.541 155.674
  11.336  85.063 156.128  12.351  85.377 155.302  13.524  85.246 157.600  12.467
  85.760 156.110  14.444  85.706 158.350  13.586  85.950 157.305  14.612  85.775
 159.600  13.608  85.063 158.169  11.649  86.196 153.313  11.449  87.472 152.930
  11.135  86.054 150.472  12.220  85.454 149.483  11.591  84.831 149.747  10.302
  86.753 149.381  11.332  85.524 149.575   9.102  87.698 149.329  10.570  86.568
 149.698   8.219  87.268 149.528   9.403  86.607 150.648   7.851  83.492 150.348
  10.234  83.050 150.771   9.168  82.576 150.573  11.224  82.784 149.950  11.941
  85.982 153.866  14.099  86.132 152.854  13.109  85.998 153.281  15.264  86.057
 151.513  13.568  86.051 152.300  15.882  86.072 151.394  15.021  84.569 155.454
  12.084  85.132 156.054  12.939  85.939 155.280  13.927  85.194 157.549  12.980
  86.429 156.197  14.721  85.903 158.385  13.953  86.466 157.399  14.887  86.047
 159.566  14.048  84.674 157.967  12.218  86.350 153.090  11.781  87.518 152.901
  11.140  86.140 150.397  12.735  85.449 149.438  12.030  84.796 149.885  10.731
  86.743 149.215  11.662  85.547 150.187   9.621  87.706 149.057  10.903  86.498
 149.905   8.690  87.276 149.471   9.807  86.846 150.696   8.147  83.416 150.192
  10.612  83.047 151.045   9.815  82.506 149.831  11.513  83.040 149.387  12.193
