#Frame       SA_00001
       1     634.1803
       2     634.1658
       3     628.3327
       4     627.9469
       5     619.1262
       6     630.7564
       7     621.1617
       8     624.2119
       9     622.5364
      10     629.9823
      11     626.1377
      12     626.3337
      13     630.7638
      14     633.6000
      15     639.2388
      16     631.4694
      17     622.9163
      18     619.5224
      19     617.0243
      20     620.4624
      21     625.9002
      22     617.3716
      23     630.2174
      24     621.6525
      25     638.8964
      26     628.8397
      27     629.3718
      28     635.8713
      29     624.5561
      30     632.2666
      31     633.7293
      32     616.2155
      33     625.3012
      34     630.6863
      35     627.7057
      36     629.9822
      37     625.7942
      38     628.3736
      39     625.3311
      40     622.8550
      41     621.7227
      42     620.4822
      43     632.2607
      44     638.3497
      45     640.9764
      46     621.5196
      47     632.5151
      48     637.9235
      49     633.1801
      50     635.9351
