#Frame       SA_00001
       1     471.6731
       2     482.4361
       3     476.7389
       4     480.8212
       5     477.3314
       6     474.1932
       7     475.6481
       8     474.8555
       9     476.8985
      10     475.3693
      11     474.4739
      12     467.8890
      13     476.7482
      14     477.2624
      15     486.5183
      16     470.8082
      17     477.5748
      18     473.6310
      19     474.7422
      20     468.9162
      21     469.1753
      22     478.0690
      23     468.1525
      24     466.1287
      25     453.5546
      26     473.1921
      27     473.5593
      28     481.8586
      29     476.1677
      30     482.0290
      31     482.3955
      32     481.9026
      33     483.6214
      34     471.1824
      35     470.7615
      36     479.4662
      37     476.8453
      38     477.5934
      39     478.0152
      40     476.4181
      41     477.5227
      42     482.8386
      43     481.9315
      44     476.0451
      45     474.1737
      46     467.9964
      47     471.2742
      48     483.9053
      49     471.0801
      50     473.9928
