Cpptraj Generated trajectory                                                    
  85.558 151.348  13.490  86.015 152.480  12.836  84.701 152.111  14.303  85.993
 153.777  12.764  84.255 153.337  14.486  84.997 154.232  13.652  84.480 146.484
  16.566  85.657 147.398  16.231  84.044 147.267  15.402  86.268 148.204  15.446
  84.217 147.997  14.366  85.596 148.679  14.136  86.369 147.970  13.014  85.896
 150.037  13.430  86.580 149.216  12.702  84.061 147.708  17.035  84.269 147.967
  22.287  83.757 148.424  20.650  84.258 147.849  19.508  82.861 149.380  20.377
  85.269 146.920  19.527  83.706 148.319  18.308  82.276 149.941  19.445  82.740
 149.483  18.399  84.693 155.580  13.717  84.756 156.563  12.564  84.878 156.332
  14.751  84.576 156.215  11.403  84.969 158.015  12.820  85.164 157.454  14.998
  85.228 158.602  14.121  85.500 159.774  14.330  84.922 158.620  12.009  86.667
 154.477  11.767  87.670 153.962  11.073  83.180 153.631  15.267  81.987 153.768
  14.653
  86.669 151.055  13.362  86.902 152.264  12.632  85.704 151.710  14.201  86.555
 153.550  12.524  85.077 152.910  14.351  85.590 153.876  13.482  85.280 146.528
  16.313  86.440 147.392  16.174  85.039 147.137  15.011  87.246 148.070  15.481
  85.477 147.718  13.992  86.879 148.384  14.006  87.865 147.867  12.949  87.045
 149.755  13.321  87.792 149.034  12.581  84.792 147.752  16.588  82.882 149.285
  21.352  83.292 149.342  19.633  84.003 148.357  18.907  82.964 150.279  18.774
  84.419 147.266  19.504  84.196 148.569  17.538  83.087 150.646  17.670  83.580
 149.772  16.968  85.059 155.172  13.580  84.767 156.036  12.414  85.573 155.947
  14.500  84.363 155.637  11.337  85.028 157.487  12.524  85.774 157.122  14.705
  85.613 158.195  13.688  85.993 159.320  13.696  85.024 157.994  11.646  87.035
 154.448  11.587  87.900 154.089  10.662  83.913 153.064  15.098  82.714 152.821
  14.583
  86.248 150.971  12.596  86.631 152.115  12.025  85.291 151.639  13.365  86.427
 153.433  11.941  84.735 152.838  13.607  85.394 153.795  12.819  85.695 146.884
  16.172  86.736 147.717  15.609  85.148 147.285  14.862  87.329 148.270  14.659
  85.348 147.691  13.685  86.688 148.342  13.262  87.491 147.793  12.081  86.713
 149.717  12.519  87.455 149.023  11.738  85.323 148.188  16.369  82.562 149.386
  20.705  83.379 149.680  19.132  83.944 148.615  18.381  83.529 150.783  18.454
  83.986 147.299  18.738  84.551 149.015  17.169  83.922 151.310  17.411  84.436
 150.450  16.766  85.140 155.192  13.054  85.214 156.300  12.094  85.226 155.753
  14.246  85.206 156.042  10.895  85.330 157.684  12.615  85.281 156.836  14.674
  85.385 158.095  13.979  85.600 159.218  14.411  85.481 158.363  11.878  87.154
 154.271  11.083  88.269 153.913  10.458  83.699 153.030  14.492  82.405 153.022
  14.144
  86.606 150.963  12.723  86.982 152.084  12.041  85.763 151.676  13.593  86.865
 153.437  12.047  85.231 152.885  13.817  85.891 153.813  13.029  85.256 146.589
  15.880  86.428 147.398  15.573  84.951 147.140  14.514  87.149 148.072  14.770
  85.265 147.659  13.410  86.724 148.248  13.292  87.631 147.642  12.244  86.970
 149.668  12.622  87.619 148.886  11.888  84.795 147.860  16.004  81.908 149.215
  20.178  82.870 149.395  18.788  83.318 148.341  18.045  83.308 150.598  18.274
  83.075 147.042  18.262  84.118 148.734  16.954  83.919 151.079  17.364  84.448
 150.170  16.705  85.599 155.201  13.313  85.492 156.249  12.239  85.769 155.840
  14.432  85.198 155.986  11.131  85.532 157.654  12.640  85.800 156.947  14.812
  85.740 158.187  13.934  86.098 159.358  14.088  85.379 158.335  11.906  87.684
 154.233  11.248  88.451 153.726  10.338  84.243 153.110  14.724  83.111 153.643
  14.359
  86.432 151.172  13.064  86.871 152.261  12.347  85.654 151.829  13.891  86.688
 153.638  12.291  85.058 153.040  14.072  85.696 154.015  13.221  84.646 146.613
  15.502  85.918 147.361  15.434  84.505 147.375  14.309  86.796 147.952  14.744
  84.972 147.952  13.277  86.422 148.429  13.287  87.316 147.862  12.211  86.739
 149.896  12.787  87.433 149.171  12.001  84.287 147.884  15.820  81.610 149.003
  20.128  82.665 149.210  18.789  83.018 148.257  17.871  83.090 150.352  18.430
  82.649 146.930  17.995  83.851 148.740  16.823  83.787 150.952  17.624  84.002
 150.181  16.743  85.288 155.416  13.375  85.403 156.465  12.375  85.521 156.025
  14.526  85.150 156.159  11.210  85.550 157.899  12.761  85.669 157.103  14.933
  85.698 158.355  14.145  85.931 159.467  14.514  85.633 158.516  11.962  87.285
 154.476  11.482  88.190 154.090  10.649  84.068 153.248  14.997  82.890 153.750
  14.668
  86.112 151.352  12.949  86.629 152.502  12.508  85.226 152.059  13.741  86.616
 153.877  12.526  84.749 153.279  14.018  85.552 154.232  13.352  83.870 146.764
  14.767  85.284 147.257  14.681  83.787 147.593  13.562  86.180 147.935  14.114
  84.324 148.307  12.658  85.871 148.635  12.825  86.744 148.152  11.744  86.368
 150.104  12.484  86.975 149.395  11.715  83.759 148.036  15.255  82.336 148.673
  20.339  82.893 149.091  18.736  83.019 148.205  17.628  83.217 150.360  18.351
  82.804 146.901  17.726  83.531 148.828  16.483  83.610 151.046  17.486  83.858
 150.269  16.545  85.214 155.623  13.608  85.173 156.587  12.504  85.500 156.276
  14.687  84.895 156.289  11.378  85.452 157.947  12.834  85.617 157.422  14.933
  85.688 158.594  14.059  85.921 159.737  14.293  85.462 158.589  12.051  87.500
 154.725  11.879  88.273 154.278  10.893  83.678 153.491  14.871  82.456 153.287
  14.475
  85.608 151.502  13.152  86.354 152.595  12.750  84.723 152.327  13.767  86.462
 153.946  12.874  84.307 153.568  14.023  85.337 154.411  13.581  82.736 147.222
  15.383  84.161 147.585  15.421  82.834 148.013  14.173  85.202 148.090  14.816
  83.547 148.458  13.232  85.017 148.724  13.437  85.961 148.030  12.444  85.686
 150.180  13.035  86.359 149.294  12.415  82.704 148.537  15.844  82.835 149.444
  21.031  82.918 149.858  19.392  82.593 148.949  18.404  83.323 150.985  18.867
  82.218 147.734  18.645  82.813 149.370  17.060  83.489 151.645  17.826  83.249
 150.798  16.919  85.219 155.804  13.734  85.179 156.749  12.626  85.753 156.394
  14.814  84.935 156.341  11.487  85.696 158.045  12.809  86.099 157.506  14.974
  86.010 158.669  14.018  86.039 159.892  14.227  85.769 158.686  12.028  87.421
 154.729  12.351  88.372 154.302  11.603  83.079 153.995  14.534  82.050 153.176
  14.448
  85.585 150.839  13.024  86.277 151.915  12.557  84.735 151.711  13.798  86.575
 153.211  12.627  84.470 153.007  14.040  85.564 153.799  13.463  82.404 147.265
  15.692  83.866 147.438  15.619  82.536 147.909  14.421  84.930 147.750  14.985
  83.252 148.248  13.401  84.812 148.269  13.504  85.476 147.401  12.474  85.577
 149.516  12.872  85.958 148.528  12.191  82.556 148.541  16.121  82.888 149.135
  21.318  82.846 149.729  19.706  82.443 148.893  18.656  83.430 150.822  19.215
  81.812 147.665  18.840  82.780 149.346  17.375  83.698 151.423  18.232  83.375
 150.658  17.321  85.543 155.135  13.659  85.412 156.260  12.689  85.533 155.646
  14.876  85.165 156.053  11.506  85.536 157.629  13.297  85.546 156.731  15.330
  85.649 158.030  14.669  85.570 159.148  15.082  85.250 158.388  12.690  87.474
 153.988  11.952  88.248 153.365  11.139  83.299 153.428  14.651  82.343 154.117
  13.992
  85.836 150.134  13.255  86.647 151.213  12.751  85.025 151.000  13.919  86.745
 152.476  12.678  84.840 152.278  14.104  85.744 153.100  13.324  82.694 146.267
  15.723  84.092 146.587  15.609  82.775 146.990  14.435  85.173 146.956  14.997
  83.417 147.477  13.458  84.937 147.525  13.560  85.721 146.668  12.484  85.757
 148.805  13.039  86.245 147.847  12.332  82.716 147.612  16.030  82.512 148.845
  21.013  82.445 149.196  19.377  82.325 148.135  18.464  82.708 150.350  18.737
  82.071 146.884  18.780  82.604 148.531  17.106  82.863 150.886  17.676  82.958
 149.940  16.912  85.615 154.502  13.448  85.523 155.554  12.403  85.868 155.081
  14.613  85.259 155.277  11.267  85.673 156.982  12.843  86.049 156.205  14.909
  86.043 157.439  14.130  86.283 158.636  14.443  85.567 157.626  12.069  87.742
 153.183  12.056  88.718 152.636  11.520  83.748 152.704  14.833  82.584 152.765
  14.134
  85.844 150.347  13.122  86.405 151.534  12.609  84.944 151.134  13.868  86.305
 152.826  12.471  84.505 152.371  14.066  85.262 153.313  13.323  83.640 146.300
  16.122  84.976 146.845  15.822  83.495 146.908  14.776  85.861 147.261  14.995
  83.965 147.412  13.689  85.449 147.675  13.525  86.287 147.009  12.425  85.950
 149.039  12.962  86.539 148.179  12.220  83.582 147.586  16.335  83.349 149.203
  21.314  83.297 149.393  19.635  83.424 148.336  18.788  83.004 150.482  18.939
  83.484 147.115  19.282  83.375 148.576  17.431  82.921 150.963  17.821  83.229
 150.017  17.098  85.060 154.726  13.453  84.806 155.697  12.373  85.333 155.447
  14.523  84.529 155.255  11.267  85.048 157.106  12.677  85.578 156.613  14.763
  85.515 157.751  13.921  85.549 158.940  14.078  84.903 157.786  11.940  87.062
 153.535  11.535  88.078 153.072  10.904  83.451 152.559  14.959  82.180 152.568
  14.520
  86.065 150.672  13.082  86.600 151.776  12.466  85.316 151.584  13.914  86.636
 153.119  12.416  84.925 152.886  14.157  85.706 153.699  13.337  84.490 146.301
  16.085  85.795 146.872  15.723  84.211 147.005  14.824  86.561 147.407  14.906
  84.530 147.564  13.741  85.971 148.012  13.557  86.597 147.402  12.311  86.288
 149.397  12.945  86.805 148.612  12.061  84.419 147.586  16.430  83.223 149.428
  21.203  83.665 149.512  19.453  83.706 148.337  18.707  84.072 150.537  18.715
  83.368 147.160  19.219  84.189 148.534  17.384  84.612 150.909  17.710  84.681
 149.873  17.046  85.477 155.142  13.389  85.588 156.215  12.351  85.623 155.873
  14.479  85.594 156.006  11.125  85.786 157.634  12.662  85.691 156.996  14.866
  85.883 158.192  14.031  85.948 159.381  14.260  85.749 158.215  11.833  87.420
 153.827  11.562  88.111 153.142  10.642  83.922 153.279  14.973  82.756 153.040
  14.371
  86.679 150.907  13.267  87.188 152.099  12.652  85.658 151.614  13.976  86.978
 153.429  12.542  85.211 152.840  14.163  85.949 153.746  13.425  84.662 146.542
  15.871  86.022 147.137  15.743  84.581 147.254  14.614  86.943 147.666  15.068
  85.102 147.795  13.594  86.630 148.125  13.591  87.562 147.600  12.538  87.027
 149.602  13.089  87.768 148.887  12.322  84.464 147.818  16.163  82.683 149.426
  20.938  83.311 149.529  19.266  83.635 148.448  18.429  83.489 150.679  18.624
  83.464 147.160  18.732  84.163 148.836  17.157  83.801 151.230  17.579  84.234
 150.293  16.876  85.551 155.124  13.666  85.375 156.231  12.602  85.537 155.727
  14.796  85.366 156.007  11.443  85.270 157.628  13.113  85.487 156.824  15.277
  85.301 158.072  14.490  85.305 159.247  14.851  85.137 158.357  12.422  87.761
 154.313  11.821  88.388 153.885  10.738  84.146 153.138  14.914  82.966 152.808
  14.540
  86.196 151.017  12.919  86.550 152.239  12.283  85.310 151.655  13.796  86.359
 153.533  12.330  84.869 152.876  14.143  85.443 153.875  13.354  84.977 146.203
  15.617  86.048 147.164  15.489  84.768 146.860  14.325  86.844 147.961  14.888
  85.125 147.503  13.302  86.441 148.257  13.405  87.366 147.776  12.361  86.661
 149.747  12.808  87.413 149.011  12.037  84.406 147.393  15.888  83.091 148.910
  20.799  83.169 148.875  19.114  83.869 147.979  18.242  82.498 149.705  18.307
  84.568 146.968  18.746  83.755 148.217  16.895  82.266 150.058  17.149  82.990
 149.342  16.454  85.067 155.251  13.579  84.904 156.192  12.524  85.433 155.924
  14.666  84.616 155.815  11.396  85.052 157.584  12.787  85.629 157.052  14.924
  85.505 158.159  14.045  85.672 159.346  14.226  84.939 158.146  11.951  86.971
 154.378  11.550  88.214 154.199  11.067  83.986 153.107  15.038  82.751 153.377
  14.577
  86.312 151.217  12.786  86.755 152.426  12.118  85.436 151.941  13.592  86.571
 153.760  12.098  84.989 153.200  13.839  85.685 154.165  13.108  85.088 146.459
  15.630  86.144 147.447  15.514  84.971 146.981  14.273  86.884 148.302  14.894
  85.391 147.639  13.256  86.696 148.485  13.360  87.805 148.083  12.421  86.782
 149.926  12.793  87.585 149.285  12.085  84.434 147.628  15.690  82.652 149.559
  20.243  82.897 149.311  18.594  83.902 148.658  17.950  81.924 149.736  17.720
  84.940 148.134  18.649  83.673 148.483  16.591  81.536 149.715  16.581  82.488
 149.104  16.011  85.512 155.598  13.449  85.349 156.733  12.370  85.831 156.241
  14.566  85.141 156.531  11.185  85.725 158.091  12.783  86.037 157.335  14.924
  86.055 158.545  14.062  86.357 159.657  14.363  85.455 158.737  12.050  87.161
 154.562  11.208  88.391 154.290  10.791  84.064 153.450  14.867  82.863 153.812
  14.463
  86.774 150.522  12.599  87.282 151.698  12.028  86.009 151.274  13.447  87.244
 153.022  11.951  85.558 152.517  13.729  86.334 153.438  12.935  84.351 146.342
  15.168  85.676 147.008  15.130  84.411 146.876  13.792  86.677 147.471  14.527
  85.069 147.403  12.823  86.527 147.810  12.988  87.493 147.161  12.085  87.006
 149.207  12.369  87.657 148.403  11.692  84.097 147.640  15.300  82.762 150.225
  19.622  82.955 149.862  18.007  83.601 148.718  17.484  82.354 150.527  17.034
  84.175 147.845  18.300  83.493 148.619  16.133  82.084 150.637  15.829  82.798
 149.741  15.367  86.088 154.805  13.259  85.953 155.921  12.286  86.305 155.413
  14.397  85.688 155.618  11.139  86.070 157.333  12.674  86.389 156.532  14.817
  86.207 157.776  14.055  86.315 158.881  14.465  86.027 158.060  11.970  88.068
 153.828  11.258  89.275 153.513  11.036  84.675 152.745  14.794  83.597 153.322
  14.431
  86.935 151.091  12.787  87.547 152.288  12.382  86.143 151.718  13.745  87.569
 153.546  12.582  85.829 152.892  14.177  86.566 153.905  13.469  84.242 146.722
  14.600  85.608 147.195  14.578  84.276 147.530  13.386  86.625 147.747  14.050
  84.900 148.220  12.481  86.433 148.404  12.623  87.330 147.923  11.456  87.049
 149.840  12.330  87.696 149.159  11.485  84.186 148.026  15.098  83.571 150.753
  19.502  83.278 150.290  17.836  83.929 149.263  17.230  82.313 150.731  16.984
  84.899 148.513  17.798  83.511 148.957  15.896  81.795 150.677  15.891  82.350
 149.692  15.398  86.222 155.337  13.700  86.175 156.374  12.686  86.245 155.935
  14.884  86.110 156.077  11.477  86.229 157.765  13.130  86.266 157.030  15.268
  86.172 158.261  14.436  86.312 159.444  14.601  86.365 158.472  12.418  88.417
 154.380  11.884  89.482 153.975  11.303  84.776 153.069  15.013  83.614 153.172
  14.383
  86.986 151.301  12.990  87.652 152.530  12.881  85.873 151.853  13.655  87.459
 153.845  13.079  85.322 153.041  14.005  86.211 154.074  13.691  84.025 146.903
  14.034  85.341 147.343  14.380  84.400 147.778  12.897  86.472 147.835  14.072
  85.276 148.417  12.228  86.727 148.649  12.810  87.889 148.111  12.014  87.318
 150.076  12.699  88.154 149.362  12.079  83.837 148.124  14.541  83.142 149.968
  19.472  82.763 149.663  17.774  83.724 149.163  16.818  81.622 149.894  17.205
  85.020 149.034  17.132  83.181 148.826  15.590  81.032 149.712  16.169  81.727
 149.023  15.457  85.779 155.417  13.864  85.407 156.275  12.714  86.395 156.170
  14.729  85.023 155.769  11.671  85.643 157.668  12.852  86.585 157.312  14.901
  86.219 158.388  13.945  86.301 159.614  14.100  85.416 158.205  12.024  88.272
 154.840  12.721  89.191 154.752  11.819  84.116 153.301  14.579  83.137 152.406
  14.549
  86.934 151.226  12.733  87.542 152.449  12.466  85.877 151.896  13.453  87.499
 153.787  12.657  85.438 153.105  13.828  86.356 154.101  13.362  84.591 146.586
  14.385  85.767 147.357  14.680  84.878 147.249  13.097  86.760 147.995  14.328
  85.542 147.923  12.307  86.891 148.535  12.859  88.182 148.034  12.100  87.273
 149.971  12.430  88.208 149.301  11.895  84.092 147.847  14.570  82.656 151.035
  18.524  82.454 150.082  17.053  83.473 149.415  16.389  81.355 149.875  16.322
  84.716 149.503  16.771  83.139 148.661  15.265  80.850 149.381  15.357  81.699
 148.623  14.901  85.987 155.505  13.636  85.998 156.656  12.740  86.028 156.052
  14.827  86.006 156.490  11.543  86.135 158.015  13.256  86.180 157.119  15.266
  86.235 158.395  14.556  86.152 159.554  14.945  86.112 158.844  12.673  88.404
 154.704  12.071  89.339 154.186  11.228  84.232 153.381  14.389  83.691 152.474
  15.182
  87.211 151.428  12.722  87.717 152.635  12.328  86.210 152.061  13.522  87.442
 153.938  12.382  85.741 153.275  13.880  86.358 154.277  13.170  84.534 146.466
  13.743  85.770 147.140  14.266  84.846 147.468  12.653  86.809 147.826  14.017
  85.607 148.226  12.059  86.970 148.640  12.687  88.128 148.150  11.783  87.504
 150.135  12.420  88.325 149.396  11.800  84.156 147.666  14.207  82.788 151.169
  17.907  82.617 150.231  16.464  83.616 149.345  15.996  81.516 150.047  15.810
  84.852 149.298  16.535  83.280 148.469  14.896  81.000 149.339  14.953  81.854
 148.505  14.510  86.031 155.628  13.369  85.980 156.684  12.365  86.111 156.212
  14.568  85.786 156.333  11.153  86.155 158.119  12.746  86.218 157.373  14.999
  86.289 158.611  14.155  86.518 159.798  14.476  86.324 158.829  12.044  88.247
 154.953  11.710  89.221 154.454  10.957  84.800 153.472  14.879  83.526 153.079
  14.838
  87.467 151.071  13.338  87.972 152.211  12.827  86.380 151.720  13.952  87.762
 153.483  12.762  85.842 152.879  14.141  86.566 153.847  13.483  84.848 146.545
  14.687  86.073 147.211  15.145  85.309 147.238  13.534  87.166 147.760  14.909
  86.161 147.873  12.841  87.500 148.385  13.522  88.741 147.929  12.873  87.867
 149.804  13.212  88.795 149.146  12.692  84.416 147.822  14.896  81.907 150.135
  18.785  82.177 149.631  17.209  83.376 149.063  16.839  81.386 149.710  16.171
  84.425 149.083  17.679  83.382 148.573  15.533  81.169 149.448  15.037  82.213
 148.851  14.649  86.155 155.192  13.602  86.106 156.159  12.443  86.377 155.920
  14.682  85.795 155.773  11.335  86.396 157.613  12.735  86.576 157.046  14.969
  86.629 158.233  13.993  86.897 159.385  14.104  86.188 158.268  11.990  88.526
 154.407  12.013  89.318 153.898  11.105  84.801 153.210  14.965  83.722 152.461
  14.976
  86.945 151.020  12.763  87.500 152.189  12.252  86.017 151.709  13.504  87.463
 153.517  12.375  85.626 152.976  13.833  86.445 153.888  13.219  84.955 146.415
  15.154  86.228 147.238  15.138  85.035 147.032  13.777  87.170 147.865  14.560
  85.650 147.602  12.837  87.068 148.280  13.047  88.147 147.802  12.129  87.267
 149.728  12.621  88.153 149.033  11.968  84.595 147.720  15.313  82.592 151.406
  18.551  82.605 150.117  17.270  83.802 149.438  16.906  81.622 149.822  16.526
  84.941 149.594  17.613  83.610 148.585  15.821  81.219 149.124  15.584  82.250
 148.513  15.260  86.292 155.299  13.419  86.341 156.400  12.424  86.254 155.931
  14.546  86.227 156.132  11.263  86.266 157.778  12.860  86.283 157.052  14.957
  86.322 158.278  14.220  86.304 159.488  14.533  86.246 158.485  12.135  88.456
 154.415  11.894  89.165 154.086  10.813  84.430 153.282  14.466  83.694 152.361
  15.009
  86.912 151.159  12.536  87.311 152.411  12.128  85.885 151.623  13.408  87.141
 153.697  12.324  85.354 152.825  13.832  86.050 153.875  13.195  84.877 146.497
  14.552  86.209 147.140  14.552  84.848 147.257  13.235  87.130 147.789  13.930
  85.413 147.896  12.331  86.849 148.385  12.478  87.826 147.957  11.417  87.251
 149.849  12.243  88.020 149.186  11.426  84.644 147.759  15.028  83.130 151.324
  18.667  83.071 150.188  17.243  84.121 149.400  16.747  81.999 150.006  16.493
  85.320 149.422  17.217  83.769 148.665  15.670  81.481 149.510  15.527  82.384
 148.749  15.104  85.598 155.205  13.395  85.761 156.368  12.440  85.546 155.743
  14.589  85.683 156.249  11.228  85.861 157.783  13.008  85.648 156.834  15.044
  85.815 158.145  14.371  85.895 159.262  14.941  85.990 158.598  12.421  87.860
 154.716  11.819  89.064 154.646  11.197  84.232 152.912  14.615  83.065 153.244
  14.138
  87.016 151.392  12.294  87.528 152.619  11.997  85.998 151.986  13.021  87.425
 153.919  12.225  85.532 153.136  13.501  86.389 154.150  13.058  84.563 147.069
  14.177  85.956 147.620  14.278  84.688 147.764  12.900  86.981 148.120  13.693
  85.368 148.348  12.020  86.884 148.701  12.269  87.967 148.144  11.386  87.350
 150.106  12.034  88.192 149.375  11.333  84.471 148.339  14.545  83.526 150.780
  19.154  83.425 150.433  17.405  84.015 149.298  16.810  82.731 151.063  16.535
  84.827 148.454  17.467  83.824 149.280  15.408  82.367 151.200  15.379  82.908
 150.261  14.789  86.058 155.454  13.420  85.887 156.610  12.492  86.351 155.970
  14.629  85.511 156.424  11.334  86.206 157.877  13.036  86.575 156.995  15.159
  86.458 158.306  14.382  86.754 159.461  14.648  85.958 158.601  12.373  88.194
 154.940  11.594  88.985 154.539  10.636  84.423 153.120  14.318  83.526 154.031
  13.984
  86.917 151.633  12.387  87.625 152.847  12.105  86.089 152.313  13.199  87.743
 154.141  12.295  85.756 153.581  13.609  86.650 154.498  13.109  83.977 147.220
  13.982  85.394 147.617  14.169  84.215 148.059  12.826  86.506 148.043  13.732
  84.970 148.634  11.925  86.447 148.860  12.300  87.395 148.316  11.278  87.067
 150.314  12.012  87.784 149.497  11.313  83.946 148.488  14.450  84.196 150.764
  19.193  83.562 150.544  17.557  84.196 149.670  16.623  82.432 150.950  17.042
  85.398 149.210  16.908  83.520 149.465  15.422  81.718 150.938  16.081  82.258
 150.223  15.250  86.413 155.932  13.270  86.413 156.943  12.204  86.393 156.513
  14.432  86.477 156.661  11.017  86.451 158.371  12.646  86.386 157.658  14.810
  86.493 158.855  13.958  86.766 160.032  14.242  86.459 159.078  11.920  88.687
 155.006  11.749  89.437 154.567  10.745  84.649 153.795  14.432  83.448 153.218
  14.152
  86.849 151.636  11.902  87.439 152.836  11.444  86.068 152.304  12.807  87.518
 154.087  11.718  85.812 153.526  13.332  86.594 154.500  12.701  84.371 147.081
  13.897  85.644 147.746  13.914  84.312 147.860  12.686  86.594 148.418  13.376
  84.831 148.510  11.734  86.384 148.915  11.900  87.326 148.366  10.877  86.937
 150.334  11.528  87.576 149.553  10.719  84.040 148.297  14.364  83.898 151.297
  18.571  83.316 150.363  17.185  84.069 149.555  16.432  82.075 150.400  16.774
  85.408 149.377  16.645  83.371 149.028  15.322  81.295 149.979  15.984  81.946
 149.313  15.216  86.540 155.828  13.054  86.362 156.983  12.203  86.522 156.270
  14.275  86.174 156.771  11.026  86.232 158.362  12.792  86.367 157.339  14.804
  86.211 158.670  14.146  86.134 159.764  14.625  86.074 159.119  12.138  88.414
 154.949  11.132  89.355 154.460  10.323  84.924 153.695  14.284  83.829 152.981
  14.401
  86.917 151.177  12.444  87.591 152.366  12.050  85.937 151.845  13.146  87.446
 153.651  12.146  85.557 153.096  13.460  86.398 154.050  12.981  84.426 146.741
  14.462  85.768 147.345  14.534  84.518 147.481  13.183  86.786 147.906  13.965
  85.203 148.058  12.265  86.645 148.501  12.519  87.709 147.947  11.572  87.204
 149.967  12.178  87.932 149.183  11.481  84.170 147.994  14.821  84.009 152.088
  18.175  83.472 150.680  17.277  84.230 149.929  16.304  82.278 150.098  17.347
  85.462 150.318  15.919  83.604 148.831  15.732  81.572 149.194  16.931  82.258
 148.550  16.144  86.258 155.419  13.241  86.260 156.540  12.244  86.350 155.980
  14.440  86.064 156.223  11.092  86.501 157.879  12.632  86.457 157.069  14.877
  86.590 158.334  14.047  86.703 159.494  14.365  86.459 158.563  11.886  88.297
 154.596  11.472  89.329 154.222  10.690  84.522 153.406  14.294  83.318 152.808
  14.315
  86.622 151.205  12.651  87.062 152.492  12.276  85.639 151.788  13.529  86.906
 153.752  12.539  85.118 152.929  14.006  85.836 153.986  13.457  84.546 146.670
  14.839  85.838 147.258  14.667  84.397 147.359  13.546  86.726 147.834  13.974
  84.913 147.963  12.538  86.366 148.446  12.605  87.229 148.025  11.461  86.809
 149.953  12.260  87.429 149.278  11.359  84.350 147.947  15.271  84.505 151.757
  19.046  84.003 150.469  18.075  84.660 149.846  16.974  82.824 149.871  18.173
  85.898 150.298  16.585  83.933 148.765  16.353  81.956 149.110  17.738  82.581
 148.478  16.917  85.606 155.346  13.859  85.441 156.343  12.827  85.852 155.930
  15.013  85.110 156.071  11.701  85.677 157.771  13.207  85.934 157.071  15.360
  85.906 158.276  14.543  86.163 159.410  14.677  85.488 158.479  12.506  87.696
 154.795  12.115  88.851 154.449  11.489  84.110 152.977  14.961  83.006 152.237
  14.816
  86.685 151.154  12.910  87.141 152.428  12.562  85.672 151.645  13.818  86.868
 153.681  12.739  85.102 152.790  14.209  85.745 153.872  13.550  84.637 146.846
  14.989  85.960 147.427  14.930  84.672 147.403  13.637  86.953 147.903  14.329
  85.290 147.935  12.651  86.727 148.382  12.904  87.752 147.952  11.902  87.088
 149.858  12.615  87.936 149.221  11.878  84.459 148.141  15.219  84.446 151.900
  18.931  83.824 150.895  17.707  84.583 150.002  16.874  82.540 150.719  17.358
  85.902 149.890  16.943  83.843 149.122  16.035  81.739 150.101  16.705  82.427
 149.274  16.064  85.375 155.204  13.893  85.168 156.258  12.898  85.661 155.919
  14.954  84.855 155.969  11.783  85.291 157.707  13.211  85.888 157.041  15.273
  85.763 158.239  14.480  85.856 159.483  14.746  85.070 158.350  12.459  87.562
 154.789  12.229  88.594 154.546  11.506  84.033 152.906  15.060  82.877 152.669
  14.582
  86.820 151.253  13.011  87.238 152.477  12.486  85.886 151.916  13.861  87.122
 153.810  12.532  85.518 153.138  14.253  86.188 154.095  13.543  84.638 146.720
  15.036  85.947 147.335  15.086  84.653 147.449  13.760  86.935 147.894  14.498
  85.267 148.121  12.866  86.734 148.478  13.070  87.688 148.027  12.011  87.138
 149.951  12.715  87.850 149.282  11.896  84.376 147.997  15.345  84.448 152.154
  18.550  83.752 150.856  17.686  84.509 149.989  16.851  82.496 150.475  17.575
  85.865 150.129  16.736  83.795 148.962  16.193  81.666 149.726  17.059  82.380
 148.892  16.477  85.889 155.414  13.841  85.776 156.539  12.825  85.907 155.954
  15.062  85.629 156.317  11.628  85.836 157.876  13.371  85.980 157.028  15.519
  86.044 158.332  14.746  86.200 159.519  15.079  85.827 158.688  12.764  87.823
 154.806  11.838  88.819 154.427  10.998  84.487 153.259  15.124  83.266 153.545
  14.568
  86.959 151.420  12.591  87.593 152.627  12.202  86.038 152.163  13.375  87.499
 153.975  12.282  85.621 153.416  13.753  86.438 154.344  13.138  84.217 147.131
  14.741  85.620 147.627  14.779  84.309 147.820  13.464  86.622 148.119  14.140
  85.006 148.390  12.535  86.520 148.590  12.671  87.574 148.053  11.667  87.042
 150.075  12.338  87.837 149.283  11.658  84.101 148.390  15.124  84.702 152.034
  18.811  83.884 150.858  17.800  84.523 150.161  16.811  82.578 150.515  17.827
  85.854 150.277  16.527  83.664 149.265  16.114  81.712 149.805  17.391  82.266
 149.181  16.469  86.095 155.765  13.365  85.922 156.856  12.402  86.221 156.266
  14.554  85.873 156.694  11.164  85.920 158.209  12.917  86.173 157.342  15.036
  86.104 158.626  14.277  86.114 159.818  14.583  85.681 158.955  12.275  88.338
 154.849  11.735  89.327 154.449  10.892  84.488 153.706  14.440  83.724 152.683
  14.835
  86.418 151.258  12.179  87.089 152.470  11.883  85.507 151.954  12.971  87.170
 153.785  12.062  85.260 153.140  13.550  86.170 154.064  13.002  83.749 147.028
  13.997  85.163 147.402  14.024  83.818 147.880  12.833  86.223 147.889  13.451
  84.491 148.421  11.915  86.043 148.547  12.044  86.995 148.009  10.974  86.585
 150.008  11.748  87.276 149.262  10.983  83.726 148.322  14.467  84.534 152.028
  18.177  83.704 151.037  17.115  84.241 150.151  16.153  82.419 150.859  17.049
  85.586 150.083  15.925  83.328 149.314  15.429  81.459 150.273  16.538  81.912
 149.486  15.722  86.033 155.428  13.357  85.715 156.528  12.437  86.155 155.948
  14.473  85.509 156.236  11.281  85.701 157.913  12.992  86.199 157.016  15.000
  85.992 158.321  14.369  86.071 159.434  14.844  85.510 158.611  12.283  87.962
 154.715  11.349  88.754 154.429  10.309  84.109 153.395  14.337  82.944 152.888
  14.004
  86.228 151.601  12.373  86.947 152.692  11.920  85.411 152.304  13.186  87.132
 153.992  12.184  85.190 153.523  13.703  86.112 154.434  13.044  83.230 147.431
  13.787  84.680 147.687  13.955  83.493 148.335  12.684  85.772 148.164  13.501
  84.245 148.832  11.818  85.750 148.975  12.151  86.733 148.434  11.150  86.424
 150.386  11.922  87.158 149.618  11.208  83.352 148.633  14.349  84.045 152.525
  17.717  83.155 151.343  16.891  83.702 150.586  15.864  81.885 150.959  17.008
  85.034 150.706  15.491  82.852 149.588  15.277  80.984 150.160  16.709  81.441
 149.468  15.794  86.048 155.894  13.274  86.073 156.986  12.232  86.051 156.467
  14.468  85.902 156.764  11.020  86.132 158.314  12.716  86.164 157.567  14.869
  86.202 158.763  14.054  86.228 159.947  14.374  85.936 158.950  11.952  88.100
 154.796  11.599  89.247 154.375  11.325  84.224 153.864  14.557  82.971 153.363
  14.386
  86.330 151.326  12.114  87.000 152.493  11.778  85.452 152.026  13.001  87.089
 153.833  12.072  85.214 153.265  13.509  86.125 154.214  12.998  83.247 147.528
  14.317  84.686 147.818  14.249  83.419 148.140  12.981  85.744 148.143  13.627
  84.123 148.546  12.028  85.713 148.696  12.129  86.580 148.005  11.129  86.435
 150.033  11.696  86.966 149.200  11.010  83.345 148.874  14.549  84.444 152.322
  18.402  83.512 151.376  17.275  83.970 150.472  16.342  82.180 151.466  17.164
  85.294 150.221  16.254  82.993 149.847  15.514  81.210 151.029  16.599  81.600
 150.196  15.804  85.959 155.559  13.381  85.858 156.699  12.398  86.253 156.043
  14.587  85.358 156.576  11.318  86.252 158.023  12.920  86.475 157.132  15.034
  86.539 158.363  14.263  86.724 159.488  14.693  86.205 158.814  12.289  87.903
 154.709  11.460  89.098 154.414  11.016  84.227 153.466  14.474  83.010 153.532
  14.081
  87.014 151.290  12.640  87.767 152.271  12.044  86.223 152.079  13.401  87.932
 153.626  12.132  86.058 153.328  13.720  86.977 154.138  13.002  83.808 147.434
  14.895  85.268 147.813  14.849  84.010 148.034  13.541  86.299 148.168  14.252
  84.785 148.447  12.601  86.315 148.648  12.812  87.198 147.903  11.852  87.070
 149.947  12.433  87.614 149.068  11.737  83.823 148.743  15.111  84.143 152.422
  18.831  83.475 151.455  17.576  84.151 150.490  16.813  82.177 151.568  17.155
  85.397 150.179  17.047  83.328 149.839  15.888  81.376 151.210  16.326  81.976
 150.380  15.709  86.948 155.565  13.200  86.927 156.594  12.189  86.862 156.121
  14.368  86.777 156.301  11.008  86.963 157.979  12.622  86.751 157.253  14.711
  86.908 158.492  13.956  86.822 159.670  14.250  86.947 158.712  11.922  88.914
 154.323  11.517  89.944 153.852  10.831  85.113 153.783  14.600  83.986 154.284
  14.091
  86.714 151.504  13.035  87.489 152.664  12.707  85.767 152.234  13.684  87.490
 154.024  12.842  85.345 153.456  14.012  86.323 154.394  13.465  83.505 147.554
  14.651  84.934 147.883  14.835  83.810 148.287  13.409  86.052 148.184  14.355
  84.668 148.666  12.544  86.156 148.793  12.933  87.190 148.191  12.062  86.867
 150.192  12.688  87.589 149.400  11.989  83.616 148.823  15.082  84.605 152.469
  18.704  83.617 151.391  17.725  84.148 150.426  16.910  82.304 151.509  17.520
  85.527 150.219  16.915  83.208 149.778  16.034  81.321 151.169  16.841  81.842
 150.348  16.085  86.067 155.735  13.733  86.427 156.827  12.756  86.173 156.345
  14.893  86.463 156.528  11.598  86.599 158.204  13.178  86.370 157.439  15.287
  86.637 158.676  14.491  87.068 159.803  14.809  86.883 158.802  12.411  88.570
 154.843  12.499  89.576 154.362  11.761  84.170 153.701  14.679  83.054 153.712
  13.963
  86.525 151.280  13.123  87.330 152.323  12.810  85.785 152.016  14.026  87.505
 153.632  12.955  85.571 153.258  14.396  86.508 154.105  13.811  83.284 147.395
  14.657  84.731 147.469  14.601  83.471 148.222  13.491  85.831 147.825  14.081
  84.193 148.773  12.606  85.738 148.629  12.708  86.557 148.054  11.577  86.463
 149.977  12.586  87.015 149.235  11.701  83.492 148.610  15.125  84.516 151.868
  19.117  83.635 150.984  17.866  84.048 150.134  16.896  82.268 150.941  17.810
  85.383 149.988  16.740  83.118 149.529  16.060  81.277 150.500  17.334  81.708
 149.874  16.340  86.437 155.493  13.937  86.446 156.486  12.868  86.344 156.158
  15.080  86.578 156.294  11.650  86.405 157.945  13.265  86.309 157.286  15.449
  86.342 158.479  14.627  86.518 159.665  14.856  86.400 158.625  12.514  88.389
 154.421  12.236  89.332 153.871  11.507  84.517 153.598  15.239  83.416 154.109
  14.745
  86.317 151.359  12.937  87.137 152.442  12.660  85.482 152.041  13.770  87.195
 153.767  12.861  85.187 153.273  14.202  86.074 154.153  13.646  82.886 147.816
  14.827  84.366 147.991  14.852  83.146 148.473  13.552  85.482 148.151  14.251
  83.965 148.873  12.598  85.473 148.743  12.806  86.359 148.080  11.875  86.290
 150.056  12.596  86.884 149.218  11.851  83.196 149.121  15.184  84.829 151.707
  19.458  83.825 151.289  18.132  84.215 150.462  17.070  82.569 151.681  17.993
  85.464 149.928  17.065  83.188 150.193  16.142  81.532 151.620  17.302  81.899
 150.964  16.324  85.822 155.552  13.860  85.748 156.711  12.867  86.071 156.097
  14.998  85.509 156.489  11.662  85.898 158.011  13.343  86.343 157.182  15.468
  86.186 158.475  14.713  86.469 159.644  14.961  85.778 158.739  12.649  88.161
 154.644  12.426  89.299 154.177  12.003  84.111 153.562  15.001  83.104 154.335
  14.606
  86.658 151.078  12.675  87.486 152.200  12.301  85.836 151.879  13.529  87.619
 153.495  12.494  85.693 153.131  13.925  86.615 153.936  13.404  83.602 147.348
  15.090  84.923 147.781  15.011  83.676 147.798  13.733  86.004 148.084  14.389
  84.373 148.193  12.731  85.875 148.490  12.881  86.783 147.734  12.006  86.608
 149.830  12.414  87.218 148.919  11.698  83.576 148.705  15.293  84.636 152.691
  18.455  83.767 151.554  17.607  84.274 150.552  16.799  82.433 151.414  17.681
  85.574 150.398  16.532  83.273 149.762  16.221  81.466 150.935  17.266  81.859
 150.039  16.514  86.582 155.303  13.862  86.714 156.545  13.040  86.661 155.740
  15.147  86.561 156.611  11.847  86.904 157.908  13.792  86.817 156.713  15.659
  86.956 158.110  15.205  87.093 159.210  15.767  86.918 158.769  13.259  88.563
 154.282  11.912  89.597 153.794  11.236  84.737 153.525  14.785  83.458 153.465
  14.452
  87.273 150.911  13.175  87.990 152.077  12.934  86.302 151.647  13.862  87.954
 153.389  12.991  85.894 152.851  14.250  86.812 153.764  13.736  83.804 146.931
  14.627  85.231 147.208  14.884  84.220 147.569  13.373  86.379 147.542  14.492
  85.130 148.026  12.567  86.620 148.209  13.087  87.631 147.584  12.267  87.345
 149.637  12.873  88.070 148.756  12.229  83.953 148.267  14.936  84.838 151.745
  18.849  84.042 151.037  17.463  84.506 149.916  16.759  82.855 151.407  16.980
  85.635 149.334  17.026  83.656 149.425  15.752  81.955 151.119  16.190  82.311
 150.109  15.602  86.610 155.152  13.958  86.687 156.151  12.912  86.670 155.753
  15.052  86.584 155.746  11.756  86.666 157.559  13.243  86.698 156.906  15.479
  86.802 158.098  14.577  86.778 159.323  14.725  86.659 158.208  12.465  88.893
 154.268  12.558  89.623 154.044  11.484  84.721 153.079  14.967  83.746 153.681
  14.346
  86.664 151.157  12.735  87.360 152.297  12.423  85.703 151.790  13.535  87.306
 153.652  12.599  85.254 152.944  13.883  86.126 153.961  13.400  83.895 147.173
  14.788  85.307 147.461  14.707  84.018 147.838  13.504  86.327 147.918  14.124
  84.683 148.295  12.516  86.281 148.464  12.691  87.194 147.896  11.689  86.843
 149.882  12.349  87.510 149.105  11.617  83.982 148.523  15.052  84.434 151.938
  18.924  83.768 151.144  17.573  84.380 150.097  16.918  82.557 151.469  16.985
  85.604 149.586  17.252  83.561 149.554  15.892  81.802 151.230  16.091  82.199
 150.168  15.624  85.905 155.329  13.749  85.451 156.411  12.848  86.198 155.862
  14.876  85.036 156.139  11.735  85.494 157.716  13.304  86.186 156.963  15.320
  85.882 158.182  14.649  85.659 159.295  15.089  85.022 158.418  12.745  88.334
 154.543  12.161  89.383 153.969  11.535  84.150 153.009  14.604  83.447 154.070
  14.437
  86.148 151.189  12.268  86.949 152.247  11.907  85.375 151.995  13.174  87.141
 153.550  12.141  85.189 153.213  13.628  86.135 154.047  13.069  83.237 147.405
  14.695  84.662 147.713  14.586  83.349 148.057  13.416  85.699 148.134  13.933
  83.962 148.449  12.380  85.504 148.583  12.464  86.307 147.752  11.408  86.209
 149.876  11.929  86.798 148.981  11.230  83.279 148.727  14.974  84.474 152.054
  18.825  83.440 151.249  17.702  83.914 150.335  16.774  82.167 151.425  17.511
  85.246 149.975  16.757  82.945 149.682  15.951  81.198 151.002  16.872  81.577
 150.114  16.121  86.169 155.453  13.402  85.817 156.500  12.452  86.360 155.951
  14.583  85.457 156.246  11.354  85.883 157.864  12.907  86.389 157.048  15.004
  86.339 158.329  14.207  86.460 159.486  14.527  85.656 158.568  12.214  88.253
 154.278  11.541  89.260 153.713  10.928  84.228 153.616  14.537  82.969 153.700
  14.100
  86.503 151.286  12.498  87.235 152.364  12.058  85.761 152.114  13.323  87.350
 153.724  12.180  85.502 153.331  13.762  86.403 154.207  13.092  83.125 147.833
  14.588  84.612 147.959  14.543  83.317 148.487  13.310  85.664 148.218  13.927
  84.050 148.866  12.323  85.519 148.772  12.479  86.303 148.027  11.412  86.475
 150.032  12.181  86.955 149.155  11.400  83.266 149.175  14.833  84.888 151.994
  18.949  83.834 151.502  17.632  84.161 150.533  16.683  82.627 152.010  17.330
  85.373 149.819  16.762  83.223 150.265  15.768  81.666 151.915  16.558  81.922
 150.980  15.764  86.201 155.583  13.346  86.332 156.586  12.320  86.310 156.210
  14.472  86.158 156.360  11.114  86.598 158.004  12.771  86.470 157.296  14.957
  86.690 158.503  14.136  86.768 159.719  14.428  86.682 158.635  11.983  88.367
 154.501  11.533  89.039 154.025  10.467  84.458 153.643  14.537  83.460 154.282
  14.034
  86.324 151.316  12.205  86.928 152.497  11.722  85.574 152.096  13.108  87.058
 153.826  11.950  85.305 153.323  13.514  86.123 154.233  12.928  83.185 147.548
  13.927  84.657 147.753  13.886  83.385 148.326  12.707  85.723 148.006  13.247
  84.081 148.796  11.793  85.608 148.703  11.900  86.342 148.190  10.713  86.309
 150.068  11.691  86.828 149.377  10.766  83.411 148.800  14.381  84.281 152.263
  18.482  83.489 151.404  17.153  83.982 150.445  16.319  82.268 151.653  16.794
  85.297 150.072  16.378  83.083 149.845  15.385  81.337 151.362  16.042  81.752
 150.421  15.333  86.025 155.576  13.253  85.984 156.737  12.317  86.460 156.056
  14.384  85.650 156.587  11.167  86.415 158.029  12.864  86.915 157.079  14.833
  86.947 158.332  14.161  87.179 159.485  14.503  86.190 158.825  12.279  87.931
 154.720  11.345  89.068 154.237  10.764  84.261 153.664  14.321  83.285 154.443
  13.975
  86.190 151.038  12.164  87.068 152.110  11.955  85.387 151.723  13.113  87.212
 153.400  12.198  85.278 152.953  13.655  86.286 153.783  13.176  82.421 147.553
  13.319  83.894 147.544  13.455  82.845 148.254  12.103  85.059 147.753  13.001
  83.735 148.648  11.322  85.271 148.497  11.630  86.253 147.927  10.676  86.107
 149.824  11.576  86.801 149.030  10.863  82.736 148.832  13.832  84.859 151.010
  18.180  83.656 150.733  16.938  83.812 149.742  15.972  82.463 151.265  16.774
  84.962 149.128  15.846  82.755 149.669  15.023  81.441 151.299  16.135  81.583
 150.532  15.191  86.266 155.153  13.608  86.264 156.277  12.695  86.556 155.591
  14.823  86.173 156.171  11.463  86.545 157.614  13.220  86.766 156.626  15.306
  86.802 157.971  14.585  86.981 159.131  14.979  86.437 158.369  12.552  88.204
 154.267  11.759  88.939 153.952  10.738  84.412 153.287  14.585  83.400 154.092
  14.471
  86.197 150.976  11.943  87.099 151.996  11.558  85.566 151.715  12.903  87.462
 153.177  11.987  85.572 152.905  13.509  86.618 153.652  12.983  82.724 147.354
  13.769  84.199 147.416  13.638  82.876 148.204  12.608  85.229 147.661  12.978
  83.576 148.659  11.670  85.136 148.512  11.618  85.766 147.883  10.393  86.050
 149.728  11.433  86.370 149.025  10.452  83.112 148.554  14.273  84.496 151.401
  18.641  83.534 150.850  17.260  83.790 149.694  16.445  82.434 151.402  16.784
  84.874 148.905  16.732  82.931 149.549  15.319  81.565 151.457  15.996  81.840
 150.552  15.229  86.734 154.972  13.506  86.227 156.243  12.832  86.630 155.319
  14.750  86.117 156.157  11.627  85.899 157.449  13.618  86.348 156.230  15.486
  85.851 157.589  15.032  85.563 158.560  15.631  85.701 158.283  13.078  88.382
 153.975  11.375  89.602 153.441  11.271  84.621 153.270  14.438  83.686 154.184
  14.155
  86.143 151.120  12.455  86.882 152.360  12.350  85.168 151.737  13.288  86.949
 153.604  12.635  84.823 152.906  13.820  85.798 153.861  13.430  82.593 147.632
  13.735  84.062 147.729  13.830  82.949 148.255  12.430  85.233 147.968  13.362
  83.840 148.594  11.575  85.391 148.615  11.898  86.328 148.084  10.905  86.219
 149.923  11.849  86.823 149.233  11.012  82.793 148.904  14.078  84.111 151.335
  18.526  83.156 150.865  17.108  83.555 150.007  16.118  82.017 151.392  16.778
  84.722 149.357  16.180  82.680 149.855  15.057  81.076 151.468  15.973  81.446
 150.703  15.093  85.681 155.250  13.848  85.291 156.304  12.915  86.290 155.852
  14.882  84.813 155.991  11.829  85.520 157.710  13.280  86.584 156.953  15.202
  86.292 158.219  14.423  86.584 159.403  14.649  85.413 158.393  12.539  87.965
 154.535  12.238  88.861 154.117  11.351  83.669 153.120  14.496  82.895 154.103
  14.088
  86.030 151.377  12.215  86.873 152.465  11.989  85.199 152.055  13.005  87.048
 153.748  12.321  84.969 153.245  13.514  85.966 154.146  13.119  82.795 147.555
  13.956  84.201 147.878  13.946  82.976 148.225  12.652  85.297 148.285  13.413
  83.704 148.790  11.765  85.260 148.870  11.996  86.115 148.159  11.027  86.087
 150.112  11.785  86.693 149.243  11.095  82.893 148.889  14.281  84.314 151.691
  18.554  83.248 150.973  17.280  83.661 150.213  16.226  81.898 150.874  17.310
  85.021 150.007  15.983  82.709 149.736  15.386  80.924 150.558  16.712  81.340
 150.006  15.722  85.875 155.497  13.449  85.848 156.581  12.491  86.145 156.051
  14.608  85.780 156.456  11.281  85.926 157.952  12.988  86.288 157.109  15.005
  86.262 158.367  14.292  86.335 159.535  14.628  85.868 158.620  12.229  88.083
 154.515  11.910  89.061 154.039  11.162  83.899 153.448  14.329  83.134 154.462
  13.939
  86.257 151.256  12.721  86.975 152.370  12.476  85.282 152.000  13.370  87.064
 153.710  12.547  84.917 153.285  13.672  85.940 154.156  13.258  82.893 147.365
  14.195  84.321 147.627  14.407  83.278 148.191  12.994  85.490 147.906  13.962
  84.074 148.685  12.182  85.596 148.623  12.568  86.541 147.894  11.647  86.415
 149.916  12.436  87.090 149.082  11.731  83.003 148.657  14.702  84.105 151.902
  18.776  83.196 150.960  17.585  83.710 150.072  16.679  81.954 151.234  17.351
  84.983 149.681  16.690  82.765 149.637  15.719  81.030 151.105  16.550  81.443
 150.319  15.748  85.909 155.566  13.613  86.109 156.647  12.606  86.065 156.099
  14.826  85.884 156.429  11.450  86.364 157.987  13.125  86.347 157.169  15.261
  86.513 158.407  14.529  86.742 159.552  14.877  86.369 158.729  12.436  88.130
 154.424  11.972  88.903 153.812  11.191  83.707 153.532  14.378  83.036 154.649
  14.225
  86.758 151.215  12.264  87.452 152.315  11.980  85.884 151.899  13.111  87.525
 153.650  12.094  85.613 153.157  13.577  86.459 154.065  12.908  83.546 147.290
  14.123  84.952 147.596  14.143  83.664 148.047  12.871  85.997 147.945  13.518
  84.367 148.623  11.964  85.896 148.640  12.092  86.709 147.939  11.095  86.727
 149.921  11.847  87.247 149.062  11.053  83.659 148.587  14.498  84.595 151.801
  18.749  83.828 151.053  17.355  84.250 149.927  16.679  82.780 151.570  16.713
  85.275 149.201  17.115  83.451 149.607  15.514  82.044 151.507  15.797  82.394
 150.510  15.200  86.262 155.418  13.187  86.075 156.474  12.202  86.460 155.949
  14.334  85.760 156.281  11.011  86.044 157.890  12.756  86.436 157.024  14.793
  86.144 158.315  14.151  85.900 159.438  14.573  85.689 158.633  12.165  88.490
 154.497  11.586  89.300 153.960  10.690  84.625 153.452  14.438  83.681 154.257
  13.949
  86.873 151.477  12.271  87.447 152.748  12.032  85.947 152.046  13.192  87.393
 154.067  12.339  85.533 153.232  13.722  86.356 154.297  13.223  84.144 147.311
  13.949  85.569 147.738  13.922  84.292 147.872  12.579  86.647 148.088  13.305
  85.015 148.371  11.654  86.524 148.718  11.907  87.547 148.328  10.766  87.057
 150.219  11.697  87.753 149.584  10.887  84.133 148.677  14.168  84.052 152.127
  18.163  83.412 151.251  16.739  84.080 150.215  16.141  82.252 151.405  16.077
  85.296 149.855  16.510  83.435 149.601  15.012  81.483 150.939  15.222  82.113
 150.079  14.643  86.020 155.627  13.506  85.614 156.622  12.454  86.292 156.272
  14.650  85.151 156.223  11.396  85.700 157.982  12.840  86.303 157.364  15.007
  86.076 158.571  14.121  86.168 159.803  14.279  85.502 158.615  12.073  88.179
 155.085  11.720  89.294 154.807  11.088  84.373 153.256  14.565  83.613 154.339
  14.562
