#Frame       SA_00001
       1   21033.1347
       2   22418.3972
       3   23163.2452
       4   23707.6688
       5   23926.5110
       6   24261.2385
       7   24387.0666
       8   24267.4425
       9   24155.0106
      10   23785.9359
      11   23868.3925
      12   23778.8398
      13   23849.0359
      14   24148.1284
      15   23612.2808
      16   23948.4656
      17   23728.9849
      18   24117.5234
      19   24136.9368
      20   24048.1269
      21   23915.9245
      22   23979.8493
      23   24281.5740
      24   24320.5490
      25   23954.9450
      26   23728.0038
      27   24042.7438
      28   24307.5259
      29   24354.4893
      30   24706.4507
      31   24567.1366
      32   24706.3704
      33   24580.5224
      34   24500.5203
      35   24600.2792
      36   24355.8096
      37   24465.2935
      38   24522.5046
      39   24359.4100
      40   24889.8144
      41   24917.1467
      42   25049.4092
      43   24853.1279
      44   24884.9449
      45   24455.1138
      46   24659.5740
      47   24336.8165
      48   24711.8568
      49   24584.2578
      50   24269.5565
