Cpptraj Generated trajectory                                                    
  84.555 154.088  13.780  85.893 153.697  13.499  83.546 153.157  14.001  86.240
 152.343  13.715  84.100 151.988  14.079  85.290 151.361  13.978  87.443 151.664
  13.645  85.920 150.107  13.988  86.841 150.534  13.034  87.972 151.182  14.761
  86.732 149.858  15.042  87.519 149.674  12.096  87.569 150.546  15.958  88.645
 149.864  11.623  84.323 155.616  11.367  84.402 156.199  12.449  84.206 155.429
  13.712  84.767 157.620  12.507  84.476 156.290  14.665  85.009 158.400  13.696
  84.790 157.403  14.801  85.335 159.566  13.813  84.757 158.162  11.651  86.858
 154.636  13.144  87.408 154.464  11.950  82.178 153.435  14.162  81.382 152.406
  14.472  86.752 148.585  11.887  87.285 147.389  11.148  88.379 146.749  11.860
  87.562 147.707   9.706  86.177 146.362  11.222  88.363 149.625  15.293  89.586
 148.878  15.275  90.088 148.011  14.262  90.581 149.127  16.308  91.211 147.492
  14.364  91.586 148.385  16.383  91.919 147.725  15.380
  85.029 153.535  13.353  86.354 153.156  13.068  83.984 152.654  13.695  86.721
 151.801  13.277  84.523 151.444  13.659  85.761 150.787  13.475  87.939 151.167
  13.259  86.448 149.576  13.547  87.454 150.003  12.692  88.354 150.764  14.498
  87.093 149.413  14.722  88.104 149.281  11.706  87.706 150.293  15.681  89.039
 149.702  11.072  84.918 155.376  10.917  84.827 155.777  12.063  84.622 154.865
  13.213  84.967 157.190  12.359  84.593 155.606  14.259  85.027 157.904  13.639
  84.816 156.744  14.565  85.214 159.113  13.734  85.151 157.779  11.555  87.324
 154.170  12.777  87.845 154.047  11.591  82.645 152.997  13.977  81.769 152.067
  14.332  87.645 147.981  11.748  88.061 146.862  10.874  89.478 146.501  11.042
  87.721 147.324   9.485  87.128 145.703  11.230  88.556 149.300  15.334  89.378
 148.288  15.857  88.991 146.893  15.784  90.525 148.455  16.677  89.557 146.025
  16.461  91.046 147.469  17.302  90.566 146.336  17.118
  85.087 153.818  13.365  86.359 153.393  12.913  83.994 153.011  13.604  86.597
 152.004  13.087  84.404 151.827  13.462  85.573 151.136  13.265  87.750 151.217
  13.010  86.053 149.923  13.307  87.077 150.176  12.383  88.180 150.659  14.177
  86.715 149.589  14.519  87.761 149.218  11.575  87.595 150.214  15.430  88.990
 149.314  11.407  84.545 155.731  11.279  84.826 156.113  12.391  84.869 155.185
  13.540  85.180 157.477  12.626  85.440 155.830  14.538  85.722 158.080  13.841
  85.735 156.933  14.818  86.056 159.290  13.970  84.972 158.071  11.833  87.356
 154.304  12.590  87.988 154.119  11.462  82.716 153.476  13.923  81.785 152.617
  14.263  86.863 148.244  11.180  87.328 147.010  10.624  88.006 146.342  11.741
  88.156 147.268   9.395  86.209 146.331  10.314  88.218 149.192  14.822  89.084
 148.053  15.102  88.882 146.711  14.697  90.395 148.279  15.673  89.755 145.874
  14.939  91.190 147.384  15.887  90.846 146.288  15.412
  84.894 154.215  13.738  86.198 153.730  13.476  83.792 153.383  13.970  86.540
 152.399  13.684  84.280 152.129  14.027  85.510 151.473  13.920  87.643 151.630
  13.561  86.004 150.229  13.995  86.929 150.586  12.978  88.138 151.057  14.738
  86.839 149.947  15.080  87.423 149.791  11.890  87.739 150.585  15.990  88.284
 150.159  11.111  84.290 156.083  11.496  84.588 156.499  12.596  84.701 155.593
  13.788  84.791 157.908  12.827  85.135 156.294  14.764  85.271 158.519  14.025
  85.351 157.445  14.919  85.374 159.737  14.223  84.718 158.553  12.050  87.111
 154.676  13.036  87.654 154.421  11.821  82.482 153.839  14.217  81.487 152.991
  14.482  86.680 148.576  11.761  87.095 147.419  10.963  88.486 147.005  11.389
  86.941 147.503   9.547  86.174 146.349  11.405  88.430 149.612  15.350  89.285
 148.455  15.403  89.044 147.315  14.647  90.589 148.402  16.082  89.872 146.395
  14.548  91.396 147.440  15.879  90.970 146.516  15.127
  84.516 154.393  13.693  85.888 153.996  13.511  83.494 153.527  14.036  86.246
 152.705  13.755  84.070 152.357  14.168  85.286 151.727  14.026  87.418 151.986
  13.754  85.794 150.446  14.025  86.818 150.850  13.149  87.791 151.407  14.972
  86.522 150.128  15.171  87.299 150.203  12.008  87.219 150.893  16.153  88.286
 150.627  11.343  84.425 156.010  11.252  84.515 156.465  12.391  84.188 155.734
  13.558  85.159 157.778  12.555  84.418 156.505  14.597  85.442 158.505  13.791
  84.894 157.562  14.772  85.810 159.653  13.934  85.480 158.209  11.696  86.777
 154.946  13.042  87.132 154.929  11.753  82.140 153.775  14.110  81.279 152.787
  14.459  86.547 149.063  11.687  86.985 148.155  10.608  88.290 147.670  10.921
  86.875 148.804   9.247  86.122 146.997  10.749  88.055 149.999  15.639  89.192
 149.197  15.934  89.133 147.770  15.852  90.542 149.590  16.232  90.159 147.105
  15.671  91.463 148.807  16.142  91.263 147.625  15.800
  84.488 154.476  13.905  85.797 154.030  13.526  83.496 153.626  14.247  86.141
 152.722  13.585  84.005 152.377  14.242  85.195 151.740  13.922  87.344 152.021
  13.502  85.795 150.516  13.885  86.784 150.917  12.888  87.841 151.503  14.671
  86.508 150.246  15.049  87.151 150.181  11.768  87.309 150.999  15.938  88.190
 150.507  11.246  84.304 156.333  11.477  84.330 156.756  12.638  84.172 155.869
  13.851  84.626 158.218  12.793  84.456 156.742  14.878  84.867 158.934  14.014
  84.745 157.882  15.040  85.011 160.146  14.182  84.677 158.752  11.933  86.610
 155.006  13.075  87.270 154.867  11.959  82.203 154.042  14.573  81.249 153.181
  14.718  86.464 148.971  11.733  87.121 147.744  11.103  88.382 147.500  11.808
  87.370 147.990   9.687  86.266 146.620  11.235  88.080 150.064  15.406  89.045
 149.085  15.748  89.157 147.789  15.100  90.112 149.214  16.650  90.206 147.151
  15.093  91.100 148.471  16.680  91.131 147.479  15.938
  84.344 154.669  13.985  85.640 154.227  13.682  83.315 153.776  14.211  85.998
 152.913  13.943  83.807 152.593  14.184  85.009 152.002  14.169  87.163 152.298
  13.834  85.538 150.761  14.077  86.546 151.221  13.158  87.670 151.655  14.898
  86.351 150.392  15.088  87.171 150.482  12.127  87.257 150.907  16.034  88.131
 150.877  11.553  84.389 156.458  11.685  84.425 156.887  12.811  84.044 156.039
  13.975  84.893 158.273  13.017  84.323 156.800  15.023  85.085 158.895  14.305
  84.763 157.850  15.312  85.383 160.009  14.550  85.005 158.816  12.169  86.534
 155.179  13.246  87.308 154.961  12.217  82.007 154.165  14.416  81.153 153.274
  14.921  86.566 149.242  12.078  87.051 148.197  11.197  88.496 147.926  11.334
  86.709 148.645   9.831  86.266 147.065  11.502  87.966 150.016  15.221  88.911
 148.956  15.206  88.554 147.602  14.986  90.313 149.114  15.354  89.363 146.704
  14.876  91.092 148.131  15.227  90.593 146.978  15.187
  83.940 154.925  14.246  85.276 154.480  14.059  82.831 154.062  14.294  85.500
 153.117  13.969  83.274 152.841  14.174  84.522 152.239  13.987  86.657 152.468
  13.705  85.066 150.998  13.750  86.105 151.497  12.868  87.117 151.706  14.779
  85.775 150.541  14.794  86.860 150.813  11.936  86.561 151.048  15.847  87.806
 151.338  11.392  84.084 156.400  11.934  84.176 156.998  13.024  83.744 156.292
  14.262  84.889 158.266  13.140  84.049 157.094  15.256  85.148 158.996  14.332
  84.600 158.135  15.412  85.739 160.065  14.412  85.195 158.753  12.306  86.323
 155.380  14.073  86.927 155.568  12.893  81.487 154.445  14.432  80.550 153.514
  14.694  86.124 149.775  11.464  86.683 148.819  10.511  87.724 148.010  11.246
  87.273 149.517   9.431  85.636 147.951   9.997  87.277 150.184  15.121  88.250
 149.194  14.997  88.363 148.143  15.979  89.331 149.179  14.114  89.306 147.293
  15.945  90.267 148.358  14.245  90.282 147.493  15.146
  84.472 154.588  13.723  85.750 154.081  13.470  83.330 153.767  13.806  85.931
 152.653  13.463  83.681 152.559  13.544  84.831 151.843  13.342  87.046 151.902
  13.316  85.290 150.571  13.041  86.398 151.036  12.369  87.318 151.020  14.303
  85.911 149.961  14.115  87.059 150.304  11.352  86.664 150.260  15.261  88.186
 150.659  10.919  84.960 156.559  11.584  84.772 156.932  12.729  84.196 155.988
  13.780  85.171 158.282  13.115  84.204 156.744  14.877  85.126 158.893  14.403
  84.539 157.829  15.257  85.600 160.006  14.654  85.662 158.812  12.404  86.775
 154.955  13.292  87.477 154.750  12.236  82.114 154.248  14.113  81.178 153.460
  14.606  86.332 149.162  11.009  86.754 148.195  10.032  88.014 147.630  10.541
  87.016 148.872   8.746  85.728 147.169   9.991  87.445 149.444  14.567  88.369
 148.394  14.699  89.295 148.306  15.780  88.315 147.217  13.893  89.965 147.280
  15.969  88.933 146.230  14.275  89.758 146.293  15.224
  84.628 154.140  13.720  85.922 153.659  13.482  83.438 153.439  13.945  86.063
 152.309  13.561  83.798 152.190  13.860  84.935 151.400  13.651  87.153 151.550
  13.366  85.491 150.114  13.591  86.472 150.537  12.626  87.634 150.909  14.509
  86.207 149.736  14.688  86.950 149.847  11.517  87.145 150.268  15.665  87.854
 150.275  10.806  84.381 156.050  11.425  84.627 156.454  12.556  84.512 155.552
  13.752  85.081 157.799  12.710  84.930 156.316  14.753  85.463 158.409  13.914
  85.266 157.425  14.939  85.760 159.570  14.049  85.118 158.407  11.900  86.972
 154.504  13.208  87.304 154.897  11.994  82.186 153.971  14.239  81.192 153.245
  14.647  86.273 148.666  11.353  86.545 147.713  10.300  87.861 147.312  10.628
  86.452 148.253   8.973  85.495 146.726  10.384  87.742 149.330  14.902  88.568
 148.132  14.892  90.002 148.143  15.049  88.072 146.740  14.863  90.664 147.096
  15.013  88.838 145.814  14.938  90.062 146.030  14.891
  84.681 154.076  13.475  85.901 153.446  13.143  83.548 153.365  13.802  86.050
 152.095  13.266  83.842 152.085  13.764  84.921 151.271  13.509  87.141 151.231
  13.196  85.354 149.919  13.546  86.412 150.154  12.629  87.488 150.761  14.471
  86.067 149.632  14.724  86.839 149.294  11.615  86.921 150.224  15.654  87.771
 149.629  10.865  84.748 155.920  11.226  84.825 156.353  12.387  84.700 155.435
  13.536  85.228 157.747  12.664  84.890 156.159  14.594  85.531 158.398  13.928
  85.200 157.282  14.867  85.970 159.544  14.114  85.404 158.211  11.780  87.010
 154.184  12.748  87.662 153.887  11.640  82.290 153.875  14.044  81.299 153.168
  14.360  85.973 148.201  11.505  86.202 147.123  10.618  87.531 146.459  10.902
  86.092 147.585   9.207  85.178 146.129  10.869  87.552 149.145  15.072  88.602
 148.184  15.178  89.965 148.518  14.903  88.451 146.868  15.784  90.822 147.664
  15.159  89.415 146.240  16.165  90.516 146.660  15.823
  84.718 154.303  13.567  86.006 153.817  13.302  83.581 153.542  13.906  86.233
 152.445  13.448  84.015 152.326  13.842  85.169 151.577  13.753  87.353 151.581
  13.328  85.642 150.272  13.898  86.559 150.503  12.836  87.894 151.073  14.485
  86.506 150.033  14.989  87.012 149.579  11.899  87.489 150.622  15.780  88.059
 149.730  11.243  84.755 156.348  11.361  84.842 156.644  12.570  84.557 155.694
  13.603  85.216 158.041  12.914  84.851 156.308  14.723  85.451 158.620  14.226
  85.190 157.428  15.088  85.630 159.795  14.455  85.449 158.638  12.130  87.127
 154.679  13.008  87.525 154.583  11.820  82.346 153.974  14.268  81.448 153.064
  14.560  86.237 148.485  11.896  86.463 147.404  11.018  87.739 146.663  11.318
  86.301 147.799   9.654  85.358 146.401  11.318  88.068 149.614  15.038  88.828
 148.392  15.030  89.631 147.773  13.970  89.039 147.696  16.281  90.114 146.641
  14.151  89.690 146.641  16.358  90.313 146.271  15.346
  84.957 154.150  13.888  86.257 153.634  13.692  83.839 153.418  14.007  86.453
 152.233  13.886  84.237 152.176  14.011  85.347 151.368  13.933  87.587 151.469
  13.864  85.834 150.093  13.978  86.946 150.470  13.160  87.954 150.886  14.991
  86.542 149.681  15.134  87.246 150.013  11.840  87.345 150.273  16.158  88.210
 150.260  11.115  84.937 155.866  11.544  85.080 156.367  12.602  84.855 155.594
  13.850  85.536 157.781  12.693  85.007 156.454  14.774  85.655 158.533  13.850
  85.383 157.557  14.915  86.132 159.660  13.849  85.704 158.327  11.857  87.339
 154.405  13.390  87.788 154.283  12.172  82.559 153.863  14.211  81.527 153.043
  14.138  86.317 149.077  11.540  86.418 148.214  10.357  87.626 147.398  10.418
  86.354 148.900   9.055  85.177 147.344  10.391  88.067 149.363  15.470  89.120
 148.387  15.572  89.711 147.820  14.389  90.047 148.294  16.677  90.903 147.390
  14.410  91.141 147.745  16.597  91.482 147.236  15.494
  84.937 154.330  13.476  86.214 153.854  13.166  83.863 153.481  13.775  86.529
 152.491  13.329  84.386 152.291  13.773  85.521 151.521  13.501  87.679 151.785
  13.177  86.113 150.307  13.567  87.103 150.669  12.606  88.142 151.303  14.407
  86.883 150.003  14.674  87.739 149.870  11.714  87.636 150.790  15.652  88.743
 150.164  11.053  84.946 156.144  11.137  85.083 156.586  12.259  84.746 155.674
  13.418  85.546 157.975  12.448  84.938 156.475  14.451  85.711 158.632  13.753
  85.256 157.583  14.718  85.999 159.817  13.963  85.646 158.561  11.627  87.268
 154.700  12.799  87.915 154.486  11.707  82.546 153.859  13.907  81.670 152.996
  14.315  87.018 148.692  11.582  87.330 147.707  10.532  88.704 147.230  10.745
  87.188 148.341   9.170  86.511 146.541  10.641  88.497 149.902  15.133  89.462
 149.022  15.538  89.581 147.651  15.032  90.470 149.307  16.509  90.439 146.885
  15.527  91.064 148.388  17.071  91.034 147.198  16.606
  84.693 154.501  13.361  86.034 154.047  13.050  83.700 153.684  13.812  86.363
 152.677  13.253  84.166 152.455  13.733  85.388 151.758  13.560  87.574 152.015
  13.240  86.023 150.562  13.876  86.963 150.806  12.830  88.123 151.679  14.494
  86.747 150.539  15.047  87.683 149.812  12.138  87.702 151.308  15.781  88.761
 150.093  11.701  84.861 156.198  10.897  84.891 156.641  12.036  84.475 155.842
  13.205  85.514 158.018  12.316  84.607 156.606  14.220  85.601 158.740  13.539
  85.062 157.689  14.493  86.112 159.825  13.576  85.829 158.544  11.509  87.047
 154.911  12.752  87.611 154.744  11.560  82.397 154.097  14.113  81.449 153.317
  14.631  86.913 148.690  11.784  87.346 147.727  10.816  88.581 147.113  11.253
  87.443 148.266   9.495  86.340 146.645  10.861  88.232 150.211  15.279  89.141
 149.114  15.477  88.936 147.775  15.081  90.455 149.327  16.010  89.865 146.979
  15.147  91.256 148.406  16.064  90.936 147.243  15.790
  84.351 154.734  13.857  85.601 154.225  13.630  83.304 153.903  14.337  85.885
 152.906  13.828  83.706 152.668  14.404  84.888 151.987  14.137  87.030 152.162
  13.682  85.379 150.707  14.034  86.360 151.060  13.077  87.532 151.596  14.849
  86.309 150.283  14.998  86.853 150.186  12.089  87.151 150.909  15.945  87.920
 150.459  11.517  84.135 156.331  11.336  84.375 156.831  12.436  84.190 156.086
  13.666  84.936 158.187  12.452  84.517 156.903  14.570  85.305 158.883  13.620
  85.062 157.962  14.708  85.758 160.003  13.557  85.149 158.582  11.544  86.711
 155.037  13.307  87.485 154.797  12.242  81.991 154.352  14.668  81.037 153.466
  14.771  85.962 149.095  11.984  86.232 148.145  10.897  87.583 147.532  10.895
  85.893 148.700   9.582  85.217 147.120  11.134  88.063 150.147  15.181  89.133
 149.106  15.175  89.084 147.952  14.274  90.305 149.200  15.933  89.955 147.116
  14.381  91.090 148.240  15.972  90.881 147.299  15.184
  84.870 155.056  13.945  86.178 154.545  13.977  83.754 154.298  14.025  86.420
 153.207  14.340  84.136 153.079  14.129  85.298 152.354  14.335  87.501 152.361
  14.325  85.688 151.053  14.398  86.752 151.409  13.579  87.766 151.638  15.461
  86.361 150.597  15.513  87.160 150.598  12.535  87.097 151.070  16.584  88.217
 150.761  11.981  84.497 156.522  11.513  84.798 157.159  12.524  84.732 156.421
  13.825  85.198 158.594  12.521  85.116 157.322  14.800  85.506 159.393  13.676
  85.275 158.498  14.820  85.856 160.521  13.685  85.313 159.112  11.657  87.220
 155.349  13.623  87.541 155.245  12.363  82.486 154.806  13.882  81.538 154.059
  14.350  86.265 149.565  12.290  86.648 148.482  11.438  87.854 147.851  11.877
  86.970 148.989  10.136  85.640 147.499  11.407  87.836 150.093  15.994  88.781
 149.040  16.103  88.622 147.860  15.353  90.099 149.044  16.601  89.546 147.109
  14.954  91.005 148.329  16.087  90.705 147.382  15.343
  84.782 154.862  13.743  86.152 154.473  13.856  83.736 153.997  13.864  86.457
 153.118  14.216  84.264 152.787  13.975  85.476 152.135  14.202  87.666 152.546
  14.472  86.168 150.950  14.392  87.353 151.406  13.746  87.871 152.007  15.745
  86.658 150.680  15.650  88.135 150.789  12.782  87.083 151.480  16.798  89.279
 151.119  12.478  85.281 156.570  11.330  85.150 157.037  12.434  84.597 156.240
  13.562  85.459 158.409  12.688  84.365 157.095  14.596  85.317 159.118  13.905
  84.555 158.212  14.832  85.766 160.230  14.028  85.907 158.951  11.959  87.151
 155.324  13.607  87.969 155.070  12.526  82.408 154.390  13.800  81.576 153.570
  14.462  87.464 149.671  12.291  88.089 148.757  11.393  89.008 147.872  12.090
  88.652 149.345  10.174  87.068 147.892  10.929  88.093 150.586  16.453  89.017
 149.612  16.985  88.513 148.341  17.422  90.427 149.713  17.141  89.250 147.493
  17.918  91.055 148.759  17.668  90.460 147.620  17.646
  84.813 154.870  14.097  86.103 154.502  14.163  83.760 153.986  14.152  86.501
 153.219  14.378  84.330 152.804  14.251  85.533 152.198  14.355  87.670 152.676
  14.690  86.218 151.014  14.495  87.363 151.588  13.905  87.824 152.112  15.968
  86.763 150.682  15.715  88.247 150.921  13.008  87.043 151.362  16.909  89.412
 151.343  12.763  85.147 156.533  11.553  84.997 156.965  12.668  84.612 156.219
  13.886  85.174 158.405  12.882  84.389 157.038  14.836  85.044 159.194  14.133
  84.548 158.227  15.086  85.472 160.350  14.276  85.529 158.857  12.047  87.126
 155.442  14.183  87.935 155.629  13.123  82.407 154.306  14.149  81.480 153.394
  14.548  87.710 149.693  12.666  88.427 148.851  11.721  89.613 148.265  12.449
  88.846 149.574  10.449  87.432 147.769  11.442  88.059 150.606  16.492  89.223
 149.780  16.897  89.386 149.257  18.221  90.408 149.511  16.114  90.350 148.584
  18.577  91.331 148.837  16.566  91.325 148.472  17.783
  84.363 155.053  14.352  85.729 154.771  14.333  83.319 154.172  14.510  86.079
 153.426  14.534  83.922 153.003  14.641  85.111 152.401  14.637  87.272 152.884
  14.514  85.691 151.238  14.756  86.772 151.731  13.895  87.644 152.327  15.730
  86.449 151.062  15.897  87.488 150.913  13.056  87.005 151.807  16.941  88.525
 151.321  12.519  84.499 156.634  11.818  84.500 157.154  12.914  84.082 156.465
  14.185  84.865 158.564  12.937  84.154 157.370  15.120  85.004 159.376  14.097
  84.532 158.505  15.174  85.410 160.555  14.110  84.924 159.039  12.044  86.637
 155.814  14.199  87.535 155.594  13.205  81.995 154.400  14.485  81.225 153.522
  15.041  86.875 149.818  12.909  87.423 148.715  12.171  88.619 148.256  12.807
  87.603 149.036  10.734  86.457 147.581  12.314  87.921 150.926  16.498  88.875
 149.962  16.951  88.957 149.421  18.251  90.018 149.550  16.176  89.978 148.883
  18.718  91.027 149.066  16.694  90.912 148.632  17.876
  84.094 155.028  14.428  85.409 154.481  14.346  82.939 154.223  14.480  85.631
 153.158  14.541  83.420 153.047  14.680  84.566 152.312  14.722  86.773 152.466
  14.468  85.079 151.034  14.852  86.142 151.365  13.900  87.136 152.061  15.754
  85.828 150.849  16.048  86.736 150.403  13.114  86.568 151.640  16.985  87.827
 150.659  12.620  84.089 156.440  11.923  84.293 157.038  12.973  83.935 156.404
  14.277  84.776 158.391  12.979  84.297 157.298  15.214  85.101 159.288  14.070
  84.817 158.377  15.251  85.513 160.443  14.032  84.824 158.842  12.072  86.452
 155.319  14.076  87.032 155.332  12.926  81.617 154.480  14.448  80.681 153.743
  15.015  86.002 149.258  13.038  86.470 148.109  12.291  87.910 147.815  12.632
  86.392 148.542  10.845  85.525 146.992  12.512  87.454 150.724  16.545  88.694
 150.129  16.996  88.828 148.877  17.757  89.962 150.661  16.654  89.923 148.528
  18.216  91.018 150.191  17.147  90.879 149.316  18.044
  83.924 154.935  14.398  85.227 154.470  14.388  82.786 154.152  14.544  85.523
 153.120  14.713  83.235 152.909  14.706  84.451 152.241  14.807  86.709 152.454
  14.914  84.987 150.996  15.094  86.148 151.344  14.289  86.952 151.955  16.168
  85.573 150.750  16.330  86.866 150.485  13.497  86.308 151.433  17.365  87.858
 150.760  12.880  83.722 156.231  11.831  83.980 156.858  12.829  83.722 156.279
  14.148  84.446 158.276  12.759  84.010 157.229  15.014  84.757 159.180  13.792
  84.411 158.324  14.967  85.143 160.353  13.727  84.484 158.628  11.809  86.245
 155.328  14.163  86.879 155.266  12.980  81.469 154.563  14.331  80.467 153.811
  14.758  86.206 149.281  13.377  86.833 148.106  12.795  88.270 147.980  13.095
  86.676 148.132  11.380  86.126 146.920  13.349  87.080 150.521  16.795  88.193
 149.593  17.122  88.258 148.867  18.380  89.230 149.147  16.169  89.241 148.135
  18.627  89.893 148.180  16.469  90.005 147.830  17.657
  84.249 155.267  14.407  85.479 154.722  14.615  83.023 154.620  14.509  85.565
 153.368  15.034  83.286 153.388  14.868  84.365 152.607  15.117  86.613 152.461
  15.259  84.756 151.295  15.404  85.936 151.392  14.680  86.749 152.066  16.556
  85.257 151.102  16.688  86.587 150.489  13.935  86.012 151.799  17.701  87.712
 150.612  13.547  84.116 156.671  11.764  84.262 157.251  12.814  84.207 156.613
  14.108  84.609 158.681  12.809  84.488 157.490  15.055  84.918 159.550  13.916
  84.773 158.640  15.094  85.155 160.761  13.874  84.608 159.118  11.895  86.643
 155.450  14.397  87.064 155.712  13.148  81.827 155.137  14.174  80.727 154.720
  14.750  85.721 149.466  13.630  86.102 148.404  12.728  87.216 147.662  13.431
  86.553 148.926  11.396  84.955 147.535  12.531  86.816 150.787  17.350  87.501
 149.697  17.922  87.035 148.714  18.941  88.748 149.245  17.339  87.758 147.752
  19.252  89.422 148.393  17.902  88.845 147.521  18.616
  83.716 154.788  14.188  85.044 154.429  14.493  82.598 153.990  14.254  85.211
 153.177  15.035  83.043 152.808  14.654  84.179 152.183  14.995  86.277 152.545
  15.527  84.672 150.989  15.436  85.914 151.295  14.932  86.152 152.291  16.880
  84.937 150.971  16.776  86.753 150.509  14.050  85.195 151.848  17.772  87.906
 150.771  13.783  84.064 155.909  11.439  84.149 156.665  12.452  83.628 156.164
  13.787  84.738 157.990  12.309  83.810 157.128  14.641  84.887 158.887  13.396
  84.314 158.176  14.549  85.446 159.990  13.415  85.114 158.250  11.405  86.107
 155.273  14.352  87.122 154.916  13.650  81.296 154.412  14.058  80.363 153.696
  14.679  86.093 149.357  13.764  86.551 148.314  12.906  87.701 147.634  13.530
  87.014 148.827  11.592  85.411 147.390  12.722  86.210 150.931  17.727  86.894
 149.844  18.302  86.339 148.931  19.244  88.296 149.584  18.095  87.008 148.227
  19.982  88.880 148.794  18.837  88.267 148.286  19.848
  83.968 154.950  14.182  85.197 154.286  14.308  82.739 154.411  14.253  85.196
 152.948  14.752  82.926 153.163  14.496  83.927 152.258  14.830  86.122 152.108
  15.176  84.172 150.972  15.223  85.499 150.998  14.625  86.130 151.856  16.550
  84.545 150.766  16.545  86.198 149.857  13.982  85.177 151.482  17.576  87.374
 149.859  13.750  84.900 156.190  11.742  84.667 156.866  12.680  83.958 156.355
  13.856  85.099 158.281  12.730  83.958 157.302  14.713  84.899 159.218  13.812
  84.307 158.423  14.852  85.304 160.380  13.890  85.636 158.595  11.930  86.363
 155.005  14.097  87.284 154.575  13.302  81.472 155.041  14.058  80.430 154.885
  14.822  85.381 148.857  13.742  85.853 147.586  13.214  86.743 146.807  14.172
  86.413 147.741  11.877  84.639 146.775  12.918  85.959 150.381  17.278  86.955
 149.404  17.667  86.976 148.890  19.022  88.043 148.853  16.947  87.667 147.974
  19.310  88.604 147.847  17.289  88.419 147.488  18.482
  83.989 154.885  13.956  85.217 154.252  14.177  82.749 154.249  14.109  85.274
 152.913  14.589  83.009 153.041  14.437  84.059 152.185  14.709  86.261 152.093
  14.797  84.367 150.959  15.091  85.560 151.013  14.303  86.414 151.676  16.162
  84.896 150.807  16.403  86.004 150.114  13.349  85.667 151.487  17.367  87.048
 150.285  12.722  84.296 156.356  11.446  84.363 156.950  12.542  83.951 156.319
  13.745  85.001 158.340  12.586  84.320 157.056  14.757  85.309 159.085  13.787
  84.833 158.131  14.879  85.831 160.222  13.740  85.239 158.776  11.703  86.440
 154.872  13.953  86.834 154.833  12.708  81.520 154.850  14.004  80.418 154.125
  14.260  85.065 149.087  13.195  85.209 147.952  12.374  86.542 147.316  12.548
  85.007 148.258  10.921  84.131 146.949  12.703  86.211 150.307  17.072  86.843
 149.203  17.605  86.690 148.721  18.947  87.689 148.371  16.816  87.097 147.584
  19.229  87.860 147.197  17.141  87.741 146.957  18.335
  83.784 154.707  13.899  85.044 154.090  14.084  82.604 154.033  13.809  85.068
 152.711  14.447  82.829 152.746  13.960  83.924 151.964  14.336  86.091 151.930
  14.791  84.260 150.674  14.531  85.569 150.916  13.967  85.991 151.301  15.997
  84.533 150.267  15.819  86.280 150.169  13.068  85.094 150.955  16.981  87.458
 150.274  12.858  84.136 156.126  11.391  84.240 156.716  12.441  83.787 156.130
  13.703  84.888 158.024  12.525  84.115 156.965  14.675  85.189 158.833  13.683
  84.669 158.007  14.744  85.622 159.968  13.638  85.154 158.456  11.648  86.242
 154.694  13.978  87.002 154.453  12.973  81.345 154.523  13.439  80.234 154.084
  14.023  85.457 149.253  12.459  85.976 148.360  11.507  86.991 147.526  12.174
  86.551 148.988  10.301  84.890 147.465  11.153  85.917 149.971  16.696  86.983
 149.130  17.227  86.911 148.297  18.376  88.263 149.082  16.636  87.959 147.730
  18.814  89.204 148.383  17.073  88.902 147.601  18.000
  83.950 155.158  14.128  85.179 154.507  14.367  82.679 154.510  14.138  85.172
 153.136  14.600  82.935 153.226  14.244  83.965 152.380  14.565  86.176 152.299
  14.991  84.301 151.074  14.884  85.616 151.275  14.274  86.039 151.891  16.316
  84.550 150.818  16.205  86.367 150.431  13.427  85.146 151.491  17.392  87.510
 150.708  13.118  84.561 156.549  11.689  84.527 157.147  12.757  83.940 156.520
  13.964  84.988 158.523  12.849  84.110 157.358  14.943  85.092 159.293  14.043
  84.554 158.424  15.125  85.376 160.439  14.007  85.313 158.850  11.946  86.346
 155.224  14.364  87.196 155.157  13.338  81.457 155.156  13.962  80.379 154.641
  14.537  85.547 149.505  12.837  86.130 148.424  11.947  87.284 147.752  12.626
  86.410 149.004  10.621  85.079 147.414  11.694  86.025 150.456  17.078  86.881
 149.455  17.483  86.619 148.712  18.723  88.025 149.044  16.786  87.579 148.034
  19.165  88.888 148.372  17.372  88.458 147.673  18.350
  84.077 155.219  14.460  85.278 154.529  14.661  82.798 154.650  14.662  85.274
 153.228  15.127  83.025 153.392  14.991  84.070 152.496  15.153  86.300 152.393
  15.394  84.374 151.214  15.475  85.619 151.382  14.734  86.370 151.908  16.634
  84.790 151.079  16.770  86.223 150.338  13.924  85.556 151.726  17.737  87.426
 150.319  13.664  84.711 156.356  11.873  84.656 157.096  12.854  84.159 156.604
  14.120  84.996 158.505  12.725  84.171 157.590  15.007  84.855 159.435  13.861
  84.449 158.738  15.038  85.146 160.615  13.755  85.329 158.869  11.840  86.450
 155.181  14.473  87.175 154.925  13.418  81.595 155.308  14.490  80.407 154.777
  14.773  85.243 149.512  13.413  85.523 148.325  12.581  86.376 147.426  13.291
  86.239 148.710  11.387  84.216 147.748  12.255  86.174 150.634  17.429  86.618
 149.349  17.938  85.929 148.624  18.931  87.907 148.801  17.676  86.402 147.574
  19.430  88.322 147.904  18.417  87.623 147.461  19.344
  83.419 155.054  14.347  84.630 154.433  14.672  82.194 154.471  14.321  84.550
 153.154  15.147  82.377 153.267  14.762  83.416 152.368  15.043  85.524 152.258
  15.555  83.652 151.043  15.453  84.964 151.179  14.899  85.423 151.913  16.922
  83.929 150.954  16.842  85.575 150.218  14.159  84.447 151.671  17.897  86.744
 150.330  13.852  84.447 156.059  11.799  84.377 156.837  12.711  83.524 156.425
  13.906  85.046 158.102  12.710  83.726 157.334  14.716  85.050 159.085  13.736
  84.290 158.359  14.760  85.584 160.186  13.672  85.508 158.398  11.858  85.836
 155.140  14.538  86.925 154.520  14.216  81.013 155.081  13.951  79.817 154.630
  14.269  84.656 149.292  13.662  85.061 148.175  12.805  86.257 147.413  13.339
  85.298 148.714  11.427  83.900 147.288  12.837  85.207 150.564  17.685  85.990
 149.589  18.349  85.569 149.058  19.534  87.227 149.049  17.810  86.240 148.158
  19.998  87.811 148.172  18.454  87.293 147.793  19.540
  83.864 155.008  14.931  84.991 154.173  15.205  82.601 154.497  14.871  84.774
 152.895  15.699  82.647 153.188  15.069  83.509 152.305  15.539  85.682 151.974
  16.117  83.637 151.026  15.831  84.974 151.019  15.379  85.525 151.476  17.386
  83.873 150.645  17.159  85.540 150.173  14.409  84.520 151.152  18.324  86.767
 150.105  14.147  83.551 156.532  12.347  84.065 157.008  13.301  84.077 156.359
  14.601  84.568 158.381  13.218  84.761 157.151  15.378  85.205 159.168  14.267
  85.231 158.243  15.368  85.629 160.318  14.108  84.547 158.752  12.276  86.271
 154.691  15.179  86.801 155.093  14.015  81.486 155.211  14.428  80.330 155.084
  15.118  84.597 149.418  13.727  84.838 148.208  12.962  85.603 147.271  13.741
  85.564 148.600  11.711  83.603 147.647  12.607  85.279 150.048  17.906  85.624
 148.762  18.446  84.969 148.321  19.672  86.691 147.888  18.045  85.416 147.284
  20.212  86.885 146.806  18.632  86.250 146.536  19.667
  83.691 155.337  14.704  84.810 154.618  15.112  82.425 154.832  14.529  84.608
 153.274  15.413  82.428 153.634  14.928  83.341 152.663  15.304  85.480 152.270
  15.737  83.462 151.280  15.491  84.787 151.354  14.922  85.433 151.682  17.010
  83.735 150.965  16.793  85.350 150.436  14.087  84.444 151.393  17.999  86.563
 150.512  13.821  84.964 156.332  12.305  84.756 157.060  13.256  83.854 156.658
  14.352  85.326 158.463  13.294  83.867 157.595  15.202  85.174 159.365  14.345
  84.336 158.637  15.343  85.622 160.514  14.340  85.800 158.827  12.476  86.068
 155.276  15.081  86.992 154.620  14.371  81.254 155.558  14.131  80.078 155.013
  14.452  84.457 149.485  13.803  84.831 148.216  13.237  85.750 147.440  14.057
  85.317 148.501  11.859  83.582 147.499  13.020  84.966 150.262  17.535  85.330
 148.907  17.898  84.628 148.163  18.930  86.431 148.122  17.330  84.948 147.035
  19.212  86.538 146.920  17.658  85.895 146.482  18.611
  83.768 155.028  14.600  84.861 154.220  14.909  82.425 154.600  14.687  84.622
 152.935  15.417  82.423 153.375  14.987  83.360 152.403  15.371  85.478 151.938
  15.828  83.448 151.070  15.783  84.722 150.905  15.220  85.326 151.594  17.176
  83.625 150.904  17.080  85.205 150.001  14.276  84.281 151.545  18.121  86.345
 150.069  13.833  84.655 156.043  12.002  84.541 156.807  12.916  83.926 156.397
  14.224  85.212 158.102  12.807  84.134 157.444  15.041  85.353 159.177  13.820
  84.660 158.524  15.006  85.985 160.267  13.767  85.569 158.270  11.874  86.121
 154.726  14.802  86.923 154.254  13.982  81.309 155.391  14.292  80.076 155.031
  14.575  84.256 149.102  14.090  84.547 147.852  13.357  85.692 147.158  13.858
  84.789 148.158  11.945  83.440 146.950  13.485  84.883 150.311  18.002  85.699
 149.294  18.584  85.590 148.782  19.964  86.623 148.411  17.859  85.892 147.619
  20.301  86.982 147.311  18.316  86.563 146.963  19.455
  83.856 154.894  14.187  85.042 154.167  14.508  82.535 154.376  14.117  84.832
 152.833  14.958  82.618 153.128  14.464  83.568 152.227  14.957  85.681 151.869
  15.412  83.610 150.978  15.466  84.920 150.742  14.912  85.575 151.648  16.760
  83.868 150.991  16.788  85.474 149.575  14.447  84.590 151.632  17.857  86.519
 149.603  13.908  84.202 156.252  11.661  84.366 156.835  12.728  84.023 156.224
  13.979  85.014 158.215  12.754  84.401 157.110  14.893  85.349 159.019  13.847
  84.899 158.164  14.946  85.973 160.087  13.710  85.280 158.522  11.826  86.251
 154.746  14.470  87.228 154.098  13.898  81.431 155.157  13.749  80.360 155.174
  14.536  84.687 148.508  14.658  84.937 147.197  14.285  86.220 146.768  14.897
  85.044 146.969  12.859  83.881 146.329  14.937  85.138 150.438  17.817  85.373
 149.273  18.654  85.197 149.226  20.075  86.069 148.107  18.253  85.879 148.486
  20.810  86.662 147.365  19.049  86.327 147.463  20.297
  83.756 154.842  14.201  84.782 154.224  14.900  82.554 154.287  13.932  84.571
 152.920  15.379  82.516 153.125  14.438  83.367 152.205  15.081  85.422 152.023
  16.033  83.552 150.898  15.472  84.946 150.922  15.296  84.932 151.640  17.306
  83.435 150.682  16.848  85.791 149.891  14.903  83.706 151.431  18.039  86.995
 149.953  15.133  85.333 155.753  11.875  84.960 156.575  12.674  84.023 156.182
  13.732  85.557 157.913  12.682  83.912 157.205  14.460  85.412 158.924  13.718
  84.376 158.321  14.595  85.892 160.051  13.781  86.101 158.176  11.869  86.020
 154.887  15.077  87.044 154.375  14.483  81.577 154.821  13.093  80.422 155.193
  13.624  85.071 148.883  14.342  85.644 147.792  13.734  86.240 147.001  14.803
  86.649 148.098  12.790  84.579 147.020  13.060  84.439 150.294  18.087  84.760
 149.169  18.887  84.527 149.084  20.289  85.176 147.899  18.351  84.443 147.986
  20.818  85.351 146.917  19.055  85.165 147.116  20.269
  83.890 154.785  14.484  84.854 154.063  15.172  82.683 154.300  14.171  84.549
 152.765  15.591  82.661 153.097  14.470  83.404 152.135  15.064  85.245 151.869
  16.331  83.414 150.856  15.569  84.776 150.808  15.513  84.609 151.642  17.564
  83.104 150.741  16.952  85.644 150.051  14.642  83.291 151.453  18.131  86.827
 150.317  14.653  85.418 155.682  12.153  85.082 156.469  12.998  84.252 156.096
  14.114  85.544 157.885  12.899  84.054 157.157  14.866  85.204 158.975  13.837
  84.293 158.325  14.834  85.653 160.084  13.727  86.256 158.102  12.211  86.063
 154.650  15.497  87.211 154.400  14.894  81.673 154.938  13.508  80.445 154.859
  13.844  85.066 148.980  14.118  85.546 148.227  13.086  86.634 147.289  13.479
  85.871 149.079  11.900  84.391 147.393  12.793  84.007 150.358  18.252  84.248
 149.178  19.083  84.195 149.123  20.498  84.597 147.876  18.544  84.483 148.087
  21.134  84.907 146.912  19.266  84.635 147.032  20.471
  83.741 154.977  14.523  84.839 154.270  15.005  82.522 154.448  14.280  84.658
 152.923  15.402  82.580 153.153  14.493  83.455 152.200  15.030  85.460 152.005
  15.992  83.550 150.873  15.433  84.983 150.899  15.204  85.067 151.720  17.311
  83.573 150.749  16.805  85.575 150.321  14.101  83.898 151.491  17.994  86.699
 150.510  13.754  85.115 155.844  12.137  84.907 156.697  13.022  84.013 156.340
  14.192  85.659 157.908  13.056  84.121 157.372  15.030  85.566 158.929  14.004
  84.681 158.374  15.058  86.036 160.067  13.967  86.324 158.054  12.306  86.033
 154.934  15.105  87.140 154.401  14.690  81.446 155.096  13.780  80.288 154.971
  14.306  84.591 149.498  13.514  84.970 148.633  12.451  86.036 147.627  12.842
  85.448 149.362  11.312  83.812 147.728  12.140  84.660 150.306  18.041  85.079
 149.276  18.881  85.034 149.250  20.306  85.335 147.990  18.377  85.269 148.245
  21.005  85.579 146.983  19.148  85.533 147.207  20.396
  83.774 154.847  14.651  84.906 154.078  15.042  82.439 154.451  14.638  84.636
 152.746  15.512  82.493 153.215  14.999  83.300 152.188  15.316  85.346 151.784
  16.090  83.411 150.866  15.637  84.680 150.761  15.278  85.118 151.318  17.355
  83.423 150.497  17.015  85.270 149.998  14.312  84.029 150.971  18.233  86.472
 150.032  14.142  84.531 155.532  12.187  84.520 156.403  12.968  83.911 156.139
  14.232  85.303 157.688  12.741  84.151 157.192  15.003  85.458 158.720  13.690
  84.702 158.212  14.836  86.025 159.734  13.635  85.800 157.846  11.873  86.169
 154.639  15.051  87.217 153.891  14.704  81.297 155.152  14.299  80.158 154.601
  14.554  84.388 149.207  13.687  84.689 148.444  12.517  85.612 147.347  12.916
  85.328 149.294  11.521  83.396 147.888  11.978  84.694 149.855  17.896  85.520
 148.740  18.276  85.635 148.339  19.600  86.132 147.852  17.367  86.436 147.443
  19.949  86.919 147.048  17.740  87.045 146.870  18.973
  83.821 154.898  14.455  84.853 154.090  14.814  82.494 154.564  14.397  84.528
 152.759  15.229  82.415 153.275  14.701  83.228 152.230  15.108  85.316 151.713
  15.717  83.185 150.965  15.386  84.519 150.824  14.941  85.055 151.271  17.028
  83.365 150.686  16.731  84.945 149.896  14.000  83.983 151.167  17.897  86.101
 149.830  13.623  85.423 155.891  12.128  85.142 156.655  13.060  84.153 156.266
  14.175  85.659 157.962  13.063  84.060 157.290  14.926  85.410 159.026  13.853
  84.493 158.413  14.929  85.809 160.176  13.707  86.370 158.160  12.369  86.142
 154.535  14.860  87.243 153.823  14.575  81.457 155.394  14.076  80.154 155.020
  14.128  83.854 149.370  13.384  84.014 148.325  12.448  84.940 147.287  12.906
  84.421 149.007  11.139  82.655 147.702  12.203  84.504 149.921  17.632  85.035
 148.695  18.116  84.676 148.138  19.398  85.872 147.858  17.373  85.228 147.088
  19.703  86.397 146.839  17.813  85.909 146.398  18.894
  83.718 154.771  14.187  84.791 153.917  14.418  82.395 154.400  14.159  84.534
 152.569  14.807  82.378 153.091  14.433  83.197 152.038  14.756  85.337 151.544
  15.249  83.185 150.816  15.248  84.480 150.588  14.676  85.195 151.370  16.583
  83.458 150.785  16.588  84.791 149.492  13.824  84.195 151.486  17.581  85.921
 149.475  13.335  84.490 155.895  11.717  84.601 156.537  12.724  83.974 156.112
  13.908  85.208 157.937  12.624  84.237 157.052  14.795  85.397 158.798  13.759
  84.806 158.116  14.859  85.965 159.904  13.799  85.506 158.232  11.702  86.042
 154.366  14.433  87.118 153.595  14.218  81.376 155.204  13.970  80.187 154.775
  14.400  83.633 148.810  13.399  83.619 148.186  12.106  84.657 147.140  12.067
  83.784 149.194  11.060  82.266 147.654  11.980  84.613 150.191  17.511  85.204
 149.102  18.330  84.872 149.004  19.802  86.168 148.085  17.933  85.320 148.044
  20.458  86.476 147.213  18.778  86.331 147.450  20.001
  83.839 154.853  14.448  84.912 153.977  14.700  82.508 154.551  14.421  84.617
 152.654  15.087  82.454 153.240  14.651  83.301 152.138  14.897  85.348 151.601
  15.503  83.253 150.820  15.377  84.626 150.693  14.859  85.190 151.125  16.759
  83.472 150.617  16.696  85.049 149.782  13.893  84.212 151.282  17.717  86.194
 149.798  13.455  85.027 155.835  12.041  84.959 156.588  12.978  84.117 156.192
  14.164  85.586 157.906  12.981  84.233 157.161  14.999  85.637 158.844  14.046
  84.778 158.239  15.118  86.298 159.850  13.957  86.026 158.174  12.108  86.178
 154.462  14.759  87.222 153.706  14.527  81.408 155.381  14.020  80.181 154.924
  14.036  83.965 149.008  13.529  83.973 148.020  12.426  85.086 147.062  12.702
  84.022 148.687  11.133  82.730 147.302  12.406  84.642 149.948  17.647  85.172
 148.788  18.310  84.463 148.345  19.471  86.068 147.698  17.822  84.728 147.280
  20.050  86.243 146.734  18.525  85.519 146.524  19.501
  83.950 154.732  14.239  84.992 153.868  14.666  82.627 154.329  14.004  84.621
 152.543  14.996  82.512 153.069  14.326  83.331 152.029  14.732  85.376 151.535
  15.462  83.396 150.688  14.970  84.737 150.698  14.510  85.069 150.945  16.677
  83.414 150.364  16.276  85.315 149.580  14.002  83.921 150.783  17.543  86.495
 149.464  13.977  85.530 155.771  12.208  85.221 156.480  13.158  84.286 156.096
  14.051  85.846 157.801  13.316  84.144 156.988  15.012  85.636 158.782  14.439
  84.625 158.033  15.260  86.094 159.892  14.463  86.646 158.006  12.729  86.219
 154.388  14.837  87.299 153.602  14.837  81.608 155.169  13.627  80.492 155.202
  14.280  84.489 148.799  13.322  84.877 147.519  12.756  85.462 146.642  13.729
  85.914 147.725  11.658  83.619 146.978  12.277  84.319 149.524  17.208  84.714
 148.202  17.578  83.873 147.363  18.317  86.010 147.641  17.422  84.205 146.233
  18.554  86.268 146.557  17.943  85.427 146.001  18.642
  84.277 154.313  14.518  85.210 153.408  14.891  82.923 154.049  14.325  84.802
 152.091  15.137  82.740 152.780  14.534  83.529 151.711  14.862  85.534 150.955
  15.617  83.428 150.343  15.075  84.818 150.118  14.728  85.140 150.473  16.858
  83.385 150.022  16.382  85.338 149.029  13.966  83.923 150.504  17.628  86.521
 148.753  13.838  86.268 155.477  12.596  85.713 156.245  13.388  84.666 155.663
  14.362  86.090 157.579  13.559  84.303 156.685  15.091  85.521 158.589  14.334
  84.574 157.837  15.198  85.804 159.795  14.307  86.665 157.919  12.797  86.484
 153.923  15.026  87.519 153.209  14.708  82.060 155.009  13.978  80.710 154.906
  14.111  84.360 148.196  13.596  84.612 146.956  12.899  85.641 146.124  13.508
  84.849 147.198  11.459  83.321 146.242  12.906  84.348 149.273  17.426  84.690
 148.057  18.035  83.834 146.945  18.169  86.083 147.724  18.441  84.249 145.898
  18.642  86.297 146.680  19.027  85.385 145.796  19.138
  84.211 154.378  14.455  85.162 153.486  15.012  82.841 154.051  14.160  84.727
 152.181  15.268  82.719 152.839  14.485  83.456 151.790  15.027  85.272 151.080
  15.881  83.261 150.444  15.291  84.628 150.149  15.040  84.785 150.761  17.154
  83.110 150.216  16.637  85.320 149.045  14.441  83.591 150.668  17.924  86.538
 148.877  14.562  84.937 155.725  11.979  85.099 156.255  12.985  84.704 155.677
  14.254  85.775 157.587  12.995  84.868 156.573  15.209  85.961 158.395  14.119
  85.365 157.651  15.255  86.616 159.437  14.186  86.151 157.982  12.140  86.393
 153.926  15.355  87.365 153.880  14.447  81.958 154.882  13.560  80.686 154.822
  13.999  84.446 148.125  13.847  84.885 146.914  13.292  85.501 146.032  14.348
  85.811 147.212  12.235  83.850 146.175  12.709  84.085 149.457  17.768  84.340
 148.200  18.365  84.135 146.934  17.655  84.937 147.998  19.627  84.809 145.955
  18.012  85.472 146.968  19.916  85.283 145.992  19.165
  84.297 154.198  14.712  85.278 153.343  15.211  82.986 153.812  14.484  84.986
 152.016  15.541  82.931 152.554  14.716  83.738 151.522  15.217  85.724 150.967
  16.059  83.760 150.148  15.434  85.130 150.031  15.132  85.234 150.489  17.307
  83.634 149.852  16.726  85.771 148.996  14.405  83.953 150.409  17.975  86.982
 148.906  14.323  84.430 155.583  12.043  84.654 156.200  13.085  84.630 155.524
  14.399  84.993 157.613  12.987  84.895 156.479  15.309  85.282 158.500  14.101
  85.165 157.644  15.315  85.584 159.678  14.032  85.109 157.973  12.047  86.526
 153.929  15.391  87.485 153.216  14.907  81.937 154.630  14.078  80.701 154.193
  14.049  84.789 148.272  13.676  85.055 147.115  12.827  85.816 146.121  13.571
  85.858 147.625  11.767  83.780 146.541  12.346  84.473 149.168  17.933  84.592
 147.898  18.596  85.155 146.632  18.169  84.095 147.797  19.942  85.003 145.598
  18.837  83.997 146.695  20.513  84.501 145.704  19.996
  84.578 154.155  14.933  85.433 153.301  15.683  83.292 153.958  14.623  84.894
 152.100  16.159  83.027 152.791  15.122  83.549 151.778  15.780  85.416 150.967
  16.636  83.333 150.451  15.915  84.768 150.196  15.674  84.923 150.407  17.810
  83.260 150.050  17.237  85.387 149.094  15.067  83.705 150.357  18.565  86.572
 148.971  15.011  85.288 154.827  12.109  85.244 155.668  12.963  85.147 155.353
  14.410  85.428 157.089  12.592  85.326 156.431  15.053  85.571 158.189  13.558
  85.423 157.571  14.873  85.750 159.357  13.286  85.421 157.327  11.607  86.726
 153.624  15.879  87.639 152.719  15.545  82.424 154.804  13.952  81.130 154.581
  13.890  84.416 148.265  14.415  84.905 147.179  13.499  85.961 146.310  14.122
  85.483 147.824  12.308  83.706 146.373  13.275  84.136 149.054  18.315  84.189
 147.819  19.033  85.285 146.835  18.801  83.190 147.268  19.889  85.241 145.679
  19.341  83.362 146.202  20.480  84.176 145.415  19.934
  84.924 154.364  14.571  85.641 153.475  15.328  83.750 154.078  13.936  85.057
 152.237  15.655  83.408 152.844  14.290  83.905 151.764  14.979  85.439 151.223
  16.521  83.682 150.469  15.366  85.069 150.249  15.560  84.559 151.005  17.564
  83.146 150.344  16.649  85.677 148.982  15.384  83.175 150.959  17.917  86.637
 148.577  16.040  85.760 155.678  12.078  85.722 156.338  13.124  85.605 155.608
  14.437  85.769 157.831  13.092  85.558 156.574  15.295  85.676 158.688  14.211
  85.714 157.747  15.294  85.739 159.946  14.030  85.777 158.302  12.195  86.822
 153.952  15.849  87.575 153.330  16.772  82.956 154.937  13.217  82.037 155.598
  13.908  84.958 148.266  14.458  85.257 146.868  14.197  85.102 146.112  15.438
  86.589 146.692  13.602  84.340 146.370  13.183  83.689 149.776  18.109  83.778
 148.594  18.923  84.919 147.796  19.062  82.576 148.000  19.390  84.816 146.679
  19.593  82.581 146.810  19.762  83.696 146.237  19.932
  85.063 154.103  15.061  85.831 153.199  15.840  83.803 153.854  14.534  85.146
 152.023  16.223  83.498 152.641  14.902  83.928 151.613  15.681  85.574 151.045
  17.112  83.623 150.434  16.269  84.990 150.049  16.366  84.917 150.912  18.319
  83.209 150.451  17.628  85.566 148.864  15.971  83.646 151.088  18.915  86.672
 148.565  16.350  86.665 155.206  12.652  86.159 155.902  13.544  85.545 155.366
  14.799  86.078 157.398  13.338  85.257 156.413  15.476  85.485 158.364  14.189
  85.151 157.604  15.459  85.458 159.513  13.934  86.514 157.709  12.478  87.047
 153.605  16.282  88.061 152.764  16.513  83.171 154.534  13.596  82.011 155.099
  13.975  84.775 148.107  15.182  85.210 146.943  14.485  85.535 145.831  15.361
  86.356 147.339  13.613  84.158 146.542  13.575  83.920 149.760  18.884  83.893
 148.547  19.560  84.823 147.504  19.378  82.795 148.176  20.439  84.626 146.399
  19.889  82.768 146.985  20.898  83.691 146.194  20.633
  84.963 154.068  15.129  85.779 153.075  15.752  83.629 153.819  14.759  85.220
 151.847  16.126  83.384 152.609  15.037  83.880 151.464  15.715  85.724 150.744
  16.723  83.673 150.199  16.097  85.003 149.845  15.952  85.259 150.606  18.003
  83.580 150.083  17.479  85.458 148.659  15.458  84.046 150.755  18.690  86.623
 148.372  15.432  86.494 154.773  12.790  86.089 155.665  13.499  85.555 155.299
  14.830  86.165 157.070  13.128  85.273 156.428  15.421  85.726 158.245  13.928
  85.265 157.594  15.186  85.802 159.441  13.616  86.456 157.214  12.169  87.071
 153.387  16.049  88.095 152.588  15.877  82.818 154.687  14.069  81.526 154.531
  14.148  84.466 147.955  14.878  84.733 146.660  14.213  85.579 145.782  15.047
  85.433 146.959  12.981  83.400 146.053  13.957  84.489 149.480  18.763  84.576
 148.356  19.668  85.785 147.982  20.348  83.451 147.805  20.285  85.764 147.204
  21.288  83.549 147.026  21.219  84.667 146.888  21.799
  84.275 154.190  15.221  85.191 153.352  15.927  83.027 153.874  14.896  84.685
 152.106  16.395  82.834 152.679  15.276  83.406 151.691  16.000  85.227 151.072
  17.006  83.245 150.392  16.375  84.572 150.143  16.236  84.722 150.826  18.270
  83.061 150.195  17.749  85.093 148.984  15.598  83.446 150.858  18.910  86.237
 148.664  15.834  84.884 155.120  12.552  84.898 155.926  13.487  84.791 155.447
  14.862  85.226 157.278  13.225  84.988 156.515  15.663  85.375 158.264  14.221
  85.224 157.657  15.546  85.590 159.440  13.868  85.311 157.609  12.271  86.526
 153.727  16.184  87.557 153.303  15.408  82.122 154.752  14.306  80.828 154.474
  14.354  84.127 148.248  14.931  84.449 147.116  14.167  85.086 146.074  14.935
  85.286 147.452  13.024  83.195 146.652  13.503  83.977 149.614  18.934  84.142
 148.606  19.901  85.297 148.386  20.664  83.051 147.680  20.242  85.294 147.599
  21.620  83.187 147.025  21.246  84.301 146.791  21.760
