#Frame       SA_00001
       1   21188.1202
       2   22686.3485
       3   23714.5654
       4   24094.0896
       5   23975.3568
       6   23592.6101
       7   23535.8384
       8   23736.7754
       9   23498.9225
      10   23809.0212
      11   23925.7685
      12   23817.3062
      13   23859.1743
      14   23535.3748
      15   23699.4793
      16   23759.6822
      17   24047.2455
      18   24311.8335
      19   24193.9797
      20   24173.4864
      21   24446.9140
      22   24478.1349
      23   24296.6489
      24   24486.7637
      25   24434.7191
      26   24122.0412
      27   24092.8369
      28   24206.9756
      29   24435.5777
      30   25006.4756
      31   24813.3555
      32   24716.6833
      33   24521.0447
      34   24531.4237
      35   24531.9037
      36   25159.1448
      37   25037.9461
      38   24882.5956
      39   24991.0942
      40   25202.6008
      41   24958.0916
      42   24889.2313
      43   24715.9400
      44   24915.8134
      45   24858.8139
      46   24650.6309
      47   24594.5667
      48   24388.3968
      49   24449.8987
      50   24776.4322
