#Frame       SA_00001
       1   21222.4634
       2   22765.9582
       3   23901.2332
       4   24297.9446
       5   24374.3944
       6   23804.5842
       7   23597.5804
       8   23785.3314
       9   23732.7320
      10   23920.5068
      11   24303.3368
      12   24500.4160
      13   24608.5738
      14   23772.7647
      15   23927.1619
      16   24330.9230
      17   24295.0846
      18   24171.0231
      19   24446.1110
      20   24535.7604
      21   24710.8368
      22   24978.4993
      23   24968.5102
      24   25179.4466
      25   25139.4133
      26   25077.4796
      27   25250.8116
      28   24986.6344
      29   24971.7429
      30   25369.1756
      31   25196.0297
      32   24939.8612
      33   25011.3468
      34   25043.4333
      35   25049.3564
      36   25214.6513
      37   25123.2834
      38   24909.0791
      39   24941.9684
      40   25287.2282
      41   25162.1777
      42   25198.7914
      43   25286.8857
      44   25503.1576
      45   25419.3061
      46   25020.5468
      47   25138.3116
      48   24938.6427
      49   24922.3460
      50   24788.2501
