#Frame       SA_00001
       1   20990.9455
       2   22122.6856
       3   22670.3331
       4   23039.7558
       5   22997.2783
       6   23038.1739
       7   23659.4384
       8   23440.2734
       9   23201.6120
      10   23696.0941
      11   23603.3177
      12   23748.4209
      13   23419.3455
      14   23304.3345
      15   22949.5564
      16   22919.5740
      17   22862.8056
      18   22601.5235
      19   22164.1412
      20   22152.1193
      21   22394.2281
      22   22494.5800
      23   22778.5715
      24   22895.5649
      25   22808.3154
      26   22837.6964
      27   22916.4898
      28   22772.8519
      29   22777.1492
      30   22798.6757
      31   22986.2610
      32   23545.5041
      33   23765.8811
      34   23523.9285
      35   23247.6543
      36   23291.9236
      37   23559.1705
      38   23621.2752
      39   23719.7145
      40   23903.9161
      41   23653.3688
      42   23520.2167
      43   23536.4556
      44   23408.3335
      45   23387.4143
      46   23491.5905
      47   23596.5872
      48   23655.7013
      49   23310.9305
      50   23453.2864
