#Frame       SA_00001
       1   21107.9821
       2   22654.1705
       3   23891.0038
       4   24302.2170
       5   24001.7725
       6   23548.7373
       7   23653.3337
       8   23508.2271
       9   23442.7032
      10   23742.0149
      11   24162.7575
      12   23895.6961
      13   23992.1728
      14   23660.9255
      15   23760.1455
      16   24086.1815
      17   24202.9335
      18   24300.7518
      19   24298.0680
      20   24369.7197
      21   24799.1163
      22   24788.8211
      23   24872.3369
      24   24930.5539
      25   24957.7529
      26   24707.9260
      27   24669.7463
      28   24503.3130
      29   24469.7496
      30   24856.9808
      31   25052.2174
      32   24838.8019
      33   24952.2262
      34   24939.0001
      35   24724.6280
      36   25215.9734
      37   25187.9956
      38   25302.8945
      39   25280.6950
      40   25430.7587
      41   25131.6089
      42   25369.7740
      43   25334.2510
      44   25322.5091
      45   25232.3697
      46   24999.4830
      47   24957.5038
      48   25152.0805
      49   25151.4760
      50   25483.8442
