#Frame       SA_00001
       1   21123.5115
       2   22586.9620
       3   23310.7932
       4   23662.7502
       5   23746.0269
       6   24232.4815
       7   24183.1884
       8   24472.7419
       9   24427.7578
      10   24213.6522
      11   24207.8505
      12   24122.3983
      13   24107.5700
      14   24152.5375
      15   24084.6600
      16   24080.7048
      17   24167.9648
      18   24357.7592
      19   24325.4678
      20   24215.6644
      21   23864.5919
      22   23854.5307
      23   24040.6312
      24   24184.5063
      25   23984.6637
      26   23681.9638
      27   23944.6888
      28   24048.7059
      29   24111.2156
      30   24423.6534
      31   24568.6555
      32   24592.9732
      33   24535.4991
      34   24225.0475
      35   24299.0680
      36   24383.2026
      37   24598.7756
      38   24212.6515
      39   24460.1479
      40   24469.7991
      41   24110.4405
      42   24457.4821
      43   24519.0541
      44   24363.9166
      45   24383.5652
      46   24456.3056
      47   24228.2552
      48   24326.9806
      49   24201.2222
      50   23949.9314
