Cpptraj Generated trajectory                                                    
  81.793 148.591  12.896  80.797 148.332  13.598  80.902 148.309  14.976  79.502
 148.144  12.992  79.902 148.229  15.831  78.263 147.930  13.418  79.193 148.100
  11.706  78.510 148.129  16.001  77.770 148.039  14.703  77.811 147.821  12.178
  78.077 148.380  10.930  77.927 148.141  17.245  76.504 147.971  15.126  76.560
 148.041  17.251  75.761 147.845  16.140  81.797 148.537  15.392  75.912 148.214
  18.474  76.068 149.466  19.288  75.757 147.253  19.334  76.049 150.565  18.783
  76.013 149.392  20.761  75.768 147.137  20.515  75.927 148.209  21.517  76.105
 148.062  22.706  76.292 150.215  21.283  78.711 148.200  18.389  79.072 149.386
  18.797  74.372 147.735  16.107  73.940 146.535  16.328  78.357 147.087  10.847
  78.722 146.032   9.935  79.999 145.312   9.866  77.920 145.795   8.754  80.228
 144.546   8.914  78.426 145.224   7.764  79.423 144.455   7.933
  81.766 149.043  12.873  80.847 148.741  13.612  80.998 148.992  14.935  79.592
 148.225  13.042  80.104 148.580  15.849  78.413 147.975  13.499  79.250 148.022
  11.741  78.758 148.270  16.061  78.018 147.986  14.797  77.899 147.706  12.274
  78.131 148.157  11.021  78.128 148.171  17.341  76.857 147.425  15.191  76.846
 147.657  17.387  76.142 147.181  16.229  81.905 149.394  15.141  76.070 147.458
  18.613  75.505 148.536  19.423  76.180 146.452  19.379  75.361 149.656  18.990
  75.019 148.220  20.742  75.934 146.206  20.516  75.221 147.038  21.485  74.711
 146.848  22.586  74.449 148.940  21.169  78.710 148.397  18.563  79.171 149.577
  18.719  74.951 146.545  16.274  74.955 145.268  16.109  78.405 146.850  11.033
  78.217 145.627  10.339  78.535 144.314  10.855  78.248 145.523   8.862  78.955
 143.365  10.139  78.826 144.599   8.301  79.073 143.543   8.939
  81.777 149.028  13.423  80.800 148.633  14.140  80.856 148.719  15.541  79.623
 148.211  13.438  79.810 148.560  16.237  78.403 147.823  13.788  79.481 148.038
  12.107  78.501 148.115  16.344  77.918 147.707  15.075  78.020 147.570  12.519
  78.407 147.858  11.242  77.844 148.100  17.554  76.678 147.094  15.465  76.622
 147.379  17.602  75.946 146.914  16.524  81.758 148.787  15.997  76.056 147.151
  18.898  75.162 148.076  19.629  76.090 146.018  19.558  74.989 149.216  19.260
  74.428 147.526  20.834  75.592 145.556  20.486  74.577 146.151  21.399  74.026
 145.756  22.371  73.696 148.085  21.255  78.369 148.626  18.649  78.344 149.868
  18.893  74.809 146.137  16.574  73.907 145.903  15.545  78.928 146.640  11.522
  79.007 145.317  10.966  78.123 144.250  11.354  79.892 144.839   9.899  78.208
 143.157  10.843  79.607 143.815   9.195  78.678 143.131   9.658
  81.336 149.637  13.762  80.428 149.023  14.300  80.413 148.929  15.621  79.448
 148.188  13.517  79.438 148.423  16.440  78.309 147.636  13.874  79.300 147.993
  12.204  78.179 147.801  16.479  77.734 147.463  15.112  77.966 147.423  12.570
  78.208 147.982  11.334  77.515 147.474  17.672  76.510 146.976  15.415  76.264
 146.910  17.494  75.657 146.586  16.329  81.254 149.159  16.136  75.486 146.674
  18.689  74.335 147.463  19.077  75.536 145.607  19.433  73.991 148.424  18.383
  73.465 146.916  20.131  74.900 145.153  20.306  73.672 145.704  20.822  72.924
 145.319  21.747  72.703 147.486  20.479  77.909 147.678  18.943  77.953 148.872
  19.450  74.388 146.033  16.072  73.732 146.315  14.898  78.739 146.721  11.408
  78.973 145.489  10.715  78.574 144.140  11.165  79.812 145.419   9.560  79.170
 143.146  10.723  80.176 144.349   9.118  80.064 143.370   9.866
  81.343 149.027  14.051  80.233 148.837  14.551  79.922 149.313  15.857  79.262
 148.212  13.658  78.878 148.816  16.502  78.025 147.700  13.848  79.338 147.879
  12.350  77.648 148.117  16.377  77.319 147.671  15.002  77.926 147.365  12.577
  78.390 147.879  11.352  76.856 147.918  17.471  76.071 147.074  15.164  75.617
 147.286  17.226  75.164 146.783  16.003  80.602 149.889  16.339  74.780 146.856
  18.310  73.278 146.877  18.455  75.259 146.013  19.225  72.581 147.496  17.737
  72.654 146.039  19.533  74.780 145.341  20.088  73.366 145.182  20.419  72.832
 144.418  21.197  71.649 146.130  19.626  77.313 148.373  18.708  76.947 149.583
  19.191  73.944 146.092  15.827  73.572 145.581  14.659  78.893 146.647  11.530
  79.686 145.672  10.862  80.577 144.684  11.432  79.379 145.368   9.461  80.868
 143.700  10.816  79.888 144.399   8.920  80.504 143.581   9.641
  80.234 150.990  14.575  79.542 150.026  14.934  79.459 149.678  16.303  78.855
 149.124  13.954  78.558 148.863  16.857  77.966 148.154  14.028  79.062 149.054
  12.595  77.402 148.122  16.624  77.244 147.827  15.111  77.934 147.992  12.685
  78.309 148.544  11.545  76.462 147.757  17.622  76.089 147.076  15.147  75.407
 146.945  17.199  75.121 146.530  15.898  79.979 150.294  16.917  74.476 146.432
  18.215  73.195 147.060  18.543  74.876 145.842  19.300  72.663 147.916  17.818
  72.583 146.746  19.845  74.376 145.540  20.304  73.096 145.937  20.901  72.606
 145.792  21.998  71.632 147.094  19.875  76.502 148.228  18.856  75.812 149.354
  19.141  74.037 145.707  15.563  73.974 144.998  14.527  79.329 147.722  11.774
  80.185 146.700  11.266  81.309 146.235  12.007  79.922 146.016  10.084  81.847
 145.180  11.628  80.582 145.026   9.712  81.557 144.656  10.483
  80.111 150.851  14.326  79.398 150.044  14.947  79.028 150.355  16.242  78.726
 148.955  14.154  78.182 149.685  16.918  77.822 148.062  14.394  78.950 148.647
  12.857  77.390 148.528  16.936  77.264 147.872  15.584  77.906 147.612  13.169
  78.197 148.008  11.904  76.701 148.153  18.101  76.283 146.998  15.798  75.795
 147.132  17.922  75.534 146.512  16.733  79.339 151.255  16.590  75.038 146.699
  19.013  73.583 147.043  19.187  75.271 145.628  19.801  73.114 148.003  18.631
  72.758 146.185  20.055  74.590 144.898  20.444  73.140 145.010  20.750  72.427
 144.253  21.303  71.762 146.356  19.988  76.909 148.914  19.248  76.094 149.870
  19.506  74.758 145.373  16.598  74.366 144.912  15.439  79.244 147.142  12.267
  79.995 146.023  11.905  81.405 146.068  11.848  79.464 144.740  11.690  82.034
 145.035  11.521  80.204 143.776  11.449  81.409 144.000  11.173
  80.222 150.347  14.460  79.430 149.647  14.991  79.129 149.943  16.319  78.846
 148.536  14.262  78.155 149.271  16.950  77.843 147.682  14.509  79.023 148.118
  13.023  77.230 148.254  16.953  77.186 147.481  15.731  77.961 147.147  13.269
  78.304 147.539  11.983  76.423 148.069  18.027  76.132 146.597  15.913  75.406
 147.087  17.895  75.263 146.268  16.802  79.747 150.482  16.914  74.586 146.830
  19.026  73.195 146.604  19.100  75.100 146.389  20.213  72.411 146.781  18.156
  72.645 145.966  20.373  74.703 145.892  21.231  73.337 145.521  21.536  72.808
 145.034  22.570  71.654 145.757  20.424  76.398 148.762  19.190  76.197 150.048
  19.197  74.354 145.265  16.687  74.215 144.661  15.479  79.216 146.656  12.440
  79.835 145.424  12.086  81.289 145.024  12.090  79.009 144.331  11.633  81.597
 143.861  11.834  79.463 143.212  11.535  80.706 143.055  11.579
  80.063 149.958  13.505  79.237 149.446  14.241  79.009 149.972  15.533  78.517
 148.259  13.708  78.059 149.484  16.351  77.610 147.459  14.157  78.581 147.683
  12.496  77.090 148.526  16.525  77.053 147.544  15.394  77.533 146.753  12.995
  77.773 147.018  11.664  76.306 148.466  17.695  76.136 146.701  15.837  75.482
 147.375  17.704  75.319 146.381  16.739  79.594 150.751  15.810  74.691 147.206
  18.842  73.533 148.054  19.207  74.916 146.471  19.858  73.084 148.798  18.347
  72.974 147.945  20.512  74.517 146.303  20.951  73.400 147.044  21.633  72.856
 146.950  22.703  72.226 148.602  20.698  76.319 149.435  18.679  76.134 150.662
  18.330  74.435 145.318  16.732  74.306 144.439  15.696  78.723 146.142  12.057
  79.714 145.193  11.652  80.845 144.747  12.513  79.810 144.612  10.366  81.694
 143.991  12.031  80.667 143.776  10.127  81.516 143.425  10.947
  80.042 150.485  13.340  79.085 149.964  13.911  78.676 150.419  15.179  78.510
 148.696  13.441  77.878 149.747  15.965  77.604 147.787  13.857  78.764 148.055
  12.283  76.891 148.773  16.052  76.848 147.806  14.951  77.738 147.055  12.756
  78.050 147.269  11.410  76.078 148.720  17.199  75.859 146.882  15.296  75.198
 147.608  17.277  75.073 146.649  16.312  79.142 151.284  15.426  74.439 147.420
  18.415  73.447 148.298  18.876  74.761 146.646  19.427  72.980 149.107  18.136
  72.979 148.235  20.297  74.475 146.555  20.527  73.507 147.330  21.305  73.202
 147.267  22.483  72.252 148.897  20.543  76.194 149.619  18.240  75.774 150.829
  17.825  74.147 145.571  16.434  74.617 144.400  16.507  79.024 146.487  12.006
  80.002 145.464  11.749  80.916 144.895  12.694  80.262 144.907  10.461  81.739
 144.032  12.443  81.135 144.029  10.282  81.787 143.529  11.259
  80.367 150.694  13.790  79.545 150.021  14.324  79.106 150.423  15.600  78.999
 148.854  13.620  78.153 149.806  16.275  77.993 148.028  13.890  79.346 148.410
  12.457  77.094 148.890  16.210  77.131 148.058  14.963  78.270 147.361  12.730
  78.809 147.685  11.507  76.093 148.757  17.228  76.044 147.218  15.212  75.184
 147.676  17.087  75.018 146.886  15.982  79.530 151.213  16.073  74.262 147.391
  18.136  73.248 148.335  18.700  74.637 146.637  19.181  72.900 149.311  18.075
  72.760 148.125  20.064  74.320 146.461  20.321  73.172 147.174  21.009  72.692
 146.916  22.085  72.052 148.715  20.485  76.248 149.436  18.328  75.812 150.693
  18.415  74.175 145.815  15.835  74.204 145.131  14.690  79.680 146.783  12.090
  80.605 145.736  11.941  81.722 145.578  12.765  80.482 144.539  11.049  82.607
 144.734  12.543  81.351 143.677  11.037  82.303 143.742  11.850
  80.777 150.808  14.532  79.721 150.318  14.922  79.216 150.643  16.238  79.078
 149.303  14.099  78.074 150.101  16.760  78.058 148.490  14.282  79.423 148.762
  12.969  76.969 149.230  16.584  77.125 148.543  15.298  78.294 147.798  13.166
  78.890 147.970  11.930  75.983 148.998  17.539  76.090 147.592  15.334  75.155
 147.935  17.315  75.115 147.132  16.110  79.858 151.142  16.843  74.147 147.666
  18.314  73.067 148.569  18.857  74.005 146.556  19.076  72.836 149.635  18.318
  72.235 148.177  19.982  73.280 146.137  19.958  72.182 146.914  20.619  71.466
 146.517  21.523  71.490 148.834  20.182  75.856 149.676  18.796  76.033 150.984
  18.885  74.330 146.049  15.697  74.851 144.860  15.894  79.648 147.173  12.691
  80.575 146.026  12.531  81.313 145.518  13.672  80.852 145.226  11.383  82.240
 144.714  13.490  81.726 144.368  11.334  82.480 144.304  12.367
  81.230 151.006  15.888  80.182 150.436  16.117  79.523 150.632  17.315  79.589
 149.532  15.059  78.411 149.920  17.655  78.460 148.895  14.882  80.097 149.232
  13.869  77.326 149.130  17.242  77.451 148.692  15.817  78.737 148.599  13.587
  79.630 148.985  12.580  76.304 148.767  18.154  76.326 147.962  15.664  75.271
 148.006  17.576  75.231 147.585  16.262  79.928 151.173  18.070  74.157 147.574
  18.358  73.194 148.447  19.089  74.052 146.362  18.871  72.993 149.618  18.783
  72.383 147.859  20.137  73.344 145.897  19.705  72.317 146.488  20.561  71.596
 146.010  21.441  71.795 148.514  20.639  76.280 149.025  19.464  75.856 150.209
  19.820  74.164 146.853  15.701  73.862 146.863  14.439  80.093 147.847  13.111
  80.802 146.699  12.795  82.086 146.237  13.338  80.252 145.705  11.926  82.438
 145.030  13.231  80.783 144.569  11.831  81.794 144.269  12.504
  81.276 150.712  16.391  80.148 150.266  16.574  79.557 150.479  17.849  79.410
 149.631  15.465  78.320 150.061  18.017  78.254 149.101  15.327  79.886 149.466
  14.201  77.231 149.351  17.697  77.351 148.898  16.281  78.549 148.799  14.045
  79.292 149.308  13.003  76.131 149.051  18.514  76.220 148.262  16.062  75.101
 148.372  17.893  75.143 147.854  16.658  80.055 150.966  18.585  73.912 148.097
  18.615  72.838 149.023  19.023  73.804 147.042  19.398  72.657 150.146  18.470
  71.898 148.545  20.025  73.091 146.604  20.230  71.917 147.278  20.807  71.114
 146.908  21.635  71.124 149.123  20.332  76.130 149.459  19.806  75.741 150.684
  20.068  74.056 147.148  16.080  74.250 146.407  14.979  79.801 148.128  13.401
  80.424 146.923  12.992  81.527 146.278  13.585  79.891 146.165  11.869  81.803
 145.118  13.303  80.432 145.090  11.527  81.311 144.606  12.266
  81.184 150.555  16.127  80.056 150.281  16.400  79.562 150.562  17.607  79.269
 149.649  15.399  78.313 150.350  18.034  77.974 149.192  15.326  79.426 149.389
  14.064  77.080 149.824  17.704  77.033 149.243  16.315  78.086 148.754  14.070
  78.744 149.177  12.925  76.147 149.776  18.707  75.765 148.740  16.365  74.994
 149.077  18.408  74.733 148.480  17.157  80.304 150.740  18.273  74.017 149.041
  19.398  72.533 149.216  19.231  74.185 148.643  20.656  72.024 149.587  18.230
  71.624 148.825  20.313  73.494 148.323  21.583  72.003 148.391  21.642  71.217
 148.173  22.554  70.629 148.987  20.213  76.367 150.350  19.964  76.107 151.608
  20.156  73.694 147.699  16.809  73.910 146.466  16.342  79.247 147.992  13.335
  80.016 146.854  12.830  81.337 146.583  13.325  79.701 146.001  11.748  82.029
 145.652  12.854  80.459 145.112  11.315  81.584 145.012  11.861
  80.948 151.037  15.829  79.862 150.678  16.238  79.410 151.162  17.418  79.000
 149.827  15.351  78.287 150.676  17.919  77.859 149.131  15.589  79.279 149.336
  14.185  77.126 149.919  17.899  77.039 149.161  16.680  77.906 148.597  14.389
  78.497 148.844  13.159  76.137 149.892  18.882  75.861 148.358  16.822  75.037
 149.081  18.663  74.841 148.245  17.593  80.032 151.638  18.061  73.983 149.134
  19.600  72.707 149.803  19.416  73.804 148.403  20.636  72.533 150.581  18.510
  71.548 149.557  20.268  72.885 148.119  21.369  71.500 148.614  21.319  70.567
 148.378  22.040  70.737 150.100  19.995  76.201 150.570  20.063  75.948 151.822
  20.144  73.723 147.425  17.403  73.418 146.666  16.372  79.113 147.812  13.696
  79.724 146.524  13.553  80.664 145.933  14.493  79.760 145.859  12.284  81.475
 145.064  14.102  80.630 145.000  12.000  81.391 144.645  12.906
  81.266 150.585  16.372  80.027 150.375  16.538  79.518 150.651  17.813  79.133
 149.749  15.522  78.180 150.577  18.105  77.946 149.251  15.543  79.427 149.348
  14.255  76.934 150.002  17.857  77.009 149.327  16.535  78.058 148.723  14.260
  78.783 148.959  13.099  75.783 150.099  18.678  75.758 148.771  16.452  74.675
 149.358  18.260  74.608 148.659  17.023  80.092 151.125  18.501  73.469 149.315
  19.031  72.722 150.523  19.400  73.255 148.500  20.027  72.810 151.547  18.775
  71.838 150.485  20.605  72.555 148.411  21.006  71.624 149.429  21.510  70.990
 149.493  22.492  71.238 151.281  20.788  75.722 150.794  19.841  75.690 152.141
  19.760  73.483 148.001  16.611  73.626 147.090  15.666  79.173 147.825  13.708
  80.169 146.785  13.584  80.870 146.283  14.708  80.492 146.091  12.348  81.623
 145.289  14.565  81.368 145.225  12.374  81.758 144.753  13.459
  81.356 150.813  16.243  80.243 150.465  16.605  79.730 150.973  17.854  79.464
 149.554  15.748  78.597 150.531  18.412  78.171 149.168  15.817  79.682 149.128
  14.499  77.323 150.015  18.189  77.218 149.327  16.867  78.235 148.575  14.613
  78.928 148.683  13.407  76.273 150.119  19.096  75.900 148.896  16.870  75.044
 149.552  18.791  74.804 148.929  17.611  80.303 151.638  18.360  73.954 149.726
  19.630  73.166 151.002  19.695  73.769 149.053  20.744  73.258 151.895  18.818
  72.361 151.173  20.852  73.051 149.154  21.622  72.104 150.222  21.921  71.360
 150.414  22.913  71.956 152.085  21.028  76.376 150.813  20.332  76.778 152.101
  20.277  73.566 148.450  17.179  73.467 147.636  16.117  79.512 147.622  14.052
  79.981 146.360  13.882  81.312 145.887  14.240  79.279 145.409  13.101  81.657
 144.743  13.977  79.749 144.268  12.886  80.932 143.995  13.210
  81.782 151.179  16.175  80.684 150.906  16.583  80.374 151.186  17.930  79.670
 150.153  15.754  79.139 151.027  18.486  78.398 149.792  15.924  79.785 149.768
  14.450  77.842 150.615  18.252  77.636 149.911  17.004  78.343 149.295  14.672
  78.922 149.566  13.438  76.875 150.761  19.236  76.322 149.488  17.103  75.617
 150.216  18.960  75.251 149.508  17.880  81.083 151.578  18.538  74.633 150.364
  19.906  73.409 151.140  19.772  74.659 149.842  21.117  73.187 151.695  18.741
  72.492 151.180  20.935  73.953 149.850  22.067  72.635 150.524  22.263  71.895
 150.659  23.202  71.716 151.831  20.913  77.145 151.343  20.437  77.411 152.647
  20.424  74.058 148.741  17.759  73.925 147.780  16.829  79.324 148.335  13.931
  79.631 147.002  13.482  80.261 146.009  14.270  79.133 146.401  12.249  80.405
 144.838  13.936  79.443 145.236  11.968  80.139 144.539  12.738
  81.599 150.293  16.217  80.467 150.459  16.553  80.184 151.213  17.673  79.424
 149.977  15.732  79.034 151.095  18.378  78.102 149.829  15.861  79.507 149.543
  14.507  77.704 150.659  18.319  77.345 150.039  16.989  78.073 149.362  14.608
  78.700 149.536  13.405  76.804 150.771  19.401  75.996 149.700  17.134  75.530
 150.304  19.123  75.011 149.762  17.957  80.961 151.624  18.177  74.663 150.383
  20.132  73.649 151.452  20.272  74.419 149.455  21.016  73.609 152.449  19.521
  72.599 151.314  21.213  73.586 149.368  21.852  72.431 150.272  22.146  71.606
 150.189  23.069  71.977 152.097  21.378  77.181 151.243  20.614  77.367 152.530
  20.730  73.771 149.270  17.702  73.230 149.264  16.454  78.829 148.274  13.839
  79.162 146.912  13.509  79.925 145.891  14.230  78.854 146.385  12.218  80.113
 144.766  13.812  79.139 145.238  11.825  79.624 144.459  12.704
  81.547 150.292  17.045  80.357 150.230  17.275  79.963 150.464  18.580  79.342
 149.906  16.154  78.696 150.624  18.951  78.069 149.692  16.203  79.462 149.635
  14.852  77.385 150.384  18.587  77.232 149.796  17.249  78.014 149.380  14.920
  78.587 149.744  13.769  76.377 150.711  19.443  75.882 149.448  17.231  75.112
 150.228  19.082  74.785 149.566  17.897  80.626 150.979  19.147  74.051 150.522
  19.882  73.664 151.869  20.217  73.581 149.710  20.806  73.999 152.870  19.555
  72.997 152.029  21.500  73.039 149.797  21.875  72.633 151.037  22.468  72.320
 151.247  23.618  72.648 152.948  21.746  76.538 151.345  20.618  76.783 152.637
  20.668  73.527 149.184  17.488  73.351 148.487  16.400  78.787 148.407  13.960
  79.034 147.151  13.251  79.969 146.237  13.788  78.521 146.732  11.964  80.047
 145.079  13.296  78.887 145.671  11.471  79.424 144.841  12.237
  81.654 150.378  16.737  80.434 150.395  17.133  80.139 150.585  18.488  79.349
 150.065  16.137  78.936 150.480  18.991  78.040 149.972  16.202  79.508 149.727
  14.850  77.572 150.361  18.692  77.249 150.089  17.303  77.973 149.806  14.855
  78.735 150.023  13.720  76.669 150.697  19.644  75.934 149.941  17.223  75.348
 150.585  19.228  74.917 150.117  18.015  80.889 150.931  19.075  74.346 150.948
  20.152  73.178 151.774  19.822  74.099 150.265  21.188  73.109 152.334  18.701
  72.120 151.893  20.921  73.268 150.226  22.015  72.057 151.137  22.067  71.212
 151.268  22.969  71.234 152.289  20.630  76.970 151.164  20.940  77.169 152.536
  20.987  73.630 149.779  17.620  73.306 149.452  16.339  78.809 148.667  13.924
  78.834 147.435  13.324  78.708 146.188  14.068  79.189 147.209  11.954  78.760
 145.106  13.455  79.297 146.004  11.524  79.092 145.017  12.297
  81.672 150.188  17.183  80.458 150.279  17.420  79.929 150.764  18.626  79.567
 150.087  16.299  78.609 150.750  18.898  78.283 150.051  16.127  79.846 149.838
  14.984  77.313 150.367  18.495  77.248 150.073  17.039  78.393 149.816  14.766
  79.277 150.166  13.775  76.272 150.417  19.328  75.937 149.845  16.846  75.026
 150.125  18.809  74.792 149.772  17.466  80.586 150.919  19.381  73.806 150.324
  19.537  72.774 151.335  19.205  73.467 149.774  20.690  72.702 151.907  18.127
  71.720 151.501  20.238  72.600 149.916  21.509  71.473 150.790  21.401  70.532
 150.970  22.112  70.980 152.135  19.963  76.474 150.787  20.597  76.269 152.055
  21.015  73.554 149.477  16.931  73.460 149.213  15.665  79.196 148.812  13.984
  79.261 147.582  13.225  78.751 146.299  13.631  79.729 147.478  11.829  78.570
 145.349  12.878  79.502 146.440  11.192  79.171 145.377  11.751
  81.577 150.055  16.784  80.388 150.007  17.075  79.931 150.150  18.325  79.464
 149.739  15.922  78.637 150.375  18.636  78.149 149.630  15.824  79.632 149.616
  14.614  77.282 150.151  18.274  77.230 149.693  16.865  78.235 149.443  14.516
  78.970 149.732  13.412  76.204 150.370  19.119  75.872 149.399  16.671  74.980
 150.028  18.597  74.762 149.540  17.318  80.642 150.505  18.954  73.763 150.248
  19.234  72.654 151.143  18.874  73.558 149.796  20.467  72.608 151.617  17.713
  71.605 151.437  19.827  72.768 150.029  21.328  71.548 150.886  21.181  70.558
 151.024  21.944  70.808 152.016  19.591  76.313 150.868  20.354  76.344 152.197
  20.518  73.543 149.142  16.785  73.398 148.005  16.202  79.017 148.419  13.659
  79.095 147.072  13.168  79.149 145.860  13.950  78.894 146.805  11.740  79.157
 144.828  13.326  78.891 145.667  11.290  78.735 144.785  12.148
  81.925 149.972  16.156  80.750 150.150  16.439  80.453 150.632  17.733  79.667
 149.912  15.494  79.150 150.866  18.061  78.374 149.817  15.530  79.812 149.541
  14.240  77.737 150.646  17.964  77.535 150.042  16.595  78.310 149.342  14.241
  79.080 149.455  13.067  76.788 150.895  18.914  76.154 149.833  16.592  75.464
 150.620  18.469  75.053 150.096  17.257  81.095 151.020  18.414  74.412 150.774
  19.433  73.081 151.363  19.225  74.353 150.002  20.420  72.825 152.058  18.279
  71.999 150.972  20.196  73.553 149.667  21.245  72.108 150.063  21.294  71.257
 149.718  22.045  71.082 151.395  20.117  77.068 151.434  20.086  76.676 152.662
  20.408  73.743 149.831  16.798  73.321 148.617  16.676  79.047 148.218  13.551
  78.949 146.758  13.302  79.719 145.849  14.097  78.325 146.077  12.118  79.783
 144.674  13.734  78.449 144.888  11.893  79.165 144.243  12.719
  82.788 150.634  16.436  81.611 150.498  16.761  81.162 150.778  18.068  80.698
 150.097  15.710  79.897 150.692  18.491  79.380 149.906  15.688  80.870 149.747
  14.454  78.586 150.434  18.138  78.508 149.997  16.717  79.351 149.625  14.389
  80.155 149.807  13.280  77.503 150.599  19.036  77.089 149.706  16.620  76.255
 150.248  18.508  75.966 149.740  17.276  81.871 151.203  18.654  75.075 150.453
  19.343  73.974 151.430  19.082  74.764 149.905  20.498  74.107 152.154  18.088
  72.781 151.437  19.948  73.889 149.969  21.289  72.585 150.732  21.140  71.563
 150.811  21.826  72.138 152.184  19.713  77.634 151.048  20.305  77.176 152.231
  20.552  74.721 149.316  16.859  74.586 148.068  16.479  80.312 148.458  13.594
  80.070 147.156  13.074  80.276 145.851  13.729  79.557 146.810  11.720  80.056
 144.775  13.248  79.311 145.682  11.334  79.689 144.716  12.031
  82.264 150.800  16.330  81.077 150.715  16.611  80.634 151.033  17.910  80.129
 150.087  15.624  79.415 150.823  18.381  78.871 149.816  15.672  80.409 149.716
  14.417  78.134 150.522  18.056  77.977 149.954  16.681  78.888 149.372  14.457
  79.570 149.730  13.334  77.200 150.744  18.964  76.631 149.655  16.742  75.907
 150.365  18.656  75.566 149.805  17.456  81.325 151.546  18.446  74.859 150.646
  19.565  74.202 151.919  19.682  74.650 149.957  20.701  74.256 152.756  18.841
  73.349 152.177  20.889  74.010 150.103  21.699  73.226 151.268  22.052  72.645
 151.534  23.058  72.760 152.999  20.952  77.468 151.244  20.212  77.458 152.526
  20.359  74.339 149.440  16.878  73.201 149.520  17.501  79.927 148.478  13.648
  80.129 147.153  13.149  81.248 146.273  13.335  79.176 146.528  12.321  81.370
 145.176  12.777  79.370 145.436  11.733  80.468 144.833  11.893
  81.917 150.694  16.103  80.755 150.450  16.509  80.553 150.484  17.884  79.683
 149.933  15.592  79.398 150.460  18.495  78.342 149.795  15.794  79.647 149.583
  14.317  77.995 150.364  18.227  77.606 149.936  16.864  78.168 149.455  14.499
  78.783 149.708  13.278  76.986 150.693  19.258  76.227 149.841  16.904  75.623
 150.504  18.918  75.196 150.120  17.631  81.322 150.808  18.458  74.635 150.797
  19.977  73.841 152.069  20.146  74.457 150.078  21.029  74.011 153.048  19.384
  72.912 152.145  21.231  73.790 150.203  21.988  72.822 151.210  22.317  71.988
 151.289  23.176  72.410 153.013  21.381  77.261 151.128  20.552  77.848 152.314
  20.690  73.844 150.105  17.332  73.345 149.044  16.788  79.007 148.365  13.577
  79.256 147.128  12.959  80.173 146.172  13.493  78.713 146.600  11.698  80.337
 145.096  12.945  78.982 145.457  11.244  79.858 144.825  11.832
  81.505 150.913  15.831  80.434 150.583  16.346  80.242 150.859  17.695  79.318
 149.923  15.668  79.096 150.781  18.415  78.062 149.553  15.907  79.250 149.616
  14.352  77.800 150.283  18.386  77.453 149.701  17.097  77.878 149.127  14.679
  78.222 149.574  13.465  76.939 150.501  19.492  76.183 149.339  17.369  75.584
 150.138  19.254  75.128 149.436  18.151  81.061 151.170  18.203  74.702 150.458
  20.318  73.360 151.015  20.155  74.681 149.865  21.517  73.091 151.475  19.063
  72.322 150.919  21.239  73.926 149.737  22.436  72.525 150.269  22.486  71.720
 150.264  23.391  71.449 151.421  21.129  77.361 151.190  20.656  77.258 152.526
  20.627  73.886 148.755  17.886  73.185 148.236  18.895  78.692 148.291  13.661
  78.958 147.026  12.929  77.966 145.992  12.840  79.884 146.956  11.794  78.018
 145.206  11.876  79.773 146.125  10.939  78.927 145.262  11.032
  81.084 150.395  15.988  79.993 150.267  16.488  79.856 150.718  17.787  78.877
 149.849  15.653  78.707 150.744  18.433  77.620 149.637  15.910  78.726 149.508
  14.349  77.362 150.444  18.373  76.913 149.866  17.101  77.307 149.285  14.645
  77.805 149.456  13.345  76.518 150.742  19.443  75.580 149.745  17.230  75.152
 150.409  19.285  74.561 149.927  18.104  80.659 151.163  18.216  74.268 150.503
  20.516  73.090 151.350  20.779  74.448 149.792  21.592  72.709 152.161  19.948
  72.374 151.086  22.070  73.846 149.641  22.595  72.643 150.224  23.098  71.935
 150.113  24.101  71.525 151.636  22.113  76.998 151.220  20.639  76.866 152.506
  20.878  73.291 149.626  17.859  73.032 148.385  17.590  78.230 148.191  13.756
  78.596 146.823  13.442  77.712 145.940  12.738  79.862 146.258  13.595  78.107
 144.815  12.422  80.179 145.187  13.028  79.279 144.486  12.529
  81.170 150.364  16.311  80.065 150.374  16.784  80.010 150.622  18.143  78.915
 150.000  15.995  78.864 150.522  18.878  77.674 149.675  16.222  78.944 149.614
  14.707  77.499 150.295  18.812  77.056 149.798  17.468  77.471 149.346  14.927
  78.022 149.514  13.708  76.607 150.513  19.936  75.702 149.764  17.743  75.230
 150.238  19.754  74.737 149.858  18.559  80.766 151.123  18.595  74.343 150.311
  20.851  73.096 151.128  20.905  74.521 149.874  22.107  72.715 151.681  19.901
  72.307 151.199  22.188  74.038 149.935  23.173  72.721 150.620  23.459  72.118
 150.760  24.474  71.400 151.642  22.272  77.136 150.938  21.144  76.769 152.131
  21.588  73.425 149.561  18.332  72.961 149.631  17.127  78.284 148.304  14.095
  78.608 146.987  13.776  78.193 146.338  12.559  79.439 146.152  14.611  78.423
 145.108  12.393  79.773 145.053  14.215  79.306 144.601  13.138
  81.069 151.098  16.141  80.034 150.915  16.753  79.896 151.327  18.029  78.963
 150.209  15.999  78.824 151.058  18.837  77.701 149.884  16.391  78.815 149.811
  14.754  77.511 150.542  18.863  77.097 149.985  17.599  77.334 149.539  15.163
  77.704 149.856  13.891  76.715 150.635  20.065  75.784 149.588  17.861  75.425
 150.133  19.959  74.901 149.485  18.844  80.542 152.052  18.319  74.637 150.213
  21.139  73.324 150.955  21.245  74.722 149.449  22.183  73.015 151.711  20.362
  72.378 150.609  22.269  74.023 149.231  23.136  72.665 149.748  23.376  71.870
 149.513  24.283  71.516 151.139  22.313  77.119 151.215  21.275  77.097 152.517
  21.476  73.721 148.852  18.814  73.118 148.659  17.695  77.994 148.532  14.118
  78.414 147.237  13.592  77.816 146.673  12.423  79.455 146.430  14.116  78.181
 145.571  12.030  79.913 145.481  13.431  79.197 145.017  12.501
  80.946 150.782  16.209  79.843 150.656  16.672  79.584 151.101  18.016  78.729
 150.114  15.983  78.463 151.036  18.634  77.488 149.708  16.304  78.675 149.795
  14.665  77.224 150.455  18.736  76.824 149.846  17.457  77.233 149.386  15.024
  77.672 149.732  13.739  76.435 150.392  19.851  75.579 149.411  17.656  75.180
 149.776  19.725  74.643 149.239  18.576  80.297 151.664  18.465  74.414 149.642
  20.928  73.270 150.461  21.282  74.681 148.876  21.962  72.865 151.304  20.510
  72.541 150.151  22.565  74.217 148.641  23.030  72.954 149.204  23.518  72.322
 148.963  24.515  71.657 150.635  22.667  76.896 150.877  21.047  77.021 152.158
  21.324  73.336 148.654  18.390  72.902 148.279  17.190  78.171 148.505  13.955
  78.196 147.064  13.550  77.047 146.190  13.466  79.366 146.278  13.349  77.146
 144.950  13.363  79.327 145.075  13.134  78.307 144.410  13.363
  81.123 150.493  16.242  80.039 150.341  16.723  79.879 150.605  18.073  78.968
 149.824  15.924  78.745 150.485  18.734  77.749 149.526  16.142  78.965 149.376
  14.640  77.418 150.118  18.636  77.034 149.616  17.301  77.525 149.143  14.948
  78.029 149.244  13.649  76.574 150.196  19.710  75.761 149.197  17.499  75.303
 149.608  19.522  74.815 149.069  18.351  80.706 150.897  18.580  74.373 149.627
  20.632  73.288 150.612  20.892  74.338 148.761  21.604  73.191 151.568  20.133
  72.412 150.373  22.031  73.635 148.486  22.521  72.417 149.232  22.917  71.656
 149.007  23.833  71.805 151.158  22.237  76.787 150.845  20.906  76.480 152.118
  20.970  73.605 148.459  18.188  72.917 148.835  17.094  78.373 148.038  14.138
  78.408 146.661  13.787  78.294 145.606  14.826  78.864 146.074  12.517  78.467
 144.446  14.494  78.829 144.864  12.342  78.405 144.163  13.295
  81.103 150.397  16.045  79.929 150.354  16.444  79.627 150.883  17.729  78.796
 149.821  15.599  78.418 150.874  18.322  77.603 149.400  15.931  78.878 149.338
  14.384  77.159 150.340  18.281  76.881 149.583  17.055  77.461 148.817  14.746
  77.959 148.975  13.469  76.280 150.531  19.356  75.599 149.109  17.277  75.078
 149.853  19.221  74.681 149.056  18.204  80.403 151.029  18.364  74.097 150.027
  20.218  72.792 150.641  19.987  74.109 149.509  21.428  72.456 151.220  18.995
  71.842 150.563  21.044  73.335 149.331  22.292  71.974 149.854  22.254  71.089
 149.911  23.065  70.966 151.073  21.043  76.535 151.358  20.385  76.119 152.592
  20.142  73.531 148.320  18.173  73.503 147.140  17.490  78.420 147.821  14.016
  79.090 146.580  13.766  79.191 145.461  14.643  79.955 146.382  12.590  80.079
 144.628  14.522  80.748 145.414  12.580  80.608 144.504  13.415
  81.624 150.037  16.570  80.413 150.052  16.871  80.017 150.726  18.041  79.434
 149.515  15.930  78.711 150.812  18.387  78.101 149.347  15.964  79.583 149.115
  14.634  77.402 150.426  18.228  77.250 149.667  16.959  78.110 148.737  14.677
  78.845 148.887  13.524  76.381 150.675  19.124  75.925 149.317  16.934  75.153
 150.100  18.800  74.881 149.314  17.690  80.745 151.209  18.554  74.042 150.363
  19.661  72.720 150.887  19.167  73.837 149.874  20.865  72.569 151.236  17.978
  71.554 150.827  20.171  72.937 149.739  21.616  71.600 150.284  21.538  70.763
 150.289  22.402  70.677 151.172  19.800  76.584 151.388  20.315  76.488 152.638
  20.288  73.701 148.622  17.488  73.362 148.234  16.278  79.232 147.692  14.095
  79.576 146.296  13.939  80.723 145.659  14.583  78.809 145.374  13.218  80.952
 144.465  14.404  79.215 144.225  12.966  80.323 143.923  13.464
  81.800 150.814  16.468  80.618 150.537  16.730  80.069 151.062  17.833  79.829
 149.625  15.822  78.835 150.891  18.315  78.558 149.219  15.803  80.115 149.025
  14.664  77.572 150.300  18.012  77.550 149.511  16.730  78.741 148.590  14.659
  79.496 148.700  13.477  76.500 150.488  18.862  76.261 149.096  16.690  75.246
 149.945  18.450  75.107 149.220  17.298  80.781 151.272  18.523  74.094 150.216
  19.310  73.095 151.264  19.006  73.839 149.811  20.572  73.105 151.824  17.922
  72.174 151.659  20.078  73.112 150.200  21.432  71.984 151.173  21.385  70.981
 151.352  22.075  71.564 152.355  19.665  76.594 151.162  20.058  76.342 152.466
  20.173  74.018 148.561  16.754  74.057 147.445  15.946  79.704 147.574  14.136
  79.923 146.162  13.936  81.076 145.623  13.238  78.992 145.175  14.451  81.259
 144.397  13.356  79.168 143.994  14.148  80.368 143.681  13.886
  81.769 150.777  16.339  80.586 150.719  16.627  80.127 151.417  17.728  79.698
 150.024  15.720  78.912 151.242  18.261  78.420 149.776  15.758  79.927 149.555
  14.530  77.577 150.841  18.017  77.505 150.036  16.743  78.489 149.140  14.581
  79.189 149.151  13.402  76.544 150.991  18.924  76.258 149.599  16.728  75.390
 150.299  18.597  75.200 149.529  17.432  80.722 152.052  18.247  74.230 150.510
  19.420  72.983 151.210  19.055  73.895 149.796  20.441  73.047 151.987  18.080
  71.712 151.052  19.846  72.930 149.501  21.069  71.543 150.094  20.960  70.489
 149.788  21.580  70.988 151.756  19.759  76.715 151.596  20.104  76.045 152.705
  20.362  74.050 148.852  17.074  73.982 148.075  15.988  79.487 147.986  14.054
  80.088 146.704  13.908  81.475 146.441  13.605  79.243 145.580  13.905  81.785
 145.256  13.329  79.675 144.490  13.525  80.887 144.354  13.230
  81.734 150.039  16.496  80.528 150.124  16.666  80.046 150.534  17.892  79.599
 149.820  15.589  78.776 150.664  18.181  78.318 149.600  15.600  79.873 149.449
  14.327  77.481 150.215  17.988  77.432 149.760  16.609  78.404 149.178  14.330
  79.184 149.403  13.193  76.437 150.258  18.911  76.107 149.308  16.628  75.146
 149.831  18.421  74.982 149.305  17.183  80.733 150.634  18.630  74.058 149.902
  19.265  72.779 150.469  18.902  73.900 149.291  20.439  72.626 151.113  17.917
  71.773 150.383  19.885  73.011 149.044  21.231  71.653 149.554  20.988  70.535
 149.219  21.504  70.918 150.916  19.776  76.646 150.827  20.147  76.912 152.087
  20.320  73.831 148.806  16.592  73.834 147.591  16.093  79.301 148.138  13.626
  79.781 146.775  13.364  81.082 146.476  12.770  79.162 145.536  13.900  81.492
 145.319  12.743  79.794 144.454  13.965  80.852 144.388  13.348
  81.578 150.185  15.780  80.448 149.979  16.149  80.025 150.364  17.444  79.533
 149.309  15.232  78.808 150.105  17.853  78.281 148.932  15.306  79.788 148.976
  13.985  77.463 149.669  17.682  77.381 149.038  16.324  78.269 148.480  14.042
  78.940 148.728  12.861  76.415 149.876  18.628  76.075 148.696  16.296  75.182
 149.353  18.192  74.938 148.715  16.963  80.765 150.613  18.089  74.116 149.451
  19.025  73.166 150.530  19.062  74.025 148.610  20.039  73.229 151.520  18.303
  72.179 150.426  20.155  73.190 148.526  20.893  72.068 149.470  21.203  71.334
 149.428  22.204  71.540 151.208  20.233  76.631 150.435  19.878  77.125 151.593
  19.872  73.796 148.070  16.604  73.702 146.808  16.857  79.356 147.510  13.320
  79.877 146.206  13.002  81.237 146.001  12.739  79.115 144.977  13.099  81.632
 144.823  12.636  79.690 143.892  13.111  80.869 143.837  12.675
  82.073 149.663  16.211  80.895 149.513  16.520  80.521 149.958  17.799  79.984
 148.959  15.491  79.169 149.969  18.027  78.700 148.729  15.386  80.225 148.529
  14.230  77.880 149.585  17.684  77.795 148.974  16.388  78.745 148.263  14.158
  79.499 148.470  13.043  76.798 149.891  18.507  76.499 148.589  16.356  75.596
 149.359  18.164  75.370 148.657  16.991  81.174 150.446  18.400  74.606 149.602
  19.105  73.465 150.586  19.018  74.531 149.061  20.299  73.352 151.347  18.166
  72.495 150.544  20.153  73.853 149.051  21.271  72.557 149.787  21.439  71.814
 149.855  22.363  71.712 151.186  20.106  76.994 150.576  19.711  77.542 151.738
  19.772  74.308 147.901  16.552  73.746 147.013  17.298  79.781 147.223  13.418
  80.101 145.949  12.906  81.466 145.402  13.012  79.162 145.075  12.269  81.658
 144.297  12.552  79.483 143.908  11.998  80.719 143.568  12.114
  82.213 149.761  16.465  81.061 149.520  16.737  80.613 149.718  17.934  80.167
 149.119  15.605  79.315 149.750  18.271  78.862 149.041  15.431  80.467 148.724
  14.317  78.016 149.738  17.814  77.950 149.250  16.429  78.969 148.574  14.179
  79.874 148.683  13.074  76.884 150.177  18.584  76.605 149.057  16.250  75.628
 149.948  17.963  75.434 149.381  16.731  81.267 150.026  18.643  74.514 150.395
  18.737  73.294 151.080  18.257  74.151 149.827  19.844  73.331 151.836  17.276
  72.013 150.918  18.939  73.138 149.699  20.390  71.799 150.258  20.133  70.667
 150.200  20.791  71.241 151.405  18.501  76.990 150.769  19.845  77.164 152.073
  19.877  74.249 149.094  16.224  73.767 147.853  16.189  79.899 147.423  13.457
  80.331 146.095  13.089  81.660 145.623  13.072  79.378 144.992  12.878  81.952
 144.426  12.928  79.778 143.840  12.784  80.986 143.618  12.790
  82.337 150.507  16.682  81.185 150.149  16.873  80.547 150.368  18.127  80.475
 149.376  15.827  79.225 150.178  18.315  79.205 149.123  15.618  80.843 148.883
  14.720  77.959 149.898  17.707  78.108 149.380  16.355  79.456 148.573  14.475
  80.416 148.653  13.430  76.776 150.033  18.469  76.792 149.020  16.043  75.648
 149.540  17.786  75.632 148.938  16.526  81.057 150.703  18.935  74.460 149.703
  18.443  73.748 150.993  18.571  73.785 148.836  19.134  74.135 152.002  18.071
  72.528 151.020  19.421  72.784 148.821  19.803  71.891 149.996  20.165  70.981
 150.082  20.913  72.075 151.921  19.330  76.717 150.487  19.750  77.514 151.354
  20.321  74.513 148.450  15.832  74.593 147.335  15.142  80.547 147.460  14.047
  80.705 146.007  14.007  81.597 145.509  12.980  79.807 145.059  14.500  81.441
 144.347  12.598  79.899 143.919  14.188  80.668 143.642  13.246
  81.932 150.310  16.567  80.751 150.052  16.697  80.105 150.443  17.918  80.073
 149.211  15.619  78.948 150.000  18.256  78.816 148.759  15.507  80.543 148.796
  14.456  77.749 149.501  17.777  77.843 148.926  16.439  79.017 148.257  14.261
  79.897 148.481  13.219  76.586 149.619  18.566  76.565 148.613  16.180  75.436
 149.089  17.989  75.324 148.639  16.752  80.610 150.973  18.619  74.393 149.180
  18.899  73.212 149.940  18.725  74.071 148.132  19.681  73.155 150.912  17.934
  72.062 149.714  19.558  73.112 147.840  20.316  71.835 148.612  20.413  70.830
 148.493  21.133  71.244 150.294  19.418  76.616 150.085  19.868  76.664 151.456
  19.981  74.099 148.267  16.250  74.026 147.343  15.256  80.284 147.315  13.801
  80.770 146.033  13.674  80.339 145.026  12.669  81.964 145.637  14.329  81.031
 144.004  12.463  82.616 144.727  13.872  82.056 143.861  13.140
  81.475 151.196  16.472  80.360 150.756  16.805  79.745 150.956  18.046  79.763
 149.857  15.800  78.617 150.395  18.472  78.704 149.066  15.735  80.106 149.542
  14.526  77.527 149.723  18.082  77.763 149.065  16.748  78.955 148.567  14.509
  79.474 149.164  13.370  76.411 149.729  18.827  76.542 148.485  16.602  75.386
 148.950  18.259  75.347 148.284  17.070  80.383 151.411  18.688  74.191 148.830
  19.023  72.836 149.207  18.594  74.022 148.237  20.169  72.709 149.794  17.538
  71.725 148.949  19.397  73.141 147.939  20.927  71.678 148.319  20.715  70.697
 148.214  21.429  70.814 149.124  18.988  76.261 150.315  20.145  76.539 151.602
  20.383  74.275 147.483  16.555  74.445 146.998  15.436  80.383 148.174  13.770
  81.214 147.092  13.188  80.856 146.323  12.064  82.375 146.629  13.907  81.633
 145.494  11.587  83.019 145.703  13.382  82.739 145.296  12.204
  81.520 151.157  17.016  80.386 150.801  17.041  79.625 151.208  18.165  79.832
 150.010  15.912  78.383 150.807  18.296  78.630 149.522  15.670  80.373 149.629
  14.743  77.249 150.181  17.780  77.493 149.630  16.431  78.948 149.067  14.434
  79.889 149.378  13.466  76.025 150.111  18.498  76.268 149.115  16.135  75.006
 149.394  17.890  75.062 148.845  16.606  80.072 151.830  18.828  73.898 149.093
  18.673  72.558 149.656  18.443  73.719 148.046  19.425  72.374 150.624  17.757
  71.341 148.960  19.038  72.798 147.439  19.874  71.361 147.781  19.856  70.418
 147.272  20.461  70.465 149.465  18.972  75.782 150.608  19.774  76.273 151.777
  20.213  74.131 148.158  15.939  74.473 147.120  15.264  80.335 148.220  14.045
  81.011 147.019  13.790  81.131 146.441  12.423  81.811 146.301  14.682  82.042
 145.644  12.176  82.674 145.514  14.322  82.661 145.123  13.155
  81.256 151.660  16.563  80.158 151.180  16.888  79.419 151.631  17.986  79.519
 150.283  15.846  78.253 151.049  18.296  78.393 149.603  15.750  79.978 149.860
  14.663  77.208 150.108  17.958  77.441 149.503  16.666  78.721 149.093  14.519
  79.479 149.437  13.408  76.150 149.832  18.800  76.266 148.785  16.458  75.118
 149.030  18.210  75.167 148.411  16.987  79.824 152.216  18.708  73.963 148.999
  19.013  72.761 149.745  18.629  73.581 147.872  19.639  72.867 150.706  17.843
  71.497 149.186  19.124  72.605 147.478  20.097  71.239 147.969  19.803  70.124
 147.459  20.009  70.728 149.760  18.800  76.039 150.417  19.994  75.687 151.718
  19.976  74.151 147.578  16.521  74.436 146.770  15.507  80.132 148.432  13.942
  81.062 147.365  13.780  80.984 146.320  12.786  81.960 146.935  14.811  81.488
 145.229  12.993  82.519 145.862  14.854  82.395 145.107  13.837
  81.195 151.418  17.097  80.099 150.986  17.390  79.587 151.002  18.686  79.382
 150.317  16.266  78.291 150.666  18.950  78.242 149.650  16.140  79.762 150.087
  15.077  77.110 150.015  18.461  77.277 149.504  17.075  78.446 149.264  14.870
  79.188 149.752  13.818  75.956 149.784  19.277  76.167 148.807  16.896  74.941
 149.069  18.653  74.951 148.541  17.357  80.181 151.321  19.443  73.698 148.952
  19.324  72.481 149.711  18.983  73.408 148.075  20.246  72.524 150.671  18.197
  71.255 149.365  19.698  72.442 147.761  20.809  71.050 148.253  20.576  69.940
 147.901  21.004  70.408 149.805  19.357  75.854 150.308  20.554  75.577 151.593
  20.708  73.880 147.939  16.711  74.066 147.491  15.491  79.823 148.668  14.254
  80.597 147.480  13.970  80.604 146.744  12.800  81.533 146.883  14.975  81.471
 145.919  12.562  82.359 146.080  14.564  82.063 145.374  13.560
  81.687 150.831  17.447  80.496 150.747  17.423  79.785 151.175  18.576  79.795
 150.182  16.244  78.577 150.752  18.791  78.607 149.737  15.981  80.285 149.847
  15.008  77.395 150.176  18.329  77.546 149.723  16.887  78.842 149.349  14.737
  79.801 149.701  13.767  76.272 150.011  19.131  76.193 149.225  16.687  75.154
 149.382  18.568  75.073 148.964  17.285  80.346 151.331  19.405  74.069 149.161
  19.425  72.608 149.241  19.055  74.190 148.334  20.456  72.261 150.011  18.185
  71.662 148.637  19.976  73.426 147.687  21.107  71.972 147.718  21.043  71.145
 147.158  21.716  70.673 148.724  19.774  76.210 150.473  20.427  75.607 151.623
  20.582  73.950 148.220  16.853  73.943 147.748  15.633  80.151 148.417  14.186
  80.873 147.236  13.848  80.479 146.300  12.810  82.185 146.754  14.406  81.255
 145.492  12.310  82.804 145.815  13.880  82.194 145.123  13.016
  81.750 151.850  16.012  80.677 151.337  16.291  80.138 151.542  17.525  80.015
 150.320  15.300  78.929 151.082  17.959  78.925 149.582  15.374  80.424 149.879
  14.178  77.886 150.202  17.690  77.992 149.506  16.418  79.154 149.029  14.147
  79.804 149.382  13.008  76.760 150.076  18.528  76.989 148.610  16.398  75.822
 149.083  18.198  75.919 148.227  17.113  80.647 152.192  18.113  74.685 148.881
  19.059  73.378 149.438  19.024  74.712 148.051  20.029  72.999 150.369  18.262
  72.373 149.017  20.032  73.963 147.641  20.831  72.514 147.981  21.020  71.695
 147.578  21.816  71.464 149.465  20.019  76.691 150.846  19.656  76.129 151.960
  19.615  75.054 147.275  16.759  75.160 146.622  15.578  80.429 148.400  13.653
  81.078 147.143  13.527  80.767 146.197  12.492  82.238 146.738  14.304  81.462
 145.163  12.458  82.788 145.671  14.152  82.482 145.032  13.145
