#Frame       SA_00001
       1     528.3128
       2     535.7786
       3     540.0691
       4     540.4334
       5     532.8199
       6     537.6610
       7     536.2447
       8     539.8316
       9     536.9754
      10     533.4191
      11     539.5708
      12     540.1670
      13     538.9257
      14     537.7831
      15     537.4906
      16     537.7580
      17     536.1718
      18     538.4422
      19     539.5375
      20     539.5144
      21     533.3924
      22     535.0859
      23     535.0132
      24     537.2534
      25     533.1997
      26     537.3424
      27     529.7711
      28     539.4937
      29     532.6144
      30     535.7535
      31     532.9378
      32     536.0201
      33     540.0271
      34     532.6453
      35     532.3019
      36     539.2003
      37     538.2148
      38     536.2940
      39     537.3228
      40     535.3451
      41     536.6546
      42     536.8801
      43     537.0682
      44     535.0056
      45     543.8856
      46     541.1742
      47     535.2825
      48     539.6381
      49     534.7510
      50     539.4169
