#Frame       SA_00001
       1   20882.2993
       2   22013.4173
       3   22719.1959
       4   22861.7281
       5   22966.2178
       6   22897.2955
       7   23488.7828
       8   23090.3662
       9   23142.8793
      10   23620.7862
      11   23495.4033
      12   23485.5500
      13   23256.0582
      14   23161.3643
      15   23054.5284
      16   22764.1689
      17   22613.8848
      18   22601.1988
      19   22541.7020
      20   22287.2665
      21   22462.2430
      22   22426.9711
      23   22356.3905
      24   22490.4528
      25   22782.7592
      26   22656.6061
      27   22717.7631
      28   22775.4587
      29   22577.4937
      30   22526.9291
      31   22714.1067
      32   23202.9289
      33   23421.9525
      34   23114.6882
      35   23105.0015
      36   22871.0639
      37   23287.1442
      38   23234.0962
      39   23373.0744
      40   23616.3302
      41   23379.9531
      42   23084.3629
      43   23185.5680
      44   23164.4395
      45   23706.1221
      46   23864.5923
      47   23989.3169
      48   23785.6003
      49   23768.9774
      50   23492.9613
