#Frame       SA_00001
       1   21020.4704
       2   22597.5572
       3   23658.4762
       4   24121.7364
       5   24073.4292
       6   23536.8310
       7   23647.9037
       8   23583.3465
       9   23406.4310
      10   23472.7224
      11   23803.9474
      12   23950.7530
      13   23582.4323
      14   23427.5033
      15   23546.8947
      16   23736.6401
      17   24055.8667
      18   24447.6341
      19   24247.6186
      20   24327.8681
      21   24447.9177
      22   24598.5543
      23   24481.8289
      24   24641.5406
      25   24397.7537
      26   24258.4176
      27   24308.7013
      28   24279.0903
      29   24588.2391
      30   25085.3045
      31   24832.6616
      32   24741.8770
      33   24613.0286
      34   24583.9397
      35   24613.1387
      36   24970.8464
      37   25018.5821
      38   24901.0373
      39   25104.9777
      40   25223.2753
      41   24848.2956
      42   25026.1895
      43   24666.6676
      44   24894.3358
      45   25057.6078
      46   24716.2559
      47   24734.0565
      48   24729.5321
      49   24853.2778
      50   25007.1285
