#Frame       SA_00001
       1   21207.9237
       2   22805.1118
       3   23919.3371
       4   24280.9675
       5   24350.1711
       6   23782.1198
       7   23587.5151
       8   23798.5124
       9   23737.6017
      10   23915.8476
      11   24323.1552
      12   24494.7733
      13   24565.6376
      14   23739.6712
      15   23893.8584
      16   24314.9754
      17   24270.0569
      18   24200.9566
      19   24434.9339
      20   24537.9205
      21   24710.9377
      22   24985.9196
      23   24944.0457
      24   25120.9560
      25   25100.9825
      26   25016.9960
      27   25188.2238
      28   24922.7993
      29   24912.9057
      30   25370.7606
      31   25156.5562
      32   24940.3917
      33   25001.8903
      34   25019.1270
      35   25060.2227
      36   25236.3582
      37   25156.4179
      38   24981.4871
      39   25002.5646
      40   25314.0593
      41   25243.3499
      42   25210.5302
      43   25286.8039
      44   25521.0646
      45   25428.3149
      46   25015.3384
      47   25150.9616
      48   24969.1255
      49   24924.1022
      50   24783.2053
