#Frame       SA_00001
       1     460.5249
       2     460.7282
       3     463.1503
       4     457.5516
       5     462.9149
       6     464.4088
       7     458.8104
       8     455.3249
       9     458.4862
      10     457.4947
      11     465.3461
      12     451.7216
      13     459.6702
      14     470.7513
      15     462.9142
      16     462.8523
      17     469.0844
      18     463.1757
      19     460.1333
      20     453.0121
      21     455.5676
      22     463.3029
      23     456.5772
      24     460.7446
      25     456.6771
      26     463.7662
      27     462.2741
      28     453.0456
      29     459.4788
      30     456.0659
      31     455.1901
      32     459.6837
      33     456.9494
      34     457.4317
      35     455.5562
      36     458.8771
      37     452.8990
      38     456.1152
      39     459.7603
      40     457.3289
      41     464.7524
      42     461.3415
      43     454.8971
      44     456.9773
      45     466.5958
      46     462.5756
      47     454.2379
      48     453.8986
      49     462.0912
      50     463.6546
