#Frame       SA_00001
       1     601.3980
       2     606.5114
       3     600.1479
       4     593.3006
       5     606.4083
       6     602.6573
       7     606.4058
       8     598.5686
       9     608.1750
      10     608.5279
      11     609.3011
      12     605.5246
      13     603.9269
      14     604.0984
      15     595.6456
      16     611.3919
      17     610.7564
      18     596.9674
      19     607.8767
      20     614.5309
      21     601.7056
      22     607.6643
      23     604.4928
      24     607.1686
      25     606.6409
      26     615.7622
      27     606.9262
      28     601.4602
      29     605.4502
      30     610.1715
      31     606.8509
      32     602.3951
      33     600.2403
      34     599.2396
      35     604.0711
      36     590.8277
      37     603.3741
      38     600.7221
      39     594.8581
      40     598.9290
      41     599.7890
      42     593.5079
      43     585.0374
      44     576.6470
      45     592.9959
      46     592.4545
      47     590.3463
      48     582.8145
      49     575.5872
      50     584.0218
