Cpptraj Generated trajectory                                                    
  83.948 154.459  14.108  84.868 153.382  14.257  82.743 153.921  14.242  84.296
 152.151  14.687  82.044 153.029  14.599  82.847 152.163  14.856  84.840 155.828
  11.642  84.722 156.417  12.729  84.290 155.808  13.976  85.132 157.844  12.828
  84.417 156.662  14.992  85.145 158.661  14.025  84.689 157.764  15.123  85.413
 159.836  14.056  85.376 158.415  12.028  86.237 153.610  13.947  86.750 152.775
  13.092  84.963 150.888  14.920  84.986 149.734  15.682  84.834 148.458  15.057
  86.276 150.079  15.474  85.879 147.770  14.475  87.406 149.962  15.119  87.282
 147.441  14.353  87.388 148.803  14.701  87.565 147.290  13.385  83.609 147.652
  14.993  82.584 148.245  15.268  83.502 146.442  14.466  84.432 146.155  14.445
  84.072 154.434  13.998  85.014 153.444  13.770  82.867 153.926  14.183  84.517
 152.115  13.885  82.231 152.880  14.185  83.061 151.992  14.085  84.284 156.340
  11.691  84.490 156.684  12.848  84.231 155.819  14.009  85.054 158.023  13.117
  84.470 156.567  15.108  85.285 158.664  14.365  84.869 157.679  15.363  85.722
 159.791  14.496  85.245 158.558  12.279  86.372 153.704  13.642  86.929 153.543
  12.485  85.272 150.902  13.941  85.687 149.947  14.815  85.029 148.695  14.921
  86.577 149.907  13.709  85.456 147.609  14.204  87.198 149.347  12.811  85.966
 146.995  13.049  86.732 148.192  12.943  85.360 146.972  12.229  83.931 148.457
  15.827  83.356 149.418  16.182  83.509 147.257  16.173  84.141 146.666  15.729
  84.466 154.532  13.751  85.387 153.593  13.355  83.314 153.942  14.062  84.937
 152.231  13.454  82.713 152.931  14.217  83.509 152.045  13.859  85.276 156.569
  11.625  85.180 156.887  12.772  84.720 155.933  13.870  85.472 158.275  13.123
  84.840 156.641  14.950  85.497 158.908  14.442  85.123 157.730  15.270  85.765
 160.042  14.724  85.788 158.799  12.315  86.607 153.931  12.933  86.990 153.567
  11.724  85.592 150.981  13.279  85.983 149.905  13.892  84.958 148.894  14.342
  86.152 149.656  12.574  84.569 147.825  13.554  86.054 148.960  11.609  84.427
 147.058  12.334  85.270 148.061  11.923  83.491 147.087  11.931  84.386 148.785
  15.646  84.593 149.706  16.422  83.623 147.769  16.160  83.513 147.137  15.429
  84.530 154.709  13.560  85.240 153.679  12.879  83.462 154.160  14.077  84.686
 152.400  13.059  82.707 153.257  14.232  83.344 152.315  13.726  85.100 156.373
  11.380  85.306 156.817  12.512  84.921 156.004  13.669  85.715 158.218  12.709
  84.992 156.777  14.734  85.779 158.960  14.011  85.356 157.885  14.953  86.248
 160.076  14.249  85.882 158.762  11.871  86.403 153.973  12.292  86.706 153.540
  11.067  85.327 151.292  12.683  85.974 150.221  13.195  85.210 149.367  14.114
  85.726 149.890  11.946  84.613 148.184  13.623  85.347 149.102  11.096  83.985
 147.441  12.606  84.757 148.255  11.746  82.979 147.516  12.455  84.909 149.744
  15.526  85.434 150.730  15.932  84.229 149.047  16.374  84.091 148.211  15.897
  84.925 154.600  13.584  85.760 153.706  12.860  84.009 153.978  14.326  85.396
 152.398  13.086  83.507 152.891  14.619  84.193 152.053  14.015  84.885 156.435
  11.196  85.275 156.773  12.291  85.078 156.000  13.523  85.693 158.195  12.444
  85.242 156.860  14.555  85.858 158.932  13.627  85.575 157.981  14.651  86.245
 160.079  13.767  85.632 158.779  11.618  86.789 154.142  12.056  86.638 154.170
  10.777  86.009 151.286  12.406  86.637 150.081  12.488  86.258 149.036  13.497
  85.690 149.956  11.557  85.308 148.089  13.353  84.716 149.418  11.031  84.387
 147.338  12.576  84.434 148.460  11.770  83.453 147.201  12.962  86.992 148.884
  14.769  87.957 149.562  14.950  86.592 148.134  15.844  85.720 147.794  15.582
  85.362 154.346  13.568  86.080 153.411  12.786  84.690 153.696  14.479  85.820
 152.055  13.121  84.476 152.621  14.980  84.997 151.781  14.235  85.410 156.287
  11.175  85.575 156.639  12.339  85.379 155.751  13.543  85.826 158.114  12.604
  85.560 156.556  14.672  85.921 158.794  13.872  85.767 157.716  14.912  85.993
 159.974  14.036  85.902 158.714  11.791  86.970 153.880  11.921  86.779 153.624
  10.611  86.269 150.883  12.449  86.879 149.702  12.435  86.906 148.788  13.617
  85.644 149.457  11.862  86.111 147.643  13.653  84.605 148.853  11.711  85.178
 146.762  13.145  84.755 147.868  12.428  84.461 146.416  13.782  87.845 148.952
  14.750  88.686 149.808  14.717  87.708 148.385  15.973  86.944 147.815  15.782
  85.871 153.770  14.389  86.180 152.773  13.453  85.486 153.285  15.521  85.901
 151.475  13.939  85.179 152.248  16.101  85.421 151.324  15.315  84.678 155.200
  12.048  85.322 155.830  12.910  85.865 155.174  14.118  85.463 157.299  12.789
  86.150 156.156  14.943  85.821 158.217  13.809  86.180 157.366  14.927  85.812
 159.459  13.786  85.176 157.726  11.916  86.629 153.089  12.193  86.000 152.544
  11.170  86.126 150.267  13.194  86.809 149.143  13.109  86.846 148.257  14.377
  85.639 148.866  12.490  85.986 147.177  14.503  84.618 148.256  12.221  84.703
 146.654  14.379  84.670 147.434  13.159  83.898 146.940  14.936  87.706 148.531
  15.548  88.437 149.555  15.573  87.780 147.748  16.657  87.153 147.032  16.460
  85.703 154.022  14.738  86.315 153.057  13.937  85.314 153.500  15.885  86.443
 151.831  14.625  85.276 152.513  16.588  85.908 151.677  15.960  84.672 155.574
  12.186  85.120 156.081  13.225  85.596 155.352  14.398  85.229 157.541  13.163
  85.834 156.231  15.345  85.595 158.371  14.324  85.872 157.417  15.387  85.731
 159.582  14.339  85.104 158.054  12.298  86.786 153.315  12.624  86.265 152.585
  11.653  86.934 150.662  14.044  87.206 149.341  14.084  86.587 148.615  15.226
  86.192 149.446  13.121  85.318 148.097  15.124  85.117 149.205  12.623  84.246
 147.538  14.458  84.615 148.455  13.488  83.318 147.660  14.862  87.350 148.398
  16.484  88.509 148.738  16.491  86.894 147.906  17.646  85.932 147.794  17.559
  86.293 154.574  14.716  86.742 153.602  13.829  85.884 153.985  15.802  86.663
 152.297  14.311  85.705 152.951  16.370  86.074 152.067  15.649  86.175 156.258
  12.207  86.181 156.779  13.303  86.304 156.019  14.548  86.108 158.253  13.350
  85.954 156.926  15.518  85.751 159.043  14.503  85.731 158.039  15.602  85.705
 160.260  14.487  86.056 158.655  12.422  87.290 154.004  12.607  87.119 153.183
  11.585  87.104 151.080  13.773  87.522 149.801  14.110  86.728 149.003  15.105
  86.920 149.669  12.895  85.612 148.309  14.698  86.117 149.195  12.140  85.021
 147.412  13.822  85.476 148.372  12.862  84.007 147.374  13.926  87.205 148.709
  16.468  88.379 148.974  16.724  86.540 148.019  17.389  85.718 147.762  16.937
  85.692 154.331  14.467  86.476 153.513  13.694  85.286 153.619  15.479  86.592
 152.145  14.074  85.261 152.541  15.996  85.873 151.795  15.284  84.958 155.970
  11.948  85.241 156.458  13.016  85.381 155.720  14.269  85.445 157.932  13.133
  85.378 156.526  15.257  85.592 158.690  14.333  85.399 157.708  15.414  85.762
 159.894  14.345  85.610 158.419  12.260  87.119 154.060  12.574  87.278 153.382
  11.484  87.294 151.072  13.491  87.950 149.933  13.750  87.167 148.893  14.459
  87.582 149.905  12.386  86.434 147.919  13.827  87.041 149.325  11.446  85.736
 147.435  12.725  86.387 148.448  12.047  84.734 147.596  12.822  87.272 148.622
  15.884  88.162 149.222  16.489  86.460 147.778  16.598  85.813 147.513  15.922
  84.595 154.186  14.089  85.617 153.336  13.634  83.627 153.407  14.564  85.390
 151.938  13.897  83.195 152.341  14.806  84.100 151.638  14.495  84.820 155.970
  11.651  84.977 156.412  12.806  84.583 155.649  14.070  85.533 157.774  12.980
  84.772 156.429  15.047  85.739 158.554  14.167  85.236 157.524  15.183  86.260
 159.665  14.346  85.947 158.190  12.154  86.712 153.875  12.997  86.957 153.650
  11.721  86.289 150.953  13.510  87.458 150.258  13.691  87.381 148.805  14.048
  87.223 150.260  12.308  87.477 147.781  13.111  87.182 149.775  11.169  87.565
 147.255  11.788  87.370 148.624  11.455  86.757 146.661  11.604  87.181 148.255
  15.459  87.067 149.043  16.397  87.017 146.914  15.776  87.294 146.505  14.938
  84.716 154.324  13.734  85.754 153.563  13.239  83.737 153.495  14.223  85.634
 152.222  13.439  83.434 152.360  14.507  84.431 151.727  14.125  85.102 156.128
  11.506  85.094 156.562  12.654  84.699 155.724  13.795  85.613 157.821  12.897
  85.008 156.441  14.871  85.913 158.496  14.091  85.478 157.484  15.105  86.250
 159.627  14.183  85.731 158.254  11.988  86.840 154.223  12.738  87.484 153.769
  11.706  86.576 151.261  13.138  87.484 150.529  13.771  87.106 149.199  14.184
  87.755 150.363  12.406  87.468 148.026  13.483  87.933 149.713  11.384  87.453
 147.340  12.306  87.796 148.581  11.767  86.567 146.870  12.124  86.426 148.979
  15.511  85.706 149.869  15.868  86.464 147.847  16.271  87.033 147.248  15.757
  85.081 154.366  13.802  86.179 153.659  13.284  84.209 153.559  14.232  86.101
 152.256  13.488  83.874 152.414  14.449  84.843 151.781  14.128  85.070 156.324
  11.512  85.058 156.734  12.655  84.868 155.769  13.806  85.388 158.166  12.984
  84.976 156.543  14.911  85.563 158.741  14.245  85.238 157.660  15.174  85.839
 159.949  14.549  85.408 158.766  12.168  87.121 154.410  12.591  87.777 153.944
  11.592  87.240 151.420  13.317  88.080 150.616  13.853  87.621 149.421  14.561
  88.074 150.300  12.495  87.528 148.187  13.964  88.066 149.494  11.590  87.174
 147.338  12.869  87.634 148.448  12.115  86.168 147.191  12.794  87.104 149.407
  15.917  86.860 150.452  16.417  86.813 148.366  16.761  86.869 147.631  16.127
  85.282 154.533  13.754  86.297 153.665  13.376  84.254 153.872  14.241  86.051
 152.304  13.651  83.884 152.803  14.677  84.792 152.045  14.345  85.623 156.388
  11.356  85.616 156.808  12.503  85.417 155.967  13.708  85.937 158.242  12.732
  85.721 156.721  14.703  86.181 158.957  13.962  86.010 157.901  14.940  86.422
 160.161  14.102  85.981 158.857  11.928  87.409 154.262  12.768  87.864 153.894
  11.560  86.938 151.210  13.389  87.983 150.493  13.724  87.949 149.483  14.835
  87.371 149.873  12.644  87.567 148.175  14.613  86.937 148.926  12.028  86.882
 147.130  13.861  86.840 148.043  12.928  85.991 146.850  14.272  88.247 149.684
  16.233  88.353 150.801  16.671  88.454 148.699  17.163  88.396 147.882  16.638
  85.196 154.460  13.622  86.133 153.630  13.140  84.105 153.795  13.969  85.798
 152.243  13.282  83.662 152.711  14.170  84.490 151.894  13.781  85.513 156.397
  11.292  85.558 156.802  12.479  85.313 155.886  13.659  85.933 158.150  12.772
  85.402 156.579  14.749  86.157 158.765  14.040  85.786 157.661  15.026  86.663
 159.862  14.098  86.073 158.736  11.957  87.298 154.126  12.585  87.897 153.641
  11.547  86.696 151.152  13.022  87.588 150.212  13.478  87.136 149.092  14.372
  87.249 149.833  12.242  87.005 147.816  13.881  86.918 148.987  11.328  86.437
 146.957  12.959  86.742 148.006  12.081  85.447 146.821  13.158  86.825 149.245
  15.805  86.582 150.388  16.105  86.622 148.325  16.748  87.147 147.536  16.527
  84.899 154.400  13.534  85.948 153.610  12.984  83.954 153.590  13.899  85.760
 152.270  13.106  83.564 152.459  14.052  84.484 151.736  13.676  85.195 156.385
  11.438  85.300 156.740  12.600  84.903 155.814  13.654  85.640 158.093  13.032
  84.946 156.495  14.788  85.526 158.700  14.367  85.127 157.593  15.146  85.784
 159.839  14.620  85.909 158.609  12.202  87.022 154.289  12.518  87.449 154.236
  11.280  86.622 151.199  12.772  87.716 150.426  13.136  87.390 149.296  14.024
  87.372 150.045  11.883  86.912 148.104  13.561  86.976 149.236  11.014  86.168
 147.360  12.675  86.649 148.257  11.789  85.157 147.440  12.785  87.424 149.252
  15.541  87.780 150.273  16.133  86.969 148.215  16.290  86.630 147.564  15.652
  85.481 154.192  13.956  86.201 153.281  13.126  84.757 153.520  14.805  85.991
 151.959  13.477  84.425 152.453  15.240  85.086 151.655  14.625  85.465 156.266
  11.665  85.589 156.621  12.841  85.474 155.650  13.991  85.731 158.019  13.151
  85.460 156.334  15.107  85.738 158.605  14.490  85.493 157.529  15.406  85.951
 159.816  14.654  85.755 158.586  12.312  87.020 153.825  12.159  87.832 153.110
  11.363  86.692 150.831  12.913  87.689 149.885  13.103  87.397 148.795  14.029
  87.141 149.579  11.903  86.785 147.642  13.580  86.663 148.828  11.041  86.501
 146.670  12.595  86.522 147.776  11.727  85.609 146.184  12.689  87.607 148.831
  15.497  88.482 149.648  15.863  87.254 147.749  16.285  86.865 147.101  15.673
  86.304 154.268  14.328  86.605 153.250  13.377  86.065 153.625  15.468  86.424
 151.875  13.834  85.892 152.556  16.002  86.068 151.633  15.235  85.935 156.024
  11.783  86.080 156.502  12.863  86.173 155.696  14.137  86.215 157.939  12.949
  86.318 156.612  15.124  86.477 158.703  14.128  86.497 157.735  15.219  86.535
 159.955  14.186  86.231 158.466  12.084  86.966 153.564  12.109  88.185 154.079
  11.851  86.599 150.736  13.044  87.211 149.526  12.965  86.834 148.452  13.936
  86.182 149.509  12.017  85.730 147.653  13.702  85.251 149.025  11.380  85.012
 146.813  12.774  85.083 147.970  12.018  84.049 146.557  12.993  87.570 148.196
  15.155  88.494 149.005  15.307  87.339 147.285  16.171  86.545 146.801  15.885
  85.915 154.130  14.239  86.246 153.222  13.271  85.559 153.482  15.358  86.075
 151.854  13.642  85.332 152.449  15.955  85.575 151.627  15.041  85.484 155.815
  11.775  85.720 156.344  12.811  85.850 155.576  14.081  85.975 157.787  12.892
  85.976 156.437  15.071  86.301 158.589  14.037  86.197 157.567  15.129  86.687
 159.693  14.025  85.815 158.264  12.013  86.783 153.532  12.008  88.048 153.938
  11.778  86.434 150.687  12.860  86.977 149.495  12.878  86.515 148.523  13.836
  86.151 149.492  11.793  85.527 147.634  13.467  85.291 149.021  11.070  84.232
 147.376  12.975  84.763 148.205  11.899  83.420 147.752  13.463  86.882 148.461
  15.237  87.889 149.029  15.543  86.306 147.649  16.154  85.607 147.171  15.674
  85.480 154.137  14.413  86.115 153.261  13.549  85.054 153.469  15.487  86.205
 151.929  14.012  85.033 152.450  16.127  85.652 151.702  15.356  85.144 155.815
  11.903  85.368 156.368  12.983  85.272 155.559  14.224  85.820 157.765  13.064
  85.601 156.374  15.164  86.286 158.424  14.215  86.056 157.482  15.321  86.696
 159.554  14.151  85.917 158.357  12.247  86.648 153.621  12.331  87.848 154.213
  12.376  86.786 150.890  13.207  87.319 149.667  13.172  86.666 148.441  13.649
  86.962 149.877  11.869  85.949 147.672  12.766  86.527 149.587  10.804  85.238
 147.434  11.524  85.908 148.551  11.095  84.228 147.526  11.634  86.461 148.130
  14.995  87.008 148.806  15.857  85.791 147.014  15.496  85.397 146.508  14.765
  85.693 154.069  14.142  86.264 153.163  13.173  85.401 153.364  15.263  86.245
 151.786  13.617  85.307 152.287  15.755  85.620 151.470  14.911  85.437 155.869
  11.666  85.584 156.343  12.750  85.521 155.459  14.042  85.882 157.757  12.895
  85.756 156.324  15.034  86.051 158.482  14.069  86.008 157.420  15.208  86.221
 159.752  14.146  86.081 158.323  12.079  86.786 153.646  11.992  87.910 153.132
  11.456  86.989 150.739  12.989  87.392 149.469  13.004  86.310 148.390  13.047
  87.559 149.877  11.706  85.875 147.790  11.875  87.469 149.699  10.525  85.994
 147.546  10.427  86.687 148.755  10.479  85.076 147.693  10.010  85.648 147.920
  14.246  86.047 148.365  15.308  84.621 146.979  14.303  84.199 146.953  13.427
  86.045 154.106  14.101  86.638 153.121  13.270  85.841 153.484  15.308  86.670
 151.780  13.751  85.727 152.432  15.929  86.209 151.548  15.182  86.088 155.767
  11.699  85.969 156.292  12.788  85.874 155.484  14.010  86.046 157.746  12.981
  85.739 156.321  15.007  85.915 158.551  14.185  85.739 157.514  15.182  86.124
 159.757  14.290  86.117 158.272  12.119  87.099 153.263  12.012  88.376 153.404
  11.831  87.180 150.633  13.007  87.380 149.269  13.028  86.222 148.383  12.701
  87.773 149.770  11.835  85.785 148.059  11.423  87.737 149.789  10.650  86.020
 147.996   9.996  86.898 148.990  10.243  85.137 148.332   9.613  85.522 147.564
  13.752  86.091 147.528  14.839  84.271 147.005  13.685  84.179 146.981  12.717
  85.916 154.086  13.978  86.547 153.200  13.076  85.838 153.490  15.161  86.778
 151.900  13.588  85.973 152.484  15.812  86.527 151.684  15.042  85.247 155.827
  11.537  85.486 156.288  12.642  85.638 155.498  13.888  85.744 157.752  12.719
  85.863 156.354  14.866  85.955 158.531  13.915  85.949 157.549  15.007  86.274
 159.716  13.924  85.707 158.164  11.794  86.975 153.441  11.733  88.250 153.827
  11.525  87.337 150.830  12.801  87.318 149.436  12.670  86.113 148.892  12.102
  87.970 150.022  11.629  85.943 148.656  10.760  88.146 150.139  10.430  86.485
 148.338   9.488  87.429 149.318   9.897  85.907 148.593   8.687  84.921 148.539
  12.940  84.995 148.642  14.192  83.713 148.276  12.436  83.845 147.888  11.554
  85.646 154.051  14.312  86.024 153.124  13.319  85.359 153.376  15.408  86.092
 151.785  13.745  85.254 152.275  15.899  85.626 151.410  15.075  84.749 155.873
  11.962  85.219 156.348  12.958  85.538 155.493  14.222  85.487 157.780  12.949
  86.039 156.386  15.095  86.119 158.569  14.025  86.352 157.531  15.156  86.337
 159.753  13.949  85.269 158.221  12.063  86.457 153.487  12.017  87.622 154.110
  12.072  86.676 150.746  12.944  87.057 149.446  12.815  86.377 148.745  11.680
  88.118 150.101  12.321  86.756 148.914  10.368  88.917 150.329  11.449  87.782
 149.071   9.409  88.456 149.754  10.533  87.560 149.789   8.720  85.227 147.815
  11.806  84.600 147.849  12.828  84.811 147.045  10.787  85.206 147.308   9.938
  85.220 154.306  14.275  85.831 153.504  13.321  84.680 153.516  15.212  85.707
 152.096  13.572  84.496 152.429  15.657  85.064 151.673  14.836  84.472 155.988
  11.981  84.922 156.514  12.974  85.155 155.716  14.224  85.183 157.908  13.029
  85.738 156.548  15.113  85.792 158.661  14.046  85.965 157.716  15.100  86.093
 159.868  14.045  84.924 158.484  12.237  86.465 153.999  12.286  87.719 153.717
  12.006  86.160 151.040  12.709  86.348 149.665  12.748  86.225 148.881  11.438
  87.576 150.275  12.615  87.221 148.817  10.524  88.683 150.449  12.178  88.466
 149.253   9.911  88.636 149.871  11.156  88.447 149.847   9.083  85.087 148.134
  11.044  84.062 148.177  11.713  84.961 147.445   9.913  85.863 147.384   9.555
  85.840 154.323  13.891  86.381 153.381  12.973  85.289 153.671  14.865  86.161
 152.045  13.269  85.068 152.593  15.401  85.491 151.821  14.557  85.285 156.031
  11.531  85.670 156.510  12.587  85.898 155.677  13.763  85.840 157.951  12.732
  86.352 156.506  14.727  86.177 158.712  13.874  86.429 157.691  14.893  86.179
 159.951  14.007  85.570 158.506  11.928  87.141 153.622  11.822  88.366 154.154
  11.885  86.669 150.930  12.471  86.845 149.586  12.395  86.654 148.680  11.198
  88.062 150.136  12.230  87.710 148.418  10.326  89.049 150.338  11.643  88.714
 148.853   9.472  88.973 149.651  10.622  88.398 149.373   8.654  85.287 148.154
  10.834  84.459 148.440  11.631  85.023 147.242   9.913  85.824 146.991   9.423
  86.083 154.488  13.801  86.668 153.626  12.891  85.647 153.769  14.843  86.672
 152.249  13.279  85.493 152.698  15.353  85.888 151.904  14.493  85.729 156.303
  11.467  85.943 156.732  12.596  85.907 155.882  13.766  86.129 158.174  12.795
  85.967 156.686  14.853  86.383 158.926  13.986  86.184 157.803  15.022  86.583
 160.104  14.084  86.135 158.674  11.914  87.190 154.072  11.711  88.494 154.102
  11.694  87.152 151.107  12.529  87.542 149.874  12.403  86.796 148.926  11.560
  88.346 150.597  11.577  87.226 148.603  10.284  88.924 150.757  10.551  88.228
 148.570   9.233  88.655 149.733   9.908  87.899 148.680   8.274  85.661 148.124
  12.031  85.131 148.284  13.185  84.979 147.157  11.325  85.399 146.985  10.465
  85.697 154.297  14.073  86.457 153.531  13.126  85.179 153.475  14.944  86.548
 152.128  13.464  85.175 152.409  15.407  85.805 151.658  14.625  84.818 156.027
  11.808  85.273 156.436  12.864  85.495 155.647  14.067  85.597 157.898  12.936
  85.878 156.432  15.017  86.101 158.648  14.059  86.184 157.590  15.047  86.368
 159.824  13.957  85.405 158.448  12.107  87.213 153.911  11.992  87.930 155.047
  12.029  87.287 151.209  12.736  87.473 149.924  12.486  86.403 149.025  12.026
  87.932 150.622  11.386  86.021 149.022  10.687  88.031 150.773  10.167  86.358
 148.959   9.318  87.247 149.976   9.700  85.591 149.228   8.702  85.744 148.091
  12.806  86.184 148.048  13.929  84.647 147.342  12.610  84.214 147.516  11.757
  85.698 153.870  14.271  86.375 153.017  13.395  85.386 153.171  15.317  86.523
 151.675  13.779  85.327 152.100  15.900  85.954 151.348  15.156  84.792 155.371
  11.926  85.251 155.937  12.868  85.510 155.283  14.146  85.455 157.432  12.831
  85.911 156.222  14.958  85.958 158.348  13.918  86.085 157.411  15.024  86.114
 159.556  13.869  85.235 157.877  11.948  86.877 153.546  12.212  88.105 154.054
  12.218  87.134 150.678  12.931  87.091 149.372  12.612  85.843 148.783  12.114
  87.582 150.054  11.503  85.474 148.764  10.792  87.582 150.380  10.315  85.693
 148.769   9.378  86.718 149.665   9.794  85.042 149.363   8.865  84.996 148.026
  13.036  85.335 147.717  14.165  83.719 147.599  12.737  83.479 148.026  11.897
  86.070 153.714  14.381  86.660 152.828  13.430  85.676 152.993  15.401  86.679
 151.462  13.796  85.748 151.967  15.953  86.253 151.149  15.172  85.215 155.451
  11.942  85.643 155.854  13.035  85.769 155.055  14.292  85.867 157.270  13.066
  86.010 155.951  15.244  86.252 158.071  14.227  86.219 157.103  15.386  86.516
 159.262  14.234  86.013 157.626  12.129  87.200 153.247  12.219  88.232 153.992
  12.251  87.106 150.433  12.899  86.847 149.130  12.428  85.462 148.733  12.160
  87.189 149.952  11.413  84.785 148.909  10.953  87.019 150.421  10.293  84.726
 149.312   9.626  85.951 149.872   9.961  84.010 149.973   9.324  84.700 147.968
  13.172  85.273 147.657  14.243  83.404 147.602  13.143  83.195 147.778  12.210
  86.766 153.545  14.020  87.219 152.567  13.093  86.352 152.903  15.118  87.273
 151.267  13.657  86.280 151.894  15.761  86.908 151.057  15.115  85.981 155.011
  11.530  86.181 155.631  12.601  86.462 154.915  13.860  86.197 157.068  12.640
  86.448 155.864  14.758  86.228 157.969  13.768  86.309 156.998  14.833  86.094
 159.172  13.858  86.167 157.495  11.721  87.542 152.827  11.770  88.661 153.399
  11.566  87.510 150.036  12.917  87.008 148.747  12.687  85.575 148.538  12.472
  87.320 149.310  11.473  84.913 148.449  11.259  87.273 149.546  10.287  85.001
 148.340   9.848  86.158 149.065  10.023  84.322 148.849   9.284  84.630 148.172
  13.535  85.098 148.179  14.658  83.268 148.031  13.445  83.032 148.240  12.525
  85.678 153.860  14.260  86.106 152.870  13.398  85.428 153.275  15.420  86.113
 151.555  13.936  85.532 152.263  16.113  85.736 151.379  15.370  84.907 155.456
  11.754  85.375 156.002  12.724  85.604 155.301  14.051  85.800 157.411  12.606
  86.170 156.204  14.796  86.363 158.273  13.670  86.394 157.365  14.838  86.775
 159.421  13.544  85.703 157.871  11.708  86.523 153.072  12.115  87.784 153.411
  11.856  86.486 150.403  13.138  86.757 149.034  13.057  85.609 148.183  12.633
  87.237 149.564  11.945  85.290 147.929  11.287  87.484 149.582  10.735  85.370
 148.210   9.853  86.504 148.931  10.299  84.646 148.812   9.460  84.688 147.563
  13.613  84.876 147.837  14.786  83.556 146.800  13.489  83.473 146.648  12.532
  85.774 154.248  13.917  86.060 153.269  12.932  85.636 153.661  15.104  86.202
 151.985  13.464  85.549 152.660  15.721  85.775 151.779  14.899  85.139 156.078
  11.564  85.506 156.518  12.634  85.654 155.617  13.861  85.731 157.980  12.765
  85.882 156.425  14.909  85.992 158.665  14.030  86.092 157.598  15.092  86.252
 159.851  14.072  85.682 158.532  11.916  86.246 153.568  11.578  87.531 153.747
  11.179  86.678 150.831  12.719  86.741 149.470  12.767  85.490 148.738  12.482
  87.191 149.901  11.578  85.061 148.381  11.196  87.261 149.928  10.332  85.192
 148.355   9.787  86.303 149.200  10.016  84.456 148.763   9.211  84.597 148.188
  13.503  84.655 148.624  14.557  83.512 147.436  13.305  83.541 147.067  12.406
  86.046 154.330  13.941  86.645 153.300  13.198  85.527 153.817  15.028  86.505
 152.016  13.771  85.230 152.857  15.663  85.716 151.932  15.031  85.761 155.916
  11.432  85.986 156.519  12.441  86.019 155.751  13.711  85.986 158.001  12.508
  85.915 156.654  14.655  85.968 158.790  13.636  85.912 157.820  14.749  85.946
 160.019  13.638  85.970 158.496  11.625  87.309 153.584  12.020  88.413 153.011
  11.711  86.900 150.747  13.203  86.461 149.484  12.899  85.101 149.178  12.253
  87.227 149.931  11.890  84.873 149.309  10.952  87.539 150.067  10.717  85.250
 149.302   9.593  86.478 149.758  10.102  84.860 150.078   9.059  84.006 148.710
  12.976  84.000 148.721  14.230  82.886 148.187  12.436  82.901 148.210  11.463
  85.666 154.290  13.823  86.224 153.308  12.944  85.224 153.596  14.863  86.042
 151.958  13.316  84.848 152.532  15.329  85.193 151.730  14.511  85.068 156.079
  11.541  85.515 156.599  12.513  85.724 155.714  13.674  85.836 158.025  12.595
  86.113 156.498  14.674  86.119 158.747  13.852  86.170 157.657  14.828  86.208
 159.948  14.004  85.687 158.621  11.789  86.963 153.621  11.770  87.970 154.443
  11.762  86.689 150.825  12.669  86.578 149.565  12.263  85.428 149.121  11.392
  87.401 150.191  11.430  85.441 149.114   9.977  87.880 150.367  10.325  85.914
 149.591   8.767  87.012 149.994   9.529  85.364 150.345   8.356  84.108 148.715
  11.999  84.082 148.686  13.219  82.968 148.514  11.330  83.148 148.630  10.382
  86.245 153.906  13.889  86.611 152.977  12.913  85.938 153.239  15.036  86.632
 151.632  13.319  85.800 152.113  15.483  86.259 151.352  14.662  85.210 155.695
  11.598  85.624 156.178  12.639  86.045 155.326  13.776  85.832 157.621  12.768
  86.372 156.141  14.737  86.106 158.356  13.976  86.501 157.253  14.900  86.052
 159.581  14.026  85.466 158.186  12.012  86.862 153.392  11.617  88.021 153.943
  11.410  87.129 150.532  12.548  86.844 149.302  12.002  85.505 148.913  11.421
  87.447 150.062  11.070  85.091 149.351  10.180  87.555 150.504   9.938  85.390
 149.574   8.797  86.532 150.118   9.358  84.795 150.229   8.291  84.560 147.994
  12.067  84.829 147.533  13.134  83.291 147.707  11.589  83.279 148.204  10.754
  85.350 154.097  13.726  86.067 153.366  12.776  85.019 153.291  14.789  86.067
 151.944  13.058  84.959 152.166  15.188  85.485 151.499  14.324  84.628 155.877
  11.407  85.062 156.340  12.453  85.140 155.510  13.647  85.510 157.729  12.573
  85.526 156.244  14.634  85.939 158.396  13.788  85.881 157.353  14.766  86.188
 159.533  13.845  85.586 158.225  11.693  86.583 153.865  11.581  87.760 154.425
  11.641  86.583 150.926  12.244  86.652 149.558  11.874  85.453 149.026  11.155
  87.331 150.188  10.897  85.372 148.975   9.777  87.643 150.471   9.711  86.092
 148.785   8.524  86.919 149.723   9.049  85.556 149.143   7.734  84.293 148.515
  11.845  84.333 148.565  13.040  83.104 147.941  11.448  82.972 148.101  10.498
  85.288 154.173  13.983  85.929 153.274  13.127  84.801 153.500  15.014  85.891
 151.941  13.550  84.613 152.419  15.458  85.140 151.578  14.753  84.783 155.814
  11.493  85.189 156.324  12.554  85.173 155.552  13.878  85.634 157.752  12.621
  85.542 156.378  14.802  85.998 158.486  13.782  85.840 157.548  14.849  86.106
 159.697  13.735  85.784 158.209  11.729  86.521 153.704  11.981  87.782 153.885
  11.916  86.566 150.839  12.858  86.625 149.563  12.320  85.684 149.060  11.260
  87.508 150.301  11.618  85.848 149.247   9.892  88.028 150.715  10.576  86.765
 149.163   8.808  87.452 150.100   9.659  86.291 149.529   7.983  84.399 148.390
  11.510  84.216 148.208  12.688  83.364 147.933  10.681  83.720 148.002   9.779
  85.095 153.766  14.001  85.661 152.942  12.990  84.898 152.971  15.099  85.762
 151.550  13.345  85.026 151.924  15.667  85.324 151.190  14.719  84.165 155.446
  11.710  84.601 155.935  12.751  84.761 155.117  13.929  84.960 157.346  12.734
  85.083 155.934  14.853  85.435 158.104  13.877  85.391 157.105  15.016  85.605
 159.386  13.803  84.814 157.841  11.863  85.937 153.540  11.784  87.149 153.681
  11.452  86.155 150.483  12.453  85.885 149.214  11.996  84.856 149.051  10.939
  87.092 149.552  11.420  85.222 148.958   9.632  87.759 149.743  10.439  86.051
 149.333   8.489  86.994 149.521   9.506  85.845 150.219   8.030  83.454 148.717
  11.165  82.979 148.723  12.288  82.637 148.266  10.112  83.194 148.301   9.315
  85.030 153.635  13.756  85.305 152.670  12.779  84.528 153.077  14.823  85.210
 151.340  13.305  84.319 152.068  15.467  84.622 151.162  14.644  84.568 155.486
  11.321  84.990 155.871  12.367  85.063 155.055  13.611  85.485 157.285  12.466
  85.610 155.886  14.497  85.956 158.026  13.606  85.881 156.976  14.632  86.315
 159.142  13.677  85.391 157.897  11.664  85.689 152.960  11.478  86.943 153.244
  11.263  85.479 150.183  12.534  85.199 148.925  12.160  84.225 148.712  11.100
  86.351 149.306  11.516  84.518 148.887   9.752  87.117 149.453  10.623  85.460
 148.697   8.676  86.407 149.244   9.687  85.200 149.226   7.845  82.797 148.402
  11.338  82.524 148.188  12.504  81.824 148.430  10.374  82.276 148.391   9.514
  85.180 153.830  13.491  85.539 152.910  12.488  84.654 153.190  14.482  85.227
 151.559  12.831  84.235 152.148  14.942  84.666 151.270  14.162  85.322 155.810
  11.051  85.532 156.144  12.208  85.361 155.259  13.404  85.940 157.512  12.408
  85.574 156.016  14.497  86.084 158.193  13.656  85.859 157.153  14.635  86.400
 159.353  13.836  86.125 158.012  11.546  86.117 153.177  11.336  87.414 152.889
  11.145  85.237 150.383  12.012  84.846 149.089  12.033  83.763 148.665  11.194
  85.936 149.088  11.177  83.948 148.160   9.934  86.547 148.851  10.205  84.613
 147.598   8.830  85.684 148.370   9.471  84.309 147.974   7.932  82.371 148.396
  11.644  82.056 148.790  12.746  81.366 147.786  10.865  81.747 147.526  10.009
  84.676 153.870  13.313  85.177 152.893  12.415  83.779 153.309  14.131  84.595
 151.633  12.552  83.100 152.306  14.364  83.472 151.443  13.549  85.088 155.791
  11.080  85.312 156.101  12.225  85.067 155.216  13.331  85.850 157.427  12.465
  85.287 155.889  14.432  85.978 158.082  13.711  85.721 156.973  14.691  86.496
 159.203  13.801  85.964 157.994  11.633  86.144 153.186  11.462  87.337 152.675
  11.655  84.870 150.523  11.665  84.708 149.221  11.500  83.458 148.572  10.857
  85.511 149.674  10.504  83.404 148.448   9.476  85.834 149.720   9.352  84.024
 148.176   8.220  85.023 148.974   8.821  83.629 148.602   7.382  82.283 148.122
  11.592  82.318 148.093  12.834  81.186 147.506  11.045  81.296 147.444  10.081
  84.650 154.091  13.176  84.992 153.009  12.295  83.636 153.706  13.925  84.244
 151.793  12.509  82.857 152.849  14.195  83.225 151.839  13.576  85.334 155.895
  10.927  85.598 156.290  12.054  85.276 155.374  13.176  86.033 157.681  12.418
  85.390 156.128  14.236  86.089 158.261  13.693  85.656 157.234  14.580  86.406
 159.388  13.950  86.416 158.186  11.627  85.930 153.148  11.268  87.156 153.308
  11.565  84.587 150.581  11.864  84.425 149.239  11.649  83.455 148.781  10.569
  85.482 149.622  10.921  83.706 148.705   9.252  86.182 149.665   9.916  84.642
 148.483   8.191  85.540 149.128   9.078  84.465 149.056   7.367  82.148 148.361
  10.865  81.782 148.632  11.984  81.339 147.651  10.077  81.691 147.690   9.172
  84.328 154.434  13.258  84.937 153.294  12.662  83.237 154.008  13.866  84.211
 152.089  12.749  82.514 153.117  14.095  83.061 152.095  13.658  85.511 156.083
  11.026  85.544 156.490  12.150  84.794 155.715  13.243  86.241 157.683  12.433
  84.963 156.331  14.375  86.299 158.272  13.750  85.524 157.298  14.695  86.747
 159.313  13.972  86.661 158.210  11.676  86.147 153.313  11.958  87.346 153.461
  12.534  84.745 150.876  12.240  84.651 149.576  11.900  83.764 149.102  10.832
  85.788 150.039  11.331  84.160 148.890   9.542  86.536 150.201  10.338  85.187
 148.812   8.603  85.946 149.596   9.488  84.998 149.414   7.802  82.314 148.714
  11.034  81.839 148.964  12.104  81.414 148.236  10.103  81.946 148.096   9.301
  84.662 154.214  13.390  84.994 153.092  12.628  83.687 153.900  14.251  84.177
 151.939  12.917  82.919 153.054  14.669  83.181 152.021  14.031  85.521 155.841
  10.944  85.641 156.335  12.088  85.246 155.543  13.262  86.118 157.690  12.334
  85.399 156.313  14.305  86.234 158.333  13.611  85.806 157.359  14.554  86.513
 159.511  13.723  86.409 158.264  11.552  85.875 153.147  11.547  87.161 152.774
  11.775  84.279 150.618  12.213  84.377 149.297  12.218  83.604 148.471  11.307
  85.374 149.825  11.499  83.991 148.171  10.032  86.153 149.816  10.533  85.005
 148.017   9.031  85.635 149.031   9.698  84.662 148.266   8.104  82.371 147.796
  11.707  81.738 148.239  12.661  81.814 146.706  11.101  82.463 146.304  10.500
  84.732 154.221  13.587  85.278 153.123  12.864  83.736 153.791  14.333  84.631
 151.897  13.081  82.993 152.810  14.565  83.507 151.835  14.001  85.413 155.935
  11.307  85.570 156.424  12.384  85.166 155.618  13.567  86.085 157.812  12.609
  85.347 156.386  14.593  86.236 158.443  13.894  85.710 157.474  14.837  86.649
 159.623  14.042  86.339 158.426  11.844  86.332 153.268  11.994  87.615 153.124
  12.380  85.048 150.674  12.394  84.851 149.329  12.221  83.848 148.838  11.291
  85.930 149.684  11.525  84.086 148.760   9.909  86.577 149.700  10.456  84.861
 148.639   8.755  85.716 149.220   9.631  84.570 149.205   7.958  82.649 148.177
  11.698  82.235 148.411  12.826  81.921 147.180  10.994  82.394 147.079  10.150
  84.736 154.643  13.264  85.257 153.605  12.526  83.695 154.164  13.961  84.572
 152.388  12.635  82.981 153.259  14.232  83.473 152.316  13.580  85.888 156.429
  11.177  85.885 156.852  12.302  85.221 156.004  13.331  86.519 158.112  12.707
  85.496 156.537  14.502  86.621 158.602  14.030  86.019 157.549  14.884  87.070
 159.683  14.285  86.837 158.647  11.907  86.293 153.665  11.668  87.555 153.741
  12.082  84.940 151.164  12.010  84.941 149.818  12.240  84.152 148.869  11.516
  85.961 150.174  11.442  84.648 148.193  10.424  86.747 150.020  10.492  85.408
 148.065   9.216  86.137 149.081   9.853  84.860 148.328   8.397  82.809 148.388
  11.886  82.307 148.879  12.861  82.173 147.319  11.277  82.673 147.144  10.461
  84.648 154.287  13.214  85.225 153.198  12.554  83.444 153.887  13.759  84.482
 151.995  12.654  82.676 152.994  13.852  83.290 151.963  13.485  85.470 156.079
  10.946  85.527 156.464  12.108  85.193 155.604  13.215  86.011 157.776  12.442
  85.307 156.286  14.345  86.122 158.383  13.711  85.639 157.357  14.652  86.618
 159.421  13.875  86.185 158.440  11.697  86.418 153.188  11.800  87.457 153.883
  12.093  84.837 150.854  11.950  84.930 149.517  11.926  84.041 148.772  10.955
  86.009 150.000  11.199  84.458 148.353   9.723  86.722 149.997  10.181  85.371
 148.374   8.625  86.106 149.235   9.456  84.929 148.814   7.818  82.628 148.575
  11.207  82.234 148.735  12.358  81.656 148.220  10.356  81.981 148.383   9.454
  84.608 153.822  12.751  85.265 152.828  11.966  83.492 153.368  13.197  84.589
 151.590  11.910  82.707 152.386  13.220  83.348 151.455  12.715  85.066 155.741
  10.547  85.352 156.038  11.692  85.005 155.184  12.830  85.829 157.447  12.024
  85.182 155.870  13.929  86.006 158.070  13.331  85.611 156.962  14.260  86.401
 159.255  13.564  86.205 158.022  11.280  86.393 153.167  11.304  87.551 152.620
  11.701  85.004 150.392  11.293  84.764 149.057  11.155  83.934 148.553  10.012
  86.002 149.313  10.607  84.460 148.388   8.757  86.808 149.320   9.717  85.486
 148.115   7.814  86.218 148.796   8.754  85.320 148.739   7.025  82.531 148.225
  10.201  82.025 148.544  11.298  81.684 147.561   9.289  82.144 147.371   8.453
  84.810 153.886  12.784  85.369 152.842  11.947  83.826 153.388  13.480  84.735
 151.554  12.120  83.214 152.462  13.842  83.693 151.505  13.165  85.696 155.760
  10.661  85.767 156.108  11.786  85.226 155.235  12.899  86.228 157.534  12.214
  85.263 155.971  13.980  86.082 158.149  13.464  85.581 157.082  14.315  86.470
 159.211  13.831  86.529 158.077  11.414  86.375 153.073  11.027  87.641 152.874
  11.470  85.072 150.396  11.393  85.028 149.039  11.252  84.162 148.307  10.252
  86.146 149.410  10.573  84.683 147.891   9.021  86.951 149.370   9.671  85.639
 147.832   8.009  86.363 148.677   8.872  85.317 148.264   7.143  82.799 147.878
  10.592  82.367 148.300  11.659  81.950 147.130   9.761  82.445 146.762   9.010
