#Frame       SA_00001
       1   21029.0982
       2   22080.0671
       3   22614.6967
       4   22663.3489
       5   23032.2937
       6   23648.2133
       7   23708.5646
       8   23963.2953
       9   23803.4170
      10   23914.2491
      11   23743.6809
      12   24085.3581
      13   24288.8658
      14   24116.0493
      15   24012.6615
      16   23875.2049
      17   24112.9699
      18   24220.3516
      19   24306.8353
      20   24259.3855
      21   24271.4319
      22   24113.6396
      23   23864.7048
      24   24070.9463
      25   24291.3876
      26   24081.8260
      27   23804.6172
      28   23886.8432
      29   24192.1306
      30   24102.1648
      31   24268.7289
      32   24028.4416
      33   24248.1116
      34   24487.8482
      35   24583.8031
      36   24689.7785
      37   24456.6522
      38   23915.0394
      39   23997.3062
      40   23817.8276
      41   23680.8335
      42   23755.5199
      43   24013.8365
      44   24090.2361
      45   23938.4668
      46   24052.0692
      47   24138.1281
      48   24220.4432
      49   24096.7348
      50   23845.6659
