Cpptraj Generated trajectory                                                    
  84.443 153.964  14.104  85.099 152.928  13.408  83.434 153.478  14.847  84.616
 151.695  13.732  82.957 152.121  15.113  83.745 151.156  14.319  85.048 155.601
  11.652  84.945 156.135  12.760  84.691 155.311  13.964  85.094 157.584  12.929
  84.724 156.117  14.974  85.036 158.320  14.163  84.790 157.237  15.214  85.261
 159.524  14.190  85.180 158.217  12.143  86.110 153.128  12.474  86.728 152.087
  11.937  82.171 151.770  16.252  81.216 150.956  16.789  81.391 149.501  16.483
  82.178 151.236  17.752  82.338 148.736  17.205  82.998 150.991  18.613  83.066
 148.337  18.375  83.028 149.773  18.510  84.038 148.053  18.259  80.556 148.793
  15.554  80.810 147.611  15.316  79.463 149.346  14.952  79.388 150.256  15.287
  84.715 154.063  13.739  85.362 153.329  12.693  84.133 153.270  14.597  85.034
 151.973  12.696  83.804 151.874  14.615  84.400 151.236  13.432  84.627 156.152
  11.580  84.765 156.438  12.732  84.816 155.483  13.830  85.110 157.843  13.079
  84.880 156.191  14.973  85.168 158.460  14.359  85.015 157.350  15.276  85.354
 159.657  14.446  85.232 158.462  12.286  86.180 153.849  11.713  86.970 153.043
  10.947  83.239 151.227  15.735  82.153 150.692  16.263  81.881 149.271  16.209
  83.041 150.947  17.319  82.165 148.496  17.284  83.501 150.683  18.410  82.984
 148.069  18.393  83.306 149.448  18.444  83.801 147.537  18.095  81.142 148.588
  15.102  81.144 147.329  15.077  80.550 149.277  14.034  80.707 150.228  14.169
  85.336 154.419  13.842  86.063 153.643  12.891  84.732 153.596  14.691  85.921
 152.316  12.942  84.571 152.102  14.776  85.373 151.500  13.715  85.047 156.280
  11.638  85.243 156.702  12.748  85.230 155.773  13.881  85.357 158.143  12.922
  85.193 156.574  14.945  85.484 158.845  14.170  85.300 157.730  15.168  85.648
 160.033  14.351  85.334 158.637  12.038  86.791 154.268  11.900  86.938 153.734
  10.652  83.638 151.424  15.647  82.338 151.143  15.829  81.861 149.740  15.670
  82.864 151.232  17.078  81.730 148.899  16.807  83.090 150.791  18.183  82.006
 148.422  18.097  82.614 149.660  18.241  82.637 147.629  18.203  81.586 149.135
  14.399  81.408 147.884  14.361  81.635 149.769  13.173  81.870 150.702  13.315
  85.134 154.794  13.552  85.742 153.994  12.571  84.447 154.052  14.410  85.655
 152.647  12.775  84.292 152.637  14.573  85.074 151.912  13.546  84.706 156.533
  11.341  85.072 157.009  12.409  85.078 156.167  13.595  85.359 158.457  12.607
  85.145 156.963  14.694  85.505 159.191  13.895  85.310 158.123  14.844  85.777
 160.348  14.062  85.437 159.040  11.782  86.440 154.546  11.513  86.874 153.795
  10.479  83.609 152.024  15.653  82.411 151.427  16.031  82.200 149.985  15.890
  83.121 151.608  17.182  82.558 149.072  16.891  83.517 151.239  18.265  83.075
 148.632  18.131  83.325 150.000  18.296  83.925 148.081  18.019  81.452 149.459
  14.702  81.039 148.287  14.761  80.965 150.238  13.697  81.202 151.163  13.879
  84.996 154.470  13.514  85.608 153.714  12.528  84.348 153.693  14.450  85.364
 152.383  12.696  84.082 152.279  14.574  84.795 151.628  13.493  84.504 156.454
  11.328  85.005 156.789  12.344  85.069 155.921  13.545  85.446 158.138  12.490
  85.227 156.731  14.597  85.662 158.867  13.671  85.493 157.874  14.705  86.080
 160.005  13.754  85.420 158.700  11.648  86.541 154.344  11.671  87.028 153.766
  10.565  83.369 151.615  15.635  82.365 150.774  16.014  82.658 149.326  15.859
  82.996 151.210  17.114  83.291 148.639  16.869  83.458 151.071  18.244  83.604
 148.477  18.225  83.561 149.855  18.270  84.530 148.109  18.443  82.295 148.494
  14.673  82.438 147.281  14.697  81.827 149.061  13.498  81.975 150.019  13.573
  85.315 154.242  13.169  85.906 153.363  12.293  84.597 153.576  14.115  85.540
 152.056  12.477  84.437 152.124  14.347  84.946 151.335  13.251  85.516 156.150
  10.899  85.554 156.509  12.052  85.348 155.636  13.209  85.682 157.953  12.370
  85.186 156.396  14.298  85.647 158.640  13.646  85.248 157.553  14.526  85.864
 159.812  13.859  85.849 158.584  11.595  86.622 153.742  11.213  87.918 153.366
  11.092  83.851 151.505  15.472  82.940 150.565  15.806  83.305 149.138  16.010
  83.255 151.151  16.966  83.874 148.642  17.187  83.562 151.215  18.140  84.252
 148.690  18.538  83.897 150.032  18.357  85.251 148.522  18.657  83.433 148.185
  14.898  83.787 147.018  15.110  83.108 148.466  13.615  82.852 149.403  13.566
  85.538 154.010  13.811  86.172 153.189  12.845  84.847 153.305  14.721  85.860
 151.880  12.982  84.568 151.887  14.827  85.203 151.151  13.672  84.688 155.677
  11.585  85.247 156.185  12.578  85.659 155.363  13.760  85.298 157.646  12.827
  85.886 156.110  14.814  85.678 158.361  14.044  85.920 157.280  15.015  85.690
 159.585  14.130  84.907 158.276  12.136  86.947 153.718  11.870  87.866 152.952
  11.311  83.806 151.283  15.829  82.835 150.413  16.135  83.144 149.001  16.508
  83.177 151.084  17.290  83.352 148.509  17.838  83.451 151.253  18.443  83.988
 148.718  19.111  83.682 150.087  18.797  84.971 148.486  18.970  83.147 147.987
  15.504  83.223 146.830  15.838  83.000 148.174  14.184  83.002 149.130  14.005
  85.311 154.340  14.268  86.126 153.554  13.383  84.738 153.527  15.141  86.059
 152.226  13.626  84.733 152.112  15.434  85.518 151.398  14.423  84.763 155.970
  11.849  85.034 156.502  12.946  85.015 155.726  14.146  85.336 157.919  12.991
  85.168 156.515  15.188  85.582 158.643  14.240  85.485 157.634  15.317  85.806
 159.854  14.253  85.425 158.446  12.131  86.897 154.180  12.386  87.787 153.569
  11.695  84.004 151.529  16.514  82.874 150.839  16.678  82.826 149.393  16.966
  83.198 151.475  17.844  82.826 148.972  18.274  83.239 151.499  19.090  82.327
 149.087  19.519  82.880 150.371  19.361  82.785 148.466  20.185  82.838 148.395
  15.992  82.742 147.248  16.305  82.824 148.694  14.630  82.837 149.651  14.458
  85.936 154.511  14.042  86.622 153.661  13.058  85.276 153.723  14.919  86.350
 152.384  13.259  85.137 152.312  15.067  85.831 151.604  13.996  85.898 156.284
  11.772  85.977 156.727  12.904  85.830 155.953  14.061  86.199 158.198  13.076
  85.734 156.776  15.136  86.125 158.919  14.307  85.890 157.905  15.326  86.349
 160.103  14.382  86.179 158.689  12.191  87.579 154.153  12.281  88.411 153.377
  11.674  84.217 151.838  16.004  82.945 151.308  16.199  82.885 149.882  16.556
  83.195 152.065  17.243  83.035 149.474  17.896  83.309 152.219  18.457  83.435
 149.754  19.267  83.328 151.055  18.880  84.414 149.576  19.488  82.675 148.775
  15.640  82.946 147.597  15.864  82.126 149.034  14.428  81.986 149.997  14.444
  85.587 154.146  13.929  86.296 153.442  12.915  85.147 153.283  14.810  86.218
 152.051  13.049  85.079 151.841  14.935  85.744 151.249  13.768  85.013 156.166
  11.692  85.285 156.507  12.866  85.475 155.556  13.991  85.552 157.910  13.162
  85.461 156.228  15.100  85.632 158.481  14.461  85.502 157.386  15.405  85.672
 159.688  14.678  85.566 158.542  12.371  86.968 154.092  11.862  88.188 153.831
  11.570  84.346 151.055  15.851  83.050 150.768  16.175  82.735 149.404  16.431
  83.602 151.249  17.300  82.444 148.998  17.711  83.735 151.347  18.537  83.036
 148.843  19.010  83.369 150.173  18.840  83.784 148.158  18.905  82.666 148.450
  15.294  82.183 147.343  15.423  82.856 148.833  13.989  83.096 149.774  13.934
  84.853 154.332  14.151  85.846 153.486  13.500  83.984 153.563  14.787  85.712
 152.149  13.717  83.798 152.173  15.004  84.868 151.450  14.313  84.622 155.830
  11.722  84.926 156.428  12.773  84.724 155.733  14.063  85.496 157.790  12.796
  84.862 156.627  15.006  85.822 158.595  13.955  85.283 157.738  15.060  86.315
 159.738  14.052  85.788 158.191  11.912  86.912 154.041  12.815  87.486 153.307
  11.908  82.859 151.536  15.837  81.965 150.556  16.013  82.387 149.189  15.873
  82.282 151.009  17.205  83.051 148.571  16.910  82.607 150.827  18.449  83.207
 148.277  18.254  83.002 149.647  18.415  84.135 147.899  18.441  82.066 148.351
  14.760  82.614 147.220  14.617  81.341 148.723  13.710  81.012 149.613  13.923
  85.195 154.131  13.924  85.660 153.098  13.104  84.203 153.735  14.712  85.017
 151.919  13.245  83.590 152.416  14.975  84.153 151.444  14.011  86.013 156.024
  11.740  85.974 156.360  12.892  85.725 155.399  14.024  86.116 157.736  13.237
  85.602 156.166  15.100  86.030 158.376  14.448  85.787 157.280  15.389  86.012
 159.545  14.502  86.118 158.249  12.364  86.766 153.376  12.313  87.701 152.452
  12.249  82.638 152.154  16.046  81.957 151.286  16.851  82.157 149.865  16.740
  82.967 151.771  17.583  83.082 149.209  17.553  83.839 151.658  18.443  84.187
 149.093  18.427  84.043 150.448  18.499  85.051 148.678  18.081  81.501 149.055
  15.708  81.710 147.889  15.661  80.647 149.515  14.776  80.342 150.425  14.930
  85.412 154.298  14.198  85.897 153.347  13.235  84.604 153.624  15.109  85.485
 152.041  13.454  84.184 152.283  15.317  84.751 151.466  14.212  85.284 156.075
  11.803  85.545 156.509  12.886  85.681 155.677  14.106  85.575 157.998  13.115
  85.782 156.515  15.145  85.898 158.648  14.348  85.920 157.669  15.366  86.018
 159.869  14.563  85.388 158.567  12.298  86.621 153.713  12.120  87.784 153.081
  11.919  83.482 151.678  16.483  82.335 151.128  17.012  82.276 149.709  17.283
  83.107 151.644  18.011  82.626 149.095  18.509  83.548 151.623  19.120  83.458
 149.065  19.573  83.524 150.426  19.419  84.320 148.633  19.243  81.904 148.831
  16.231  81.720 147.645  16.413  81.810 149.234  14.918  82.097 150.163  14.882
  85.523 154.328  14.142  86.269 153.524  13.315  84.924 153.588  15.075  86.307
 152.217  13.619  84.938 152.179  15.419  85.821 151.487  14.459  85.120 156.146
  11.659  85.352 156.626  12.787  85.454 155.768  14.043  85.658 158.013  12.944
  85.714 156.569  15.042  86.033 158.744  14.103  85.929 157.762  15.152  86.346
 159.946  14.149  85.507 158.620  12.147  86.758 154.058  12.175  87.625 153.445
  11.402  84.107 151.448  16.324  82.871 150.956  16.557  82.795 149.567  17.011
  83.193 151.673  17.712  83.053 149.080  18.240  83.481 151.734  18.857  83.590
 149.218  19.537  83.518 150.584  19.248  84.545 148.914  19.727  82.546 148.489
  16.071  82.166 147.393  16.385  82.801 148.555  14.744  83.137 149.410  14.425
  85.581 154.312  13.584  86.137 153.416  12.614  84.905 153.600  14.515  85.989
 152.093  12.852  84.717 152.205  14.743  85.411 151.335  13.685  85.277 156.269
  11.379  85.497 156.671  12.515  85.537 155.732  13.671  85.754 158.099  12.765
  85.753 156.474  14.756  86.105 158.741  14.018  85.989 157.592  15.046  86.354
 159.901  14.036  85.757 158.698  11.948  86.760 153.874  11.505  87.886 153.175
  11.111  83.895 151.641  15.859  82.924 150.850  16.340  83.104 149.440  16.579
  83.517 151.556  17.436  83.782 148.982  17.706  83.926 151.612  18.540  84.194
 149.078  19.108  84.106 150.452  18.820  85.160 148.766  19.206  82.542 148.390
  15.699  82.401 147.284  16.179  81.963 148.556  14.478  82.242 149.476  14.329
  85.516 154.427  13.944  86.221 153.706  12.971  85.051 153.563  14.875  86.129
 152.361  13.061  84.976 152.182  14.964  85.639 151.560  13.807  85.067 156.356
  11.705  85.318 156.774  12.823  85.292 155.842  13.984  85.494 158.181  13.123
  85.322 156.611  15.026  85.560 158.902  14.404  85.434 157.760  15.310  85.798
 160.074  14.554  85.623 158.649  12.233  86.858 154.362  11.958  87.379 153.690
  10.911  84.253 151.495  15.960  83.127 150.733  16.316  83.289 149.311  16.666
  83.507 151.419  17.454  83.420 148.831  17.930  83.716 151.479  18.623  84.052
 148.882  19.230  83.892 150.309  18.979  85.011 148.542  19.165  83.412 148.374
  15.620  83.428 147.186  15.875  83.507 148.665  14.308  83.573 149.618  14.129
  85.787 154.024  14.021  86.580 153.130  13.215  85.005 153.440  14.941  86.327
 151.864  13.605  84.845 152.051  15.221  85.682 151.258  14.436  85.822 155.672
  11.635  85.819 156.235  12.724  85.740 155.457  13.983  85.914 157.602  12.863
  85.745 156.235  15.013  85.888 158.423  14.085  85.763 157.445  15.152  85.860
 159.666  14.069  85.968 158.101  11.983  87.514 153.479  12.241  87.813 152.582
  11.272  83.924 151.511  16.152  83.076 150.494  16.465  83.464 149.180  16.986
  83.088 151.379  17.518  83.499 148.844  18.336  83.182 151.564  18.719  83.747
 149.146  19.748  83.436 150.483  19.234  84.737 148.979  19.922  83.649 148.063
  16.109  84.210 147.012  16.465  83.530 148.176  14.734  83.363 149.123  14.589
  85.990 153.989  14.224  86.761 153.116  13.423  85.297 153.258  15.105  86.433
 151.774  13.593  84.944 151.843  15.297  85.687 151.085  14.283  85.567 155.638
  11.798  85.767 156.170  12.871  85.809 155.335  14.155  85.940 157.564  13.005
  86.204 156.168  15.111  86.313 158.271  14.190  86.432 157.270  15.226  86.301
 159.530  14.330  85.913 158.096  12.143  87.682 153.616  12.594  88.408 152.787
  11.767  84.073 151.346  16.266  83.107 150.473  16.577  83.592 149.137  16.842
  83.279 151.285  17.701  83.962 148.792  18.149  83.469 151.399  18.910  84.718
 149.116  19.341  83.976 150.290  19.161  85.690 149.260  19.071  83.689 148.168
  15.812  84.019 146.998  16.108  83.244 148.389  14.507  83.142 149.356  14.492
  85.465 153.879  14.161  86.101 152.973  13.208  84.789 153.158  15.202  85.692
 151.706  13.423  84.566 151.801  15.362  85.112 150.997  14.242  85.269 155.732
  11.940  85.543 156.200  13.047  85.597 155.257  14.201  85.804 157.588  13.320
  85.894 155.999  15.311  86.228 158.223  14.525  86.202 157.137  15.491  86.525
 159.368  14.634  85.558 158.137  12.505  87.022 153.400  12.253  87.885 152.566
  11.669  83.882 151.289  16.353  83.023 150.298  16.738  83.480 148.904  16.688
  83.486 150.859  17.945  84.050 148.322  17.828  84.112 150.828  19.007  84.960
 148.356  19.000  84.427 149.638  19.069  85.901 148.355  18.606  83.293 148.052
  15.539  83.569 146.868  15.596  82.905 148.511  14.335  82.621 149.439  14.400
  85.506 153.999  14.306  86.406 153.275  13.447  84.861 153.167  15.158  86.347
 151.944  13.639  84.889 151.788  15.388  85.849 151.178  14.461  84.897 155.502
  11.874  85.212 156.124  12.853  85.264 155.389  14.117  85.485 157.491  12.873
  85.646 156.161  15.039  86.040 158.234  13.966  85.998 157.300  15.132  86.512
 159.391  13.875  85.456 158.060  12.035  87.138 153.897  12.465  87.857 153.094
  11.625  84.205 151.175  16.442  83.531 150.098  16.886  83.834 148.685  16.544
  84.406 150.399  17.860  84.818 147.917  17.142  85.343 150.168  18.647  85.639
 147.614  18.263  85.538 148.990  18.467  86.565 147.274  18.005  83.149 147.982
  15.571  83.310 146.791  15.295  82.188 148.531  14.775  82.028 149.453  15.040
  85.855 153.872  13.950  86.416 153.095  12.889  85.477 153.120  14.945  86.336
 151.793  13.094  85.463 151.709  15.138  86.007 150.985  13.948  85.726 155.965
  11.677  85.780 156.251  12.844  85.747 155.244  14.009  85.839 157.674  13.152
  85.751 155.991  15.083  85.915 158.256  14.441  85.844 157.093  15.381  86.245
 159.451  14.674  85.959 158.355  12.411  87.045 153.621  11.800  87.878 152.964
  10.972  84.871 151.100  16.349  83.958 150.330  16.885  83.602 149.020  16.286
  85.141 150.157  17.575  84.100 147.840  16.839  86.092 149.469  18.006  85.164
 147.040  17.383  85.700 148.301  17.703  85.714 146.523  16.697  82.688 148.891
  15.172  82.392 147.810  14.689  82.172 150.006  14.527  82.597 150.769  14.957
  85.868 154.062  13.823  86.561 153.248  12.919  85.294 153.353  14.820  86.539
 151.905  13.325  85.239 151.991  15.267  86.048 151.200  14.205  85.621 155.842
  11.403  85.673 156.357  12.498  85.727 155.524  13.716  85.753 157.837  12.690
  85.884 156.321  14.712  85.819 158.611  13.962  85.902 157.492  14.956  86.008
 159.771  14.038  85.685 158.355  11.821  87.268 153.684  11.754  88.160 152.918
  11.131  84.837 151.547  16.562  84.061 150.646  17.247  83.644 149.350  16.668
  85.404 150.484  17.682  84.439 148.258  16.698  86.390 149.847  18.030  85.409
 147.487  17.476  85.996 148.677  17.800  86.042 147.034  16.817  82.323 149.180
  15.986  82.100 148.092  15.524  81.382 150.238  15.914  81.832 150.999  16.319
  85.830 154.447  13.677  86.404 153.546  12.751  85.414 153.755  14.743  86.202
 152.257  12.999  85.216 152.381  15.000  85.711 151.567  13.847  85.526 156.307
  11.303  85.557 156.723  12.439  85.661 155.858  13.656  85.564 158.141  12.679
  85.709 156.651  14.690  85.575 158.903  13.905  85.683 157.827  14.915  85.591
 160.148  13.917  85.552 158.619  11.785  87.144 153.965  11.653  87.862 153.210
  10.834  85.075 151.748  16.223  84.248 150.975  16.941  83.721 149.699  16.471
  85.478 150.717  17.340  84.212 148.462  16.854  86.360 149.927  17.727  85.290
 147.635  17.039  85.922 148.815  17.472  85.622 147.207  16.176  82.729 149.742
  15.411  82.300 148.720  14.841  82.050 150.953  15.141  82.493 151.668  15.629
  85.583 154.161  13.845  86.253 153.329  12.898  85.109 153.415  14.878  86.246
 152.031  13.257  85.055 152.000  15.152  85.862 151.322  14.193  84.466 156.109
  11.715  85.025 156.483  12.741  85.362 155.548  13.915  85.225 157.935  12.937
  85.776 156.328  14.886  85.846 158.609  14.020  86.067 157.463  15.022  86.099
 159.788  14.066  84.988 158.501  12.130  86.924 153.748  11.739  87.559 154.849
  11.766  84.244 151.453  16.175  83.467 150.345  16.526  83.613 149.106  15.909
  84.251 150.468  17.579  84.565 148.209  16.382  84.964 150.035  18.468  85.080
 147.500  17.503  85.095 148.891  18.056  85.981 147.087  17.266  82.702 148.604
  14.836  82.828 147.434  14.499  81.698 149.352  14.259  81.762 150.196  14.738
  85.017 154.009  13.904  85.371 153.124  12.898  84.105 153.459  14.693  84.797
 151.906  12.960  83.554 152.170  14.742  84.005 151.304  13.649  85.168 155.858
  11.552  85.375 156.260  12.635  85.270 155.420  13.847  85.713 157.625  12.836
  85.626 156.131  14.883  86.018 158.300  14.066  85.931 157.255  15.076  86.069
 159.504  14.286  85.611 158.240  12.037  86.209 153.417  11.915  87.418 153.496
  12.206  82.782 151.713  15.828  82.300 150.624  16.545  82.987 149.382  16.221
  83.160 151.302  17.449  84.059 148.983  17.040  84.065 151.456  18.204  85.243
 149.158  17.796  84.579 150.327  18.013  86.010 149.185  17.125  82.613 148.380
  15.227  83.138 147.298  15.148  81.800 148.656  14.177  81.395 149.517  14.378
  85.390 154.408  13.694  86.099 153.551  12.832  84.487 153.650  14.424  85.762
 152.248  12.809  84.157 152.250  14.510  84.988 151.546  13.474  85.240 156.253
  11.401  85.567 156.659  12.519  85.567 155.801  13.668  85.826 158.084  12.662
  85.829 156.570  14.745  86.008 158.772  13.896  86.002 157.726  14.922  86.008
 159.999  14.019  85.811 158.621  11.803  87.186 153.961  12.122  87.698 153.232
  11.172  83.288 151.556  15.401  82.740 150.414  15.856  83.519 149.165  15.869
  83.115 151.094  16.948  84.464 148.867  16.828  83.684 151.240  18.040  85.465
 149.227  17.714  84.552 150.370  17.983  86.249 149.427  17.095  83.279 148.102
  14.934  84.139 147.233  14.809  82.213 148.083  14.034  81.541 148.712  14.351
  85.558 154.582  13.563  86.385 153.734  12.715  84.806 153.818  14.419  86.108
 152.433  12.923  84.650 152.414  14.619  85.500 151.705  13.630  85.422 156.483
  11.408  85.709 156.897  12.522  85.628 155.953  13.668  86.048 158.317  12.817
  85.747 156.705  14.779  86.219 158.908  14.085  86.025 157.786  15.025  86.410
 160.071  14.291  85.872 158.968  12.061  87.320 154.196  11.740  88.262 153.411
  11.312  83.912 151.745  15.560  83.072 150.660  15.721  83.691 149.274  15.847
  83.174 151.255  16.964  84.088 148.734  17.057  83.428 151.181  18.164  84.441
 148.813  18.485  83.822 150.000  18.290  85.437 148.837  18.699  83.848 148.522
  14.690  84.479 147.436  14.688  83.469 148.949  13.450  83.219 149.888  13.433
  85.091 154.394  13.835  85.991 153.623  13.051  84.272 153.624  14.576  85.779
 152.302  13.168  84.142 152.188  14.727  85.030 151.528  13.740  84.925 156.369
  11.490  85.192 156.648  12.642  84.944 155.799  13.869  85.772 157.986  12.837
  85.404 156.496  14.878  86.130 158.646  14.109  85.946 157.545  15.055  86.407
 159.838  14.187  85.903 158.485  11.964  86.965 154.189  12.309  87.897 153.466
  11.675  83.360 151.568  15.697  82.451 150.671  16.030  82.884 149.263  16.548
  82.539 151.505  17.116  83.152 149.044  17.872  82.581 151.703  18.337  82.864
 149.245  19.237  82.764 150.573  18.804  83.609 149.104  19.918  83.007 148.143
  15.670  83.804 147.271  15.971  82.280 147.897  14.474  81.726 148.678  14.303
  85.258 153.707  13.646  85.820 152.791  12.811  84.551 153.129  14.640  85.543
 151.474  13.145  84.192 151.725  14.858  84.852 150.829  13.910  85.093 155.462
  11.440  85.405 155.949  12.488  85.465 155.102  13.649  85.711 157.420  12.678
  85.750 155.850  14.665  86.057 158.113  13.938  85.989 157.011  14.882  86.337
 159.263  14.023  85.760 157.968  11.827  86.721 153.249  11.888  87.798 152.466
  11.528  83.306 151.307  15.902  82.153 150.744  16.201  82.204 149.328  16.755
  82.630 151.522  17.219  82.512 149.048  18.085  82.835 151.785  18.388  82.371
 149.432  19.488  82.696 150.711  18.963  83.180 149.170  20.051  82.016 148.154
  15.864  82.055 146.997  16.290  81.817 148.241  14.485  81.426 149.128  14.405
  85.480 153.459  13.780  85.962 152.431  12.873  84.683 152.845  14.772  85.548
 151.167  13.119  84.320 151.479  14.981  84.935 150.556  13.946  85.613 155.401
  11.474  85.780 155.762  12.627  85.638 154.870  13.790  86.065 157.154  12.874
  85.704 155.609  14.881  86.186 157.906  14.118  85.885 156.762  15.100  86.412
 159.115  14.150  86.548 157.563  12.083  86.763 152.703  11.724  87.204 151.812
  10.870  83.705 151.107  16.229  82.508 150.777  16.694  82.154 149.381  16.958
  83.239 151.179  17.735  82.324 148.832  18.170  83.715 151.111  18.853  82.976
 148.722  19.449  83.358 150.030  19.218  83.723 148.029  19.424  81.755 148.361
  15.921  81.298 147.320  16.324  81.613 148.641  14.628  82.054 149.499  14.503
  85.306 153.650  13.650  86.017 152.821  12.744  84.580 152.973  14.548  85.798
 151.479  13.037  84.383 151.576  14.786  85.128 150.822  13.841  85.284 155.300
  11.329  85.496 155.818  12.405  85.299 154.979  13.626  85.868 157.274  12.502
  85.514 155.791  14.619  85.957 157.955  13.755  85.690 156.904  14.764  86.181
 159.128  13.897  86.225 157.765  11.691  86.978 153.256  11.792  87.568 152.344
  10.983  83.566 151.030  15.881  82.242 150.873  16.338  81.611 149.554  16.751
  82.906 151.331  17.383  81.788 149.115  18.045  83.327 151.253  18.522  82.550
 148.885  19.184  82.855 150.193  18.930  83.345 148.268  19.023  80.723 148.797
  15.907  80.128 147.812  16.359  80.583 149.050  14.591  80.898 149.952  14.412
  84.825 154.002  13.813  85.568 153.109  13.022  84.034 153.357  14.645  85.085
 151.805  13.095  83.710 151.932  14.781  84.370 151.118  13.781  84.917 155.866
  11.438  85.146 156.285  12.522  84.972 155.467  13.759  85.722 157.625  12.705
  85.342 156.247  14.746  86.044 158.338  13.927  85.624 157.372  14.935  86.572
 159.431  13.966  85.781 158.217  11.885  86.580 153.570  12.223  87.339 152.771
  11.460  82.809 151.559  15.839  81.696 151.692  16.566  80.906 150.482  16.858
  82.691 151.781  17.443  81.052 149.850  18.037  83.166 151.501  18.550  81.881
 149.206  18.989  82.593 150.436  18.855  82.304 148.341  18.656  79.842 149.936
  15.968  79.074 149.106  16.479  79.484 150.396  14.779  80.263 150.922  14.531
  85.258 154.098  14.043  85.870 153.043  13.214  84.511 153.530  15.017  85.516
 151.802  13.571  84.209 152.227  15.432  84.836 151.267  14.443  85.309 155.606
  11.465  85.438 156.239  12.526  85.401 155.509  13.856  85.562 157.747  12.588
  85.511 156.365  14.833  85.696 158.524  13.852  85.763 157.532  14.951  85.805
 159.731  13.889  85.457 158.243  11.710  86.648 153.351  12.112  87.804 152.688
  11.911  83.360 151.910  16.494  82.093 151.966  17.008  81.180 150.792  16.824
  82.908 151.662  18.032  80.937 149.900  17.885  83.164 151.031  19.053  81.457
 149.003  18.899  82.360 150.091  19.043  81.899 148.128  18.618  80.285 150.622
  15.630  79.287 149.903  15.720  80.383 151.381  14.508  81.247 151.828  14.514
  85.752 154.346  14.618  86.559 153.286  14.118  85.034 153.867  15.648  86.429
 152.124  14.762  84.911 152.566  16.284  85.868 151.566  15.678  85.952 155.571
  11.961  85.896 156.265  12.941  85.673 155.704  14.264  86.004 157.755  12.799
  85.507 156.716  15.110  85.792 158.669  13.852  85.487 157.875  15.050  85.789
 159.897  13.707  86.287 158.065  11.877  87.419 153.368  13.088  87.669 152.407
  12.246  84.015 152.317  17.361  82.688 152.480  17.626  81.740 151.605  16.933
  83.232 151.832  18.673  81.247 150.487  17.578  83.179 150.932  19.522  81.371
 149.374  18.402  82.374 150.106  19.057  81.816 148.573  17.953  81.102 151.905
  15.665  80.124 151.277  15.304  81.547 152.893  14.853  82.197 153.425  15.342
  85.881 154.068  14.357  86.383 152.982  13.509  85.328 153.576  15.433  86.094
 151.735  13.983  84.932 152.281  15.843  85.573 151.230  14.973  85.320 155.438
  11.814  85.678 156.102  12.741  86.063 155.467  13.984  85.741 157.487  12.639
  86.245 156.372  14.874  85.900 158.430  13.742  86.144 157.524  14.918  85.744
 159.641  13.713  85.619 157.946  11.744  87.103 153.187  12.372  87.575 152.166
  11.667  83.884 152.030  16.729  82.559 152.231  16.960  81.497 151.388  16.323
  83.043 151.538  18.007  80.977 150.261  16.947  83.012 150.626  18.802  80.860
 149.410  18.023  82.021 149.973  18.466  81.069 148.470  17.689  81.023 151.735
  14.962  80.486 150.882  14.303  81.200 152.901  14.369  81.566 153.462  15.074
  85.507 154.179  14.310  86.250 153.197  13.573  84.635 153.659  15.126  85.889
 151.931  13.966  84.246 152.339  15.511  85.144 151.393  14.766  85.422 155.794
  11.785  85.674 156.362  12.840  85.775 155.553  14.144  85.966 157.814  12.890
  85.861 156.506  15.051  86.073 158.656  14.071  86.054 157.631  15.141  86.172
 159.885  14.094  85.877 158.323  12.018  87.316 153.459  12.705  87.482 152.709
  11.643  83.328 151.923  16.530  82.104 152.081  17.089  81.074 151.104  16.663
  82.904 151.480  18.005  80.784 149.987  17.411  83.057 150.635  18.910  80.807
 149.293  18.640  82.047 149.983  18.808  80.810 148.277  18.551  80.240 151.259
  15.415  79.311 150.471  15.281  80.460 152.148  14.478  81.307 152.543  14.744
  85.056 154.401  14.267  85.776 153.384  13.676  84.221 153.868  15.255  85.559
 152.172  14.162  84.156 152.570  15.764  84.914 151.613  15.022  84.471 155.966
  11.774  84.972 156.531  12.797  85.122 155.801  14.011  85.377 157.919  12.793
  85.541 156.635  14.885  85.768 158.730  13.926  85.823 157.764  14.971  85.911
 159.932  13.883  85.181 158.348  11.896  86.692 153.614  12.687  87.242 152.649
  11.947  83.197 152.117  16.712  81.857 152.083  17.012  80.946 151.105  16.361
  82.511 151.461  18.050  80.677 149.898  16.972  82.582 150.525  18.837  80.609
 149.044  18.113  81.682 149.812  18.492  80.856 148.057  18.045  80.252 151.404
  15.081  79.351 150.661  14.623  80.544 152.484  14.330  81.201 153.019  14.806
  85.035 153.727  14.193  85.797 152.768  13.508  84.279 153.195  15.118  85.622
 151.506  14.025  84.091 151.854  15.647  84.937 150.930  14.830  85.143 155.435
  11.634  85.254 155.936  12.736  85.078 155.108  14.062  85.506 157.370  12.854
  85.180 155.993  14.994  85.547 158.191  14.030  85.246 157.210  15.081  85.675
 159.431  14.011  85.782 157.844  12.002  86.667 153.139  12.508  87.658 152.331
  12.087  83.255 151.412  16.702  82.073 151.532  17.237  80.903 150.691  16.768
  82.775 150.750  18.087  80.480 149.566  17.517  82.849 149.781  18.833  80.689
 148.379  18.205  81.827 149.105  18.565  80.945 147.608  17.590  80.223 150.943
  15.394  79.294 150.212  14.988  80.538 152.017  14.608  81.370 152.432  14.893
  84.819 153.381  14.082  85.248 152.337  13.250  84.147 152.885  15.151  84.944
 151.097  13.689  83.891 151.574  15.582  84.383 150.557  14.669  85.053 155.113
  11.597  85.208 155.607  12.722  84.982 154.816  13.954  85.484 157.045  12.876
  85.022 155.670  14.935  85.474 157.824  14.055  85.182 156.844  15.118  85.679
 159.051  14.069  85.695 157.572  12.037  85.874 152.510  12.034  86.128 151.488
  11.220  83.046 151.265  16.653  81.760 151.167  17.005  80.928 150.159  16.518
  82.474 150.632  18.099  80.470 149.172  17.345  82.621 149.864  19.047  80.303
 148.638  18.623  81.630 149.136  18.869  80.262 147.621  18.565  80.259 150.187
  15.158  79.693 149.120  14.816  80.318 151.233  14.280  80.684 151.920  14.862
  84.588 153.676  14.257  85.111 152.598  13.486  83.900 153.189  15.315  84.826
 151.356  13.964  83.581 151.909  15.704  84.100 150.857  14.779  84.364 155.273
  11.724  84.772 155.823  12.703  84.729 155.099  14.012  85.214 157.181  12.704
  85.079 156.077  14.864  85.597 158.108  13.740  85.377 157.187  14.911  86.073
 159.209  13.622  85.187 157.659  11.811  85.837 152.833  12.286  86.294 151.864
  11.524  82.610 151.471  16.703  81.316 151.352  17.069  80.616 150.186  16.584
  82.063 150.938  18.142  80.533 149.057  17.347  82.381 150.136  19.001  81.068
 148.061  18.238  81.766 149.147  18.728  81.614 147.361  17.736  79.890 150.162
  15.339  79.559 149.085  14.852  79.635 151.222  14.601  79.950 151.945  15.170
  84.375 154.007  14.255  85.039 153.142  13.382  83.687 153.353  15.217  84.997
 151.820  13.854  83.536 151.995  15.584  84.457 151.170  14.763  84.481 155.799
  11.846  84.683 156.245  12.956  84.426 155.417  14.221  85.277 157.563  13.109
  84.817 156.162  15.219  85.654 158.240  14.314  85.336 157.218  15.378  86.038
 159.380  14.393  85.478 158.041  12.239  85.671 153.621  12.244  86.134 152.738
  11.312  82.586 151.432  16.459  81.250 151.359  16.712  80.476 150.179  16.396
  81.910 151.140  17.900  80.293 149.211  17.303  82.029 150.609  18.982  80.739
 148.401  18.410  81.362 149.579  18.808  81.351 147.623  18.165  79.772 150.050
  15.103  79.144 149.042  14.833  79.843 151.064  14.200  80.212 151.809  14.704
  84.549 154.191  13.978  85.183 153.260  13.167  83.714 153.581  14.827  84.895
 151.980  13.347  83.334 152.178  14.995  84.173 151.336  14.169  84.693 155.886
  11.436  84.897 156.354  12.542  84.706 155.604  13.849  85.299 157.707  12.577
  84.703 156.529  14.774  85.380 158.564  13.685  85.016 157.669  14.839  85.824
 159.704  13.698  85.446 158.112  11.660  86.084 153.639  12.186  87.258 153.029
  11.943  82.290 151.672  15.812  81.036 151.753  16.213  80.179 150.516  16.253
  81.759 151.708  17.328  80.111 149.708  17.398  82.121 151.303  18.419  80.590
 149.159  18.575  81.409 150.307  18.597  81.087 148.269  18.533  79.373 150.166
  15.070  78.647 149.134  15.021  79.393 150.901  13.976  80.229 151.396  14.000
  85.069 154.274  13.811  85.813 153.346  12.984  84.096 153.633  14.590  85.437
 152.061  13.328  83.813 152.249  14.829  84.751 151.372  14.023  85.263 156.035
  11.402  85.406 156.533  12.484  85.301 155.666  13.662  85.653 158.015  12.692
  85.279 156.500  14.706  85.694 158.656  13.950  85.412 157.670  14.907  85.808
 159.815  14.138  85.951 158.477  11.841  86.731 153.645  11.953  86.962 152.853
  10.943  82.898 151.673  15.756  81.655 151.759  16.340  80.659 150.743  16.250
  82.555 151.311  17.230  80.564 149.717  17.173  82.874 150.615  18.211  80.611
 149.302  18.576  81.846 149.951  18.357  80.717 148.297  18.703  79.692 150.594
  15.110  78.789 149.722  15.246  79.854 151.177  13.918  80.735 151.589  13.927
  85.165 154.355  13.940  85.984 153.462  13.206  84.542 153.681  14.877  85.955
 152.185  13.620  84.473 152.326  15.320  85.420 151.530  14.508  85.237 156.173
  11.475  85.397 156.634  12.587  85.108 155.798  13.782  85.775 157.997  12.694
  85.258 156.559  14.845  85.873 158.646  13.946  85.505 157.662  15.038  86.197
 159.763  14.124  85.886 158.557  11.857  86.888 153.846  12.191  87.428 152.995
  11.352  83.473 151.863  16.211  82.168 151.829  16.616  81.194 150.764  16.292
  82.925 151.258  17.536  80.956 149.609  17.079  83.250 150.479  18.421  81.357
 148.695  18.058  82.353 149.636  18.300  81.748 147.843  17.656  80.566 150.764
  14.998  79.959 149.722  14.614  80.609 151.755  14.103  80.952 152.545  14.556
  85.111 154.303  14.232  85.650 153.193  13.393  84.257 153.798  15.186  85.217
 151.987  13.887  83.874 152.455  15.567  84.546 151.426  14.728  85.800 155.879
  11.717  85.755 156.408  12.794  85.325 155.738  14.046  86.088 157.829  12.902
  85.321 156.622  15.026  86.068 158.656  14.143  85.610 157.737  15.145  86.411
 159.822  14.213  86.449 158.352  12.112  86.527 153.311  12.356  86.498 152.446
  11.388  82.769 152.198  16.487  81.529 151.664  16.703  81.312 150.267  16.261
  82.168 151.590  17.944  81.557 149.192  17.109  82.533 150.983  18.950  81.599
 148.586  18.383  82.143 149.822  18.712  82.139 147.725  18.466  80.840 149.925
  14.889  80.721 148.796  14.563  80.599 150.848  13.945  80.959 151.674  14.310
  84.892 154.259  14.114  85.735 153.286  13.492  84.071 153.742  14.984  85.431
 152.034  13.889  83.732 152.323  15.264  84.680 151.441  14.596  85.366 155.704
  11.615  85.359 156.354  12.646  84.902 155.706  13.897  85.706 157.776  12.740
  85.027 156.580  14.898  85.771 158.529  13.956  85.323 157.712  14.975  86.141
 159.695  13.990  85.850 158.352  11.919  86.634 153.538  12.470  87.517 152.698
  12.015  82.543 152.050  15.930  81.352 151.547  15.830  81.126 150.077  15.689
  81.666 151.689  17.166  80.939 149.229  16.791  81.757 151.324  18.327  81.186
 148.750  18.115  81.493 150.097  18.255  82.037 148.202  17.990  81.130 149.356
  14.440  80.633 148.249  14.297  81.590 149.978  13.374  81.839 150.852  13.720
  85.056 154.383  13.848  85.767 153.423  13.155  84.122 153.746  14.688  85.584
 152.182  13.610  83.926 152.350  15.145  84.866 151.492  14.358  85.455 156.105
  11.540  85.619 156.555  12.665  85.250 155.785  13.808  86.097 157.960  12.887
  85.621 156.400  14.898  86.277 158.533  14.211  86.026 157.455  15.187  86.692
 159.618  14.419  86.402 158.419  12.037  86.694 153.709  12.154  87.479 152.764
  11.619  82.959 151.961  16.054  81.605 151.745  16.151  81.203 150.399  16.010
  82.130 151.866  17.434  81.021 149.556  17.096  82.344 151.466  18.607  81.596
 148.936  18.258  81.970 150.286  18.529  82.442 148.441  17.976  80.973 149.837
  14.687  80.535 148.711  14.558  81.271 150.526  13.476  81.526 151.430  13.726
  85.353 153.943  13.809  85.936 152.956  13.062  84.476 153.367  14.669  85.578
 151.710  13.268  84.042 152.013  14.917  84.815 151.148  14.003  85.598 155.805
  11.636  85.681 156.161  12.795  85.709 155.290  13.906  85.888 157.574  13.060
  85.668 155.974  15.035  85.965 158.245  14.287  85.753 157.119  15.282  86.381
 159.348  14.402  85.881 158.234  12.291  87.015 153.255  12.169  87.176 152.529
  11.062  83.111 151.716  15.937  81.856 151.923  16.422  80.809 150.803  16.468
  82.676 151.595  17.509  80.590 149.917  17.483  82.932 151.020  18.562  80.983
 149.170  18.606  82.027 150.177  18.675  81.302 148.218  18.426  79.860 150.584
  15.416  78.842 149.916  15.539  79.905 151.316  14.199  80.625 151.965  14.277
  84.962 153.624  13.429  85.640 152.724  12.512  84.175 153.020  14.338  85.274
 151.438  12.828  83.891 151.665  14.641  84.533 150.820  13.581  84.970 155.430
  10.985  85.233 155.800  12.059  85.044 155.039  13.287  85.586 157.243  12.210
  85.240 155.800  14.320  85.691 158.018  13.425  85.481 156.970  14.438  85.894
 159.233  13.501  85.906 157.764  11.402  86.512 153.126  11.577  87.563 152.342
  11.346  83.079 151.246  15.707  81.955 151.467  16.211  80.789 150.675  15.745
  82.665 150.644  17.096  80.281 149.602  16.507  82.769 149.667  17.847  80.395
 148.580  17.591  81.685 149.101  17.698  80.374 147.608  17.285  80.137 150.937
  14.422  79.059 150.472  14.226  80.594 151.839  13.458  81.512 152.030  13.716
  85.358 153.791  13.700  85.656 152.800  12.767  84.561 153.347  14.700  84.973
 151.619  13.041  83.846 152.158  14.944  84.201 151.224  13.899  85.129 155.483
  11.472  85.478 156.006  12.530  85.696 155.157  13.662  85.785 157.486  12.716
  86.027 155.885  14.668  86.117 158.115  13.958  86.186 157.042  14.860  86.394
 159.259  14.179  85.819 157.958  11.821  86.441 152.990  11.610  87.576 152.337
  11.514  82.958 151.806  15.996  81.712 151.467  16.228  81.067 150.226  15.822
  82.444 151.181  17.353  81.046 149.106  16.612  82.714 150.514  18.338  81.435
 148.272  17.674  82.087 149.475  18.057  82.092 147.521  17.463  80.330 150.179
  14.589  79.586 149.228  14.352  80.315 151.247  13.719  80.939 151.881  14.111
