#Frame       SA_00001
       1   21160.1683
       2   22707.8923
       3   23869.0073
       4   24374.3483
       5   24158.5750
       6   23940.6334
       7   23736.3833
       8   23932.4429
       9   23939.1171
      10   23937.8924
      11   24102.3707
      12   24232.9272
      13   24188.4069
      14   23937.0326
      15   24032.8484
      16   24127.8244
      17   24330.3600
      18   24304.1279
      19   24331.4202
      20   24281.5802
      21   24846.3205
      22   24837.1166
      23   24510.8133
      24   24476.0192
      25   24383.7587
      26   24200.0100
      27   24015.6262
      28   24258.7108
      29   24236.0360
      30   24470.0582
      31   24509.0791
      32   24378.9765
      33   24679.8332
      34   24664.0533
      35   24241.6866
      36   24917.8517
      37   24997.8864
      38   25041.7724
      39   25030.5825
      40   25411.7075
      41   25480.6683
      42   25290.0612
      43   24951.4079
      44   25101.1454
      45   25061.1083
      46   24704.6306
      47   24622.3314
      48   24559.5573
      49   24614.3001
      50   24888.1076
