#Frame       SA_00001
       1   20939.8405
       2   21932.4774
       3   22476.9377
       4   22575.1590
       5   22520.5966
       6   22757.4229
       7   23049.0072
       8   22789.7709
       9   23170.5175
      10   23368.2318
      11   23564.2851
      12   23516.4286
      13   23627.9907
      14   23548.4706
      15   23740.7795
      16   23624.6076
      17   23602.8748
      18   23796.8946
      19   23809.6909
      20   23711.6785
      21   23840.7634
      22   24044.1455
      23   23815.5058
      24   23774.8281
      25   23942.2311
      26   24142.7094
      27   24231.3673
      28   24067.4559
      29   24038.9182
      30   23911.3416
      31   24271.0807
      32   24507.2029
      33   24575.2101
      34   24646.8889
      35   24414.5227
      36   24069.1801
      37   24045.8717
      38   24134.4569
      39   24360.3970
      40   24356.6893
      41   24025.1946
      42   24119.2603
      43   24511.5545
      44   24341.8846
      45   24626.9600
      46   24787.3343
      47   25318.2273
      48   25181.0616
      49   25223.9701
      50   24922.2084
