#Frame       SA_00001
       1     536.1231
       2     535.4470
       3     536.8678
       4     540.4402
       5     537.8762
       6     537.2974
       7     536.2628
       8     535.4269
       9     544.2898
      10     537.4488
      11     540.9239
      12     542.5187
      13     542.5850
      14     535.4777
      15     532.2529
      16     528.5390
      17     534.6813
      18     537.7206
      19     534.0899
      20     536.0712
      21     533.4222
      22     534.5665
      23     536.7145
      24     540.5801
      25     534.6756
      26     543.0435
      27     538.9865
      28     540.0222
      29     538.3699
      30     542.6773
      31     530.2298
      32     531.5314
      33     533.4230
      34     536.7541
      35     540.8453
      36     535.9468
      37     540.3252
      38     540.9419
      39     532.0045
      40     542.0036
      41     531.5217
      42     537.0030
      43     531.2022
      44     534.1167
      45     537.1568
      46     535.8576
      47     535.2435
      48     531.8071
      49     529.8747
      50     531.4354
