#Frame       SA_00001
       1   21023.8421
       2   22320.8801
       3   23365.3000
       4   23273.1820
       5   23481.8254
       6   23663.5813
       7   23917.2713
       8   24048.2550
       9   23684.5971
      10   23616.9251
      11   23624.7793
      12   23804.4963
      13   23896.4500
      14   24118.9428
      15   24009.4026
      16   24135.7253
      17   24051.8990
      18   24702.1334
      19   24437.4089
      20   24389.1259
      21   24236.3817
      22   24518.9763
      23   24678.0761
      24   24588.3929
      25   24384.6673
      26   24201.0808
      27   24202.3744
      28   24647.4768
      29   25137.0400
      30   24940.7266
      31   24981.1353
      32   25272.6477
      33   24925.9258
      34   24933.6754
      35   24964.0991
      36   25315.1159
      37   24783.6351
      38   24876.3734
      39   24877.0960
      40   24901.1417
      41   24529.8868
      42   24418.1308
      43   25241.8387
      44   24858.9311
      45   24852.7390
      46   25042.1509
      47   25170.9433
      48   25238.8362
      49   25146.1551
      50   25368.2403
