#Frame       SA_00001
       1   21060.4582
       2   22607.0177
       3   23845.2879
       4   24240.9101
       5   24015.2552
       6   23688.6460
       7   23661.8378
       8   23592.1121
       9   23310.0626
      10   23453.5954
      11   23825.7434
      12   23729.5021
      13   23871.2860
      14   23561.7021
      15   23595.4152
      16   23856.6444
      17   24140.6809
      18   24330.9731
      19   24411.7129
      20   24223.9111
      21   24428.0673
      22   24467.7657
      23   24744.1722
      24   24569.3929
      25   24504.4359
      26   24328.6664
      27   24472.1219
      28   24465.1905
      29   24062.0022
      30   24639.3552
      31   24463.9013
      32   24372.9852
      33   24461.5890
      34   24483.8076
      35   24550.2625
      36   24878.7673
      37   24841.4653
      38   24801.5721
      39   24955.3654
      40   24931.0641
      41   24768.5865
      42   24768.1150
      43   24360.3255
      44   24551.3924
      45   24365.5557
      46   24193.0689
      47   24504.6943
      48   24413.1409
      49   24447.1762
      50   24900.4072
