#Frame       SA_00001
       1   20981.9215
       2   21971.9217
       3   22478.6586
       4   22591.3345
       5   22525.3332
       6   22755.6278
       7   23076.3997
       8   22847.4790
       9   23256.3205
      10   23436.6882
      11   23614.3854
      12   23613.0570
      13   23716.6919
      14   23623.5511
      15   23796.2290
      16   23714.6922
      17   23658.2281
      18   23890.6772
      19   23858.8397
      20   23741.9593
      21   23894.6118
      22   24105.8983
      23   23899.0724
      24   23859.7597
      25   24044.6466
      26   24262.4132
      27   24302.4924
      28   24067.2467
      29   24066.3194
      30   23980.4198
      31   24320.4381
      32   24575.4942
      33   24595.9736
      34   24664.6211
      35   24462.0761
      36   24143.6996
      37   24141.1151
      38   24214.6484
      39   24480.6144
      40   24515.8217
      41   24195.1397
      42   24279.4273
      43   24661.2033
      44   24473.4278
      45   24759.5955
      46   24938.8915
      47   25507.5740
      48   25349.8222
      49   25407.2812
      50   25086.1073
