#Frame       SA_00001
       1   21093.8445
       2   22150.1627
       3   22538.9210
       4   22531.4476
       5   23139.1889
       6   23519.7356
       7   23480.1941
       8   23816.2778
       9   23775.0055
      10   23824.0662
      11   23670.6379
      12   24229.3141
      13   24432.4700
      14   24230.5606
      15   23897.7432
      16   24131.6577
      17   24311.2267
      18   24264.1802
      19   24271.9761
      20   24339.4350
      21   24096.5395
      22   24134.7219
      23   23922.1243
      24   23914.0866
      25   24013.4092
      26   23898.6226
      27   23613.9058
      28   23477.3293
      29   23771.7067
      30   24035.2172
      31   24117.4613
      32   24132.2226
      33   24195.3762
      34   24145.7302
      35   24245.5341
      36   24428.5363
      37   24444.9572
      38   23733.2653
      39   24002.2476
      40   23701.9410
      41   23598.8787
      42   23741.7919
      43   23911.4756
      44   23881.7936
      45   23919.8379
      46   23740.0143
      47   23846.9638
      48   23588.2223
      49   23637.1380
      50   23703.5425
