#Frame       SA_00001
       1     567.1130
       2     573.2388
       3     564.5292
       4     552.8626
       5     576.0565
       6     577.7759
       7     574.7898
       8     572.4839
       9     561.4824
      10     548.5082
      11     563.5888
      12     573.0611
      13     562.0900
      14     557.5751
      15     549.8358
      16     548.0239
      17     550.2932
      18     555.4713
      19     548.5286
      20     551.1732
      21     561.7251
      22     558.9623
      23     549.4821
      24     557.3494
      25     566.4003
      26     569.6354
      27     575.7830
      28     566.6212
      29     543.2539
      30     550.6164
      31     547.2168
      32     554.5090
      33     564.1663
      34     567.6411
      35     560.0376
      36     554.0967
      37     547.8758
      38     566.6522
      39     557.4920
      40     554.2967
      41     552.8769
      42     552.7035
      43     556.6302
      44     545.3638
      45     539.9382
      46     547.7790
      47     556.2386
      48     558.6095
      49     550.0741
      50     555.7409
