#Frame       SA_00001
       1   21041.7689
       2   22115.4325
       3   22798.6472
       4   23186.9354
       5   23154.6641
       6   23052.5534
       7   23727.4209
       8   23216.9470
       9   23142.9777
      10   23612.9848
      11   23657.5180
      12   23702.2652
      13   23318.8608
      14   23263.4752
      15   23257.1234
      16   23230.9604
      17   23305.6985
      18   23136.3491
      19   22600.6643
      20   22669.6721
      21   22511.9379
      22   22517.0859
      23   22966.1458
      24   22801.7024
      25   22873.2827
      26   22824.3775
      27   22686.3881
      28   22856.7989
      29   23059.8550
      30   23228.2538
      31   23169.2460
      32   23538.5321
      33   23778.6973
      34   23586.6036
      35   23735.1661
      36   23611.6623
      37   23514.0795
      38   23600.1597
      39   23786.4829
      40   24052.5273
      41   23885.1547
      42   23806.5500
      43   23695.4023
      44   23476.3467
      45   23591.2065
      46   23998.9644
      47   24264.2530
      48   24213.4067
      49   23820.3990
      50   23452.5373
