#Frame       SA_00001
       1     589.8926
       2     589.2885
       3     585.8962
       4     572.5913
       5     571.9162
       6     584.1261
       7     589.8427
       8     570.7573
       9     592.2862
      10     586.3536
      11     577.6070
      12     588.8199
      13     579.4121
      14     579.8779
      15     587.4058
      16     581.7101
      17     586.3071
      18     591.8289
      19     582.1977
      20     576.1533
      21     580.7905
      22     582.2127
      23     564.2231
      24     580.3822
      25     577.9289
      26     577.6726
      27     580.1951
      28     584.0991
      29     582.7807
      30     596.6228
      31     594.9877
      32     578.5452
      33     580.2848
      34     598.1346
      35     589.8517
      36     593.8336
      37     584.5412
      38     588.4044
      39     591.8254
      40     588.0504
      41     574.2978
      42     580.3301
      43     583.7381
      44     581.0392
      45     581.9734
      46     590.8576
      47     586.2216
      48     589.4318
      49     576.6929
      50     593.6496
