#Frame       SA_00001
       1     519.3893
       2     520.5389
       3     524.3639
       4     516.0119
       5     522.6002
       6     534.1215
       7     504.5281
       8     515.2233
       9     524.5766
      10     518.5865
      11     516.6275
      12     521.4653
      13     516.3506
      14     518.5663
      15     515.7971
      16     522.0426
      17     507.8130
      18     513.0434
      19     527.2942
      20     521.4313
      21     504.4709
      22     508.2306
      23     505.8703
      24     508.9635
      25     516.5446
      26     521.2767
      27     508.8380
      28     515.0450
      29     512.0659
      30     514.5810
      31     516.9051
      32     519.5048
      33     519.3126
      34     514.7476
      35     528.8718
      36     522.4523
      37     524.5493
      38     520.3774
      39     529.4839
      40     510.9415
      41     528.8014
      42     510.9744
      43     515.1659
      44     504.1028
      45     519.7954
      46     518.8657
      47     523.4533
      48     524.8947
      49     523.2124
      50     521.0065
