#Frame       SA_00001
       1   21111.7407
       2   22161.2315
       3   22593.1791
       4   22615.7199
       5   23178.6166
       6   23589.4009
       7   23480.8078
       8   23832.7484
       9   23781.3964
      10   23863.4777
      11   23718.6224
      12   24268.1813
      13   24491.5111
      14   24311.9107
      15   23956.7319
      16   24198.8134
      17   24341.2228
      18   24317.7204
      19   24337.1598
      20   24384.2910
      21   24151.2361
      22   24193.3577
      23   24018.3594
      24   23965.5838
      25   24093.7646
      26   23975.5946
      27   23684.2222
      28   23569.4603
      29   23849.0633
      30   24091.4395
      31   24111.8058
      32   24147.7408
      33   24239.9337
      34   24241.5586
      35   24361.8155
      36   24507.5152
      37   24545.2128
      38   23861.0000
      39   24127.8658
      40   23787.5379
      41   23659.4740
      42   23828.2008
      43   24002.4434
      44   23977.1167
      45   23992.6851
      46   23830.1253
      47   23925.8239
      48   23707.5170
      49   23754.1349
      50   23811.2703
