Cpptraj Generated trajectory                                                    
  84.133 151.173  14.495  85.325 151.905  14.556  83.358 152.312  14.282  85.781
 153.151  14.423  83.363 153.601  14.079  84.685 153.991  14.153  87.238 146.715
  15.513  86.663 147.461  14.425  86.096 147.400  16.148  85.680 148.051  13.811
  84.998 147.995  16.098  84.451 148.484  14.652  83.159 147.809  14.327  83.774
 149.882  14.501  82.820 149.056  14.301  87.671 147.965  15.799  91.979 151.104
  16.719  90.713 149.938  16.936  89.758 149.472  15.986  90.470 149.444  18.116
  89.640 149.871  14.729  88.798 148.590  16.513  89.754 148.707  18.722  88.882
 148.288  17.963  85.016 155.344  13.991  84.757 156.164  12.721  85.214 156.237
  14.972  84.381 155.641  11.645  84.883 157.646  12.835  85.391 157.399  15.074
  85.272 158.388  14.022  85.416 159.600  14.090  84.582 158.165  12.018  87.169
 153.434  14.425  87.696 153.633  13.244  82.364 154.513  13.842  81.094 154.194
  14.107
  84.124 151.097  14.602  85.194 151.903  14.761  83.297 152.176  14.187  85.604
 153.188  14.602  83.224 153.492  13.943  84.512 154.034  14.192  87.700 147.101
  15.971  87.019 147.690  14.830  86.494 147.709  16.530  85.971 148.077  14.225
  85.259 148.162  16.444  84.681 148.463  15.021  83.479 147.607  14.702  83.973
 149.767  14.741  83.130 148.838  14.599  87.991 148.429  16.070  93.069 149.966
  16.171  91.342 149.881  16.746  90.397 149.057  16.140  90.697 150.540  17.713
  90.729 148.142  15.230  89.098 149.169  16.623  89.675 150.771  18.271  88.824
 150.147  17.692  84.694 155.436  14.069  84.561 156.216  12.856  85.404 156.160
  14.913  84.059 155.791  11.837  84.949 157.567  12.845  85.855 157.302  15.000
  85.599 158.342  13.946  85.874 159.498  13.907  84.644 158.100  12.039  86.869
 153.566  14.935  87.844 152.745  14.729  82.130 154.135  13.487  81.003 153.789
  14.113
  84.089 150.727  14.382  85.133 151.557  14.441  83.253 151.831  14.070  85.602
 152.800  14.417  83.202 153.167  13.943  84.517 153.613  14.115  87.511 146.303
  15.391  86.768 146.897  14.282  86.516 147.160  16.080  85.651 147.412  13.822
  85.392 147.782  16.095  84.596 148.055  14.796  83.279 147.368  14.770  83.861
 149.413  14.538  82.923 148.589  14.575  87.911 147.604  15.311  92.844 149.266
  16.452  91.064 149.295  16.348  90.314 148.296  15.770  90.248 150.200  16.747
  90.861 147.128  15.255  88.889 148.537  15.809  89.121 150.609  16.887  88.390
 149.746  16.404  84.817 154.966  13.929  84.418 155.720  12.724  85.255 155.802
  14.805  83.971 155.108  11.754  84.723 157.194  12.687  85.362 156.952  14.869
  85.203 157.931  13.772  85.513 159.114  13.772  84.653 157.625  11.772  86.886
 153.205  14.684  87.804 153.010  13.750  82.045 153.921  13.688  80.885 153.265
  13.706
  84.009 150.731  13.923  85.308 151.316  14.162  83.424 151.953  13.763  85.969
 152.491  14.128  83.624 153.248  13.710  84.988 153.465  13.909  87.044 146.435
  15.412  86.396 146.969  14.168  85.769 147.106  15.920  85.431 147.514  13.516
  84.621 147.685  15.769  84.130 147.981  14.261  82.760 147.413  13.875  83.588
 149.415  13.848  82.595 148.667  13.583  87.373 147.715  15.364  92.334 148.977
  16.250  90.607 149.157  16.068  89.768 148.148  15.684  89.942 150.321  16.242
  90.191 146.911  15.472  88.458 148.561  15.647  88.851 150.843  16.152  88.036
 149.924  15.997  85.328 154.845  13.897  85.039 155.807  12.771  85.814 155.573
  14.863  84.534 155.494  11.750  85.304 157.184  12.969  86.010 156.701  15.057
  85.808 157.829  14.101  86.088 159.026  14.200  85.161 157.734  12.131  87.337
 152.687  14.321  88.081 153.206  13.392  82.622 154.201  13.495  81.376 153.986
  13.956
  83.773 150.628  14.656  85.051 151.150  14.487  83.115 151.867  14.549  85.710
 152.261  14.263  83.370 153.194  14.292  84.790 153.336  14.139  86.905 146.150
  14.926  86.024 146.831  13.952  85.963 146.806  15.784  84.953 147.380  13.658
  84.837 147.382  15.997  83.961 147.836  14.747  82.514 147.372  14.889  83.338
 149.316  14.682  82.280 148.630  14.793  87.295 147.478  14.991  92.227 148.837
  15.948  90.518 149.018  15.817  89.677 148.061  15.347  89.801 150.065  16.224
  90.060 146.809  14.956  88.299 148.398  15.383  88.699 150.555  16.253  87.934
 149.681  15.915  85.274 154.620  13.917  84.972 155.474  12.835  85.725 155.312
  14.932  84.375 155.005  11.840  85.294 156.937  13.007  85.917 156.433  15.180
  85.770 157.593  14.218  86.083 158.747  14.317  85.245 157.500  12.166  87.037
 152.229  14.073  87.569 152.623  12.952  82.461 154.223  14.135  81.188 154.039
  14.418
  83.535 150.957  14.301  84.767 151.569  14.269  82.928 152.164  14.185  85.434
 152.710  14.226  83.155 153.508  14.153  84.557 153.743  14.217  86.494 146.206
  15.180  85.774 146.829  14.085  85.557 147.128  15.869  84.765 147.457  13.618
  84.487 147.756  15.917  83.806 148.163  14.638  82.472 147.606  14.570  83.185
 149.649  14.404  82.201 148.905  14.454  87.062 147.416  15.075  92.385 148.083
  14.970  90.687 148.421  15.273  89.609 147.578  14.928  90.210 149.523  15.882
  89.762 146.383  14.342  88.331 148.136  15.288  89.229 150.114  16.285  88.279
 149.414  15.978  85.039 155.059  14.136  84.788 155.954  12.952  85.494 155.823
  15.055  84.208 155.602  11.945  85.160 157.350  13.080  85.641 156.992  15.221
  85.607 158.093  14.254  85.980 159.246  14.225  85.221 157.893  12.227  86.806
 152.855  14.133  87.587 151.912  13.564  82.199 154.434  13.938  80.860 154.165
  14.048
  83.666 151.239  14.822  84.936 151.776  14.943  83.166 152.551  14.598  85.671
 152.897  14.810  83.391 153.830  14.450  84.775 153.979  14.556  85.714 146.091
  15.457  85.082 146.834  14.361  84.816 146.974  16.128  84.312 147.669  13.845
  83.862 147.797  16.181  83.406 148.441  14.891  81.948 148.213  14.699  83.110
 150.014  14.808  81.961 149.466  14.724  86.404 147.320  15.472  91.189 148.737
  13.717  89.820 148.452  14.809  88.579 147.963  14.501  89.861 148.841  16.058
  88.340 147.504  13.300  87.691 147.881  15.594  89.239 148.905  17.109  88.134
 148.401  16.864  85.202 155.296  14.284  84.823 156.154  13.131  85.860 156.078
  15.123  84.144 155.686  12.198  85.320 157.512  13.074  86.164 157.210  15.225
  85.845 158.275  14.153  86.038 159.486  14.136  85.192 158.038  12.217  87.036
 153.036  14.884  87.782 152.136  15.348  82.449 154.798  14.093  81.178 154.530
  14.024
  83.557 151.023  14.285  84.814 151.620  14.468  83.072 152.309  13.941  85.577
 152.684  14.461  83.402 153.607  13.777  84.797 153.787  14.014  85.766 146.258
  15.997  85.268 146.856  14.752  84.795 147.259  16.547  84.398 147.506  14.127
  83.814 148.008  16.313  83.325 148.337  14.929  81.939 147.933  14.663  82.965
 149.802  14.475  81.875 149.168  14.406  86.439 147.441  15.900  90.383 150.526
  14.186  89.382 149.517  15.245  88.148 148.950  14.948  89.714 149.222  16.504
  87.496 149.193  13.752  87.627 148.144  15.954  89.357 148.700  17.515  88.394
 147.999  17.168  85.421 154.989  13.843  85.191 155.922  12.692  85.708 155.696
  14.913  84.780 155.570  11.619  85.484 157.325  12.950  85.804 156.834  15.159
  85.759 157.968  14.225  85.773 159.135  14.388  85.178 157.941  12.206  86.865
 152.713  14.727  87.375 152.246  15.914  82.555 154.624  13.320  81.290 154.405
  13.563
  83.576 150.744  14.426  84.854 151.181  14.862  83.175 152.057  13.951  85.565
 152.232  15.023  83.671 153.256  13.912  84.973 153.316  14.476  85.440 146.229
  15.996  84.876 146.816  14.764  84.416 147.131  16.532  84.009 147.400  14.150
  83.416 147.882  16.401  82.938 148.206  15.004  81.523 147.863  14.561  82.778
 149.650  14.498  81.607 149.135  14.367  86.049 147.495  15.875  89.772 150.400
  13.863  88.881 149.559  15.069  87.818 148.739  14.773  89.196 149.535  16.354
  87.333 148.519  13.537  87.277 148.175  15.900  89.039 148.951  17.404  88.040
 148.321  17.189  85.621 154.578  14.448  86.020 155.297  13.249  85.556 155.449
  15.429  86.134 154.729  12.157  86.201 156.742  13.330  85.818 156.594  15.499
  86.084 157.553  14.488  86.200 158.808  14.494  86.554 157.118  12.458  86.773
 152.288  15.609  86.859 151.816  16.835  82.949 154.285  13.307  82.527 155.262
  14.031
  83.807 150.828  14.356  85.054 151.348  14.840  83.526 151.968  13.591  85.808
 152.446  14.700  83.848 153.249  13.414  85.138 153.449  13.946  85.490 146.579
  16.954  84.897 146.810  15.647  84.596 147.716  17.239  84.036 147.285  14.876
  83.613 148.457  16.869  83.123 148.419  15.348  81.714 148.097  14.945  83.016
 149.758  14.540  81.899 149.173  14.300  86.108 147.712  16.557  89.637 150.036
  13.325  88.966 149.281  14.747  87.645 148.877  14.925  89.694 149.000  15.830
  86.746 149.024  13.933  87.379 148.285  16.202  89.705 148.619  16.919  88.522
 148.262  17.185  85.671 154.720  13.755  85.890 155.321  12.345  85.401 155.776
  14.542  86.111 154.602  11.394  85.927 156.739  12.209  85.340 156.977  14.429
  85.663 157.753  13.266  85.685 158.933  13.217  86.111 157.105  11.282  87.047
 152.589  15.308  87.386 151.785  16.339  83.090 154.132  12.763  82.374 155.061
  13.435
  83.821 151.129  14.556  85.056 151.671  14.937  83.515 152.401  13.888  85.866
 152.705  14.989  83.993 153.656  13.693  85.214 153.791  14.367  86.134 146.808
  16.671  85.468 147.085  15.413  85.280 147.886  17.080  84.510 147.606  14.749
  84.231 148.590  16.860  83.534 148.595  15.440  82.044 148.228  15.341  83.189
 149.977  14.769  82.082 149.370  14.719  86.744 147.926  16.211  90.376 150.504
  13.311  89.618 149.798  14.740  88.360 149.229  14.732  90.154 149.737  15.926
  87.534 149.058  13.674  87.977 148.707  15.937  90.009 149.346  17.106  88.879
 148.868  17.129  85.874 155.097  14.277  86.295 155.806  13.068  85.788 156.030
  15.161  86.419 155.202  11.976  86.407 157.262  13.028  85.857 157.170  15.293
  86.221 158.068  14.177  86.228 159.264  14.041  86.632 157.660  12.123  87.070
 152.729  15.640  87.253 151.976  16.730  83.242 154.560  13.048  82.243 155.148
  13.698
  84.253 151.312  14.700  85.424 151.952  15.124  83.945 152.474  13.943  86.126
 153.138  15.160  84.271 153.801  13.712  85.520 154.050  14.334  86.694 146.855
  16.700  86.107 147.280  15.436  85.608 147.752  17.096  85.143 147.770  14.723
  84.506 148.373  16.878  84.042 148.571  15.442  82.753 148.221  15.037  83.740
 150.063  14.876  82.700 149.464  14.682  87.181 148.123  16.408  90.134 150.961
  12.967  89.772 150.076  14.455  88.542 149.513  14.698  90.558 149.812  15.502
  87.578 149.508  13.741  88.370 148.838  15.877  90.593 149.331  16.569  89.507
 148.789  16.785  86.018 155.397  14.401  86.181 156.316  13.219  85.686 156.175
  15.389  86.490 155.818  12.177  86.066 157.810  13.510  85.550 157.332  15.631
  85.682 158.472  14.710  85.606 159.671  14.826  86.064 158.387  12.677  87.260
 153.365  15.882  87.872 152.359  16.485  83.430 154.763  13.217  82.624 155.287
  14.056
  84.208 151.182  14.467  85.438 151.777  14.768  83.703 152.452  14.100  86.104
 152.980  14.882  84.050 153.744  13.858  85.378 154.010  14.304  86.784 146.645
  15.829  86.006 147.027  14.651  85.805 147.596  16.369  84.964 147.550  14.085
  84.780 148.319  16.321  84.062 148.463  15.020  82.615 148.159  14.936  83.633
 149.958  14.664  82.495 149.439  14.657  87.251 147.867  15.404  90.677 151.544
  13.607  89.951 150.215  14.632  88.779 149.571  14.340  90.539 149.823  15.695
  87.977 149.791  13.270  88.458 148.641  15.372  90.462 149.168  16.704  89.374
 148.604  16.599  85.963 155.306  14.143  85.903 155.988  12.867  85.960 156.206
  15.073  85.961 155.325  11.824  85.888 157.459  12.826  85.862 157.378  15.078
  85.787 158.364  13.948  85.882 159.587  13.787  86.027 157.828  11.893  87.324
 153.222  15.511  87.888 152.357  16.381  83.183 154.598  13.260  82.912 155.753
  13.777
  84.018 151.330  14.194  85.300 151.816  14.194  83.458 152.576  14.024  86.024
 152.953  14.176  83.765 153.824  13.868  85.143 154.014  14.040  86.821 146.953
  15.344  86.051 147.426  14.140  85.754 147.730  15.904  85.051 147.945  13.587
  84.692 148.417  15.886  84.016 148.648  14.576  82.609 148.140  14.454  83.487
 150.093  14.331  82.438 149.406  14.222  87.239 148.245  15.125  90.830 151.197
  12.566  90.035 150.326  13.968  88.767 149.686  13.879  90.556 150.040  15.107
  88.049 149.714  12.770  88.374 149.035  15.071  90.380 149.458  16.103  89.318
 148.931  16.160  85.683 155.291  14.029  85.326 156.273  12.969  86.305 155.950
  14.999  84.847 156.053  11.876  85.753 157.638  13.231  86.598 157.067  15.246
  86.364 158.248  14.374  86.663 159.409  14.533  85.647 158.150  12.363  87.386
 153.037  14.365  87.805 152.560  15.542  82.787 154.769  13.607  81.832 154.929
  14.515
  84.049 150.768  14.243  85.311 151.331  14.462  83.459 151.987  14.082  86.040
 152.453  14.419  83.783 153.262  14.004  85.153 153.482  14.175  87.132 146.326
  14.546  86.330 147.042  13.570  86.098 146.990  15.365  85.284 147.632  13.187
  85.030 147.625  15.529  84.234 148.061  14.235  82.880 147.440  14.035  83.593
 149.466  14.169  82.577 148.680  14.026  87.582 147.636  14.635  90.041 151.385
  11.891  89.718 150.293  13.192  88.656 149.434  13.165  90.395 150.227  14.321
  87.765 149.292  12.094  88.511 148.634  14.391  90.363 149.727  15.423  89.548
 148.833  15.465  85.691 154.822  14.103  85.200 155.864  13.137  86.393 155.512
  14.987  84.483 155.518  12.209  85.528 157.264  13.308  86.682 156.652  15.202
  86.296 157.818  14.439  86.645 158.949  14.593  85.244 157.964  12.632  87.384
 152.592  14.739  87.897 152.177  15.819  82.839 154.207  13.904  81.677 154.165
  14.474
  84.312 150.922  14.091  85.487 151.672  14.098  83.564 152.109  14.090  86.026
 152.887  14.155  83.675 153.449  14.107  85.018 153.834  14.090  87.675 146.639
  14.057  86.730 147.144  13.108  86.697 147.281  14.937  85.618 147.673  12.809
  85.566 147.808  15.138  84.697 148.179  13.930  83.309 147.547  13.839  83.962
 149.626  14.007  82.963 148.781  13.914  88.057 147.956  13.988  90.108 152.457
  12.324  90.141 150.877  12.992  89.013 150.080  13.062  91.091 150.254  13.660
  87.837 150.485  12.509  89.082 148.900  13.791  91.392 149.293  14.280  90.381
 148.583  14.437  85.300 155.244  14.076  84.934 156.176  12.985  85.864 155.930
  15.078  84.317 155.904  11.934  85.390 157.562  13.161  86.133 157.046  15.268
  86.013 158.154  14.334  86.501 159.249  14.279  85.246 158.200  12.387  87.409
 153.053  14.140  88.061 152.857  15.247  82.547 154.212  14.123  81.280 153.703
  14.123
  84.350 151.268  14.316  85.657 151.926  14.384  83.643 152.505  14.316  86.192
 153.174  14.507  83.789 153.837  14.380  85.185 154.149  14.473  87.908 147.127
  14.031  86.853 147.742  13.172  87.015 147.651  15.046  85.731 148.266  13.075
  85.902 148.159  15.405  84.817 148.630  14.314  83.513 147.932  14.300  84.052
 149.988  14.334  83.127 149.129  14.330  88.218 148.443  14.001  90.701 152.726
  12.059  90.416 151.339  13.106  89.229 150.571  13.110  91.298 150.776  13.905
  88.121 150.762  12.354  89.229 149.463  13.995  91.537 149.844  14.641  90.494
 149.206  14.739  85.519 155.516  14.353  85.033 156.438  13.306  86.194 156.266
  15.166  84.511 156.038  12.285  85.347 157.868  13.454  86.507 157.364  15.367
  86.097 158.500  14.539  86.330 159.719  14.598  85.010 158.410  12.667  87.544
 153.430  14.611  88.314 152.773  15.423  82.748 154.758  14.390  81.446 154.461
  14.464
  84.713 151.331  14.140  85.794 152.140  13.950  83.783 152.442  14.206  86.161
 153.382  13.930  83.751 153.764  14.349  85.071 154.233  14.125  88.466 147.449
  14.590  87.349 147.762  13.725  87.530 148.125  15.543  86.185 148.134  13.493
  86.367 148.590  15.817  85.320 148.714  14.634  84.017 147.990  14.867  84.482
 150.034  14.380  83.571 149.198  14.747  88.660 148.794  14.200  90.082 152.639
  10.790  90.187 151.504  12.115  89.176 150.565  12.437  91.196 151.398  12.901
  87.967 150.430  11.802  89.504 149.792  13.595  91.637 150.919  13.879  90.832
 150.059  14.163  85.262 155.623  14.141  84.991 156.580  13.066  85.703 156.320
  15.135  84.547 156.190  11.986  85.284 157.961  13.272  85.935 157.440  15.337
  85.733 158.579  14.454  85.895 159.794  14.628  85.169 158.632  12.521  87.472
 153.821  13.774  88.127 153.848  14.930  82.702 154.573  14.459  81.454 154.067
  14.566
  84.959 151.636  14.144  86.025 152.472  14.229  84.045 152.725  14.066  86.431
 153.700  14.326  84.018 154.065  14.089  85.334 154.572  14.224  88.682 147.793
  13.824  87.519 148.082  13.061  87.792 148.397  14.847  86.322 148.406  12.938
  86.674 148.826  15.244  85.534 149.009  14.213  84.131 148.272  14.399  84.732
 150.334  14.116  83.817 149.489  14.243  88.867 149.134  13.664  89.614 153.445
  10.728  90.024 152.062  11.759  89.133 151.096  12.179  91.227 151.761  12.187
  87.815 151.081  11.848  89.697 150.223  13.128  91.933 151.015  12.852  91.148
 150.302  13.424  85.516 155.986  14.186  85.418 156.873  13.032  85.799 156.636
  15.292  85.003 156.348  11.977  85.684 158.293  13.221  86.026 157.850  15.497
  86.005 158.927  14.531  86.302 160.130  14.677  85.705 158.957  12.456  87.771
 154.171  14.458  88.604 153.319  15.090  82.891 154.787  13.955  81.818 154.578
  14.635
  84.941 151.407  14.666  86.102 152.156  14.479  84.137 152.602  14.527  86.547
 153.346  14.435  84.193 153.903  14.243  85.506 154.284  14.291  88.606 147.462
  14.018  87.347 147.959  13.358  87.858 148.048  15.205  86.133 148.333  13.419
  86.786 148.533  15.683  85.498 148.781  14.814  84.286 148.065  15.293  84.671
 150.153  14.886  83.867 149.236  15.184  88.730 148.762  13.808  89.765 153.414
  11.722  90.099 151.902  12.562  89.179 150.869  12.668  91.205 151.610  13.307
  87.955 150.949  12.085  89.591 149.817  13.458  91.678 150.827  14.076  90.912
 149.880  14.054  85.856 155.605  14.159  85.334 156.577  13.178  86.464 156.280
  15.102  84.649 156.264  12.231  85.726 157.963  13.386  86.727 157.419  15.341
  86.408 158.597  14.440  86.638 159.781  14.476  85.219 158.630  12.817  87.892
 153.640  14.414  88.560 153.419  15.555  83.188 154.833  13.870  81.989 154.752
  14.438
  84.482 151.711  14.357  85.590 152.487  14.355  83.579 152.839  14.306  86.002
 153.726  14.381  83.593 154.171  14.301  84.927 154.598  14.405  88.160 147.553
  14.249  87.107 147.983  13.386  87.287 148.233  15.185  85.920 148.414  13.164
  86.107 148.699  15.486  85.089 148.963  14.379  83.696 148.281  14.463  84.269
 150.371  14.393  83.347 149.458  14.489  88.439 148.900  14.145  89.976 153.221
  11.469  90.024 151.915  12.657  89.054 150.994  12.843  91.072 151.571  13.403
  87.915 151.036  12.185  89.315 149.978  13.759  91.559 150.791  14.186  90.648
 149.993  14.302  85.245 156.055  14.408  85.171 156.902  13.213  85.485 156.843
  15.386  84.787 156.364  12.212  85.543 158.294  13.309  85.761 157.972  15.538
  85.827 159.018  14.510  86.016 160.231  14.605  85.543 158.819  12.442  87.315
 154.126  14.488  87.996 153.514  15.387  82.567 155.017  14.196  81.312 154.652
  14.471
  84.275 151.969  14.163  85.430 152.725  14.048  83.431 153.119  14.088  85.897
 153.983  13.986  83.447 154.451  14.195  84.813 154.882  14.053  88.083 147.878
  14.066  86.928 148.289  13.270  87.260 148.655  14.957  85.711 148.708  13.095
  86.144 149.207  15.341  84.977 149.341  14.321  83.718 148.608  14.662  84.093
 150.678  14.333  83.241 149.816  14.631  88.301 149.137  13.775  89.933 153.352
  10.983  90.034 152.066  12.111  88.922 151.265  12.483  91.187 151.532  12.593
  87.671 151.560  12.096  89.243 150.155  13.260  91.626 150.704  13.334  90.628
 150.072  13.724  85.205 156.213  13.987  84.601 157.185  13.054  85.921 156.858
  14.897  83.860 156.806  12.146  84.839 158.620  13.301  86.101 157.999  15.099
  85.572 159.141  14.414  85.599 160.281  14.885  84.417 159.364  12.757  87.199
 154.314  13.805  88.225 153.756  14.626  82.324 155.250  14.412  81.109 154.740
  14.636
  84.598 152.104  14.031  85.793 152.749  13.764  83.877 153.295  14.049  86.339
 153.951  13.620  84.029 154.606  14.074  85.370 154.929  13.829  88.082 148.073
  13.825  86.918 148.490  13.067  87.223 148.676  14.834  85.739 148.967  12.908
  86.081 149.122  15.253  84.998 149.404  14.190  83.672 148.699  14.372  84.222
 150.813  14.197  83.335 149.940  14.357  88.252 149.416  13.596  89.690 153.396
  10.443  89.902 152.095  11.634  88.851 151.253  12.071  91.008 151.755  12.307
  87.636 151.206  11.547  89.155 150.376  13.070  91.471 151.135  13.250  90.597
 150.326  13.542  85.765 156.259  13.797  85.021 157.319  13.022  86.227 156.953
  14.841  84.355 157.022  12.053  85.010 158.665  13.538  86.279 157.997  15.359
  85.566 159.218  14.738  85.399 160.344  15.172  84.401 159.254  12.981  87.651
 154.184  13.388  88.460 153.686  14.281  83.026 155.525  14.343  81.771 155.219
  14.176
  84.479 152.121  13.924  85.673 152.848  13.882  83.611 153.212  14.063  86.162
 154.077  13.875  83.695 154.546  13.921  85.062 154.964  13.881  88.134 148.166
  13.109  87.113 148.786  12.348  87.245 148.549  14.165  85.898 149.251  12.299
  86.117 148.955  14.526  85.021 149.544  13.582  83.737 148.748  13.612  84.238
 150.816  13.779  83.304 149.947  13.810  88.455 149.453  13.287  90.763 153.237
  10.460  90.488 152.103  11.801  89.533 151.145  11.818  91.189 152.091  12.930
  88.704 150.935  10.773  89.461 150.409  13.035  91.320 151.614  14.018  90.482
 150.682  14.063  85.446 156.352  13.782  85.166 157.331  12.740  85.847 156.992
  14.812  84.715 156.989  11.657  85.401 158.785  13.004  85.984 158.145  15.144
  85.870 159.302  14.208  86.264 160.483  14.366  85.158 159.454  12.283  87.501
 154.410  13.954  88.361 153.575  14.403  82.607 155.387  13.891  81.358 154.954
  13.955
  84.760 151.809  13.469  85.897 152.657  13.312  83.926 152.869  13.808  86.278
 153.921  13.329  83.866 154.198  13.916  85.177 154.754  13.688  88.259 147.475
  13.067  87.235 148.095  12.162  87.460 148.199  14.040  86.093 148.641  12.029
  86.379 148.768  14.360  85.301 149.123  13.297  83.991 148.482  13.525  84.524
 150.458  13.390  83.570 149.637  13.445  88.689 148.730  12.887  90.851 152.596
   9.912  90.741 151.425  11.180  89.628 150.604  11.411  91.691 151.100  12.022
  88.535 150.670  10.691  89.743 149.631  12.417  92.071 150.342  12.922  91.055
 149.670  13.174  85.377 156.078  13.828  85.841 156.971  12.796  85.248 156.753
  14.957  86.050 156.517  11.660  86.018 158.396  13.164  85.348 157.908  15.258
  85.743 159.050  14.395  85.945 160.200  14.675  86.259 158.993  12.382  87.543
 154.418  13.113  88.544 153.790  12.446  82.720 154.887  14.161  81.551 154.238
  14.311
  84.993 151.210  13.866  86.107 152.026  13.527  84.218 152.327  14.141  86.445
 153.277  13.489  84.199 153.680  14.142  85.435 154.164  13.860  88.653 147.056
  12.802  87.470 147.631  12.154  88.030 147.732  13.957  86.335 148.160  12.285
  87.028 148.235  14.500  85.765 148.600  13.630  84.523 147.821  14.000  84.896
 149.901  13.900  84.040 148.986  14.037  89.007 148.370  12.656  91.016 152.717
  10.258  90.980 151.286  11.280  89.909 150.423  11.402  91.943 150.789  12.035
  88.774 150.689  10.806  90.050 149.322  12.250  92.343 149.959  12.786  91.420
 149.189  12.866  85.746 155.523  13.941  86.288 156.394  12.895  85.603 156.275
  15.036  86.456 155.944  11.783  86.517 157.793  13.132  85.788 157.396  15.341
  86.275 158.481  14.408  86.498 159.663  14.578  86.899 158.299  12.342  87.747
 153.713  13.121  88.845 152.962  13.193  83.014 154.505  14.429  81.832 153.915
  14.590
  84.836 151.492  13.532  85.909 152.420  13.455  83.914 152.555  13.700  86.241
 153.653  13.653  83.820 153.870  13.906  85.056 154.409  13.853  88.472 147.183
  12.584  87.337 147.958  11.908  87.691 147.737  13.735  86.190 148.494  11.990
  86.633 148.229  14.230  85.481 148.763  13.310  84.160 148.064  13.454  84.725
 150.166  13.445  83.827 149.258  13.477  88.757 148.496  12.742  92.103 151.529
  10.018  91.441 150.753  11.450  90.216 150.062  11.468  91.985 150.715  12.668
  89.371 149.977  10.413  89.892 149.400  12.655  91.791 150.384  13.806  90.857
 149.581  13.756  85.170 155.813  13.958  85.793 156.658  12.896  85.118 156.558
  15.009  85.887 156.276  11.756  86.010 158.130  13.163  85.331 157.713  15.229
  85.928 158.791  14.455  86.343 159.878  14.708  86.177 158.692  12.337  87.482
 154.228  13.607  88.500 153.729  12.890  82.624 154.531  14.224  81.538 153.811
  14.330
  84.791 151.817  13.760  85.800 152.744  13.493  83.859 152.835  14.157  86.049
 154.029  13.542  83.663 154.118  14.300  84.876 154.743  13.938  88.411 147.861
  12.227  87.080 148.409  11.804  87.789 148.356  13.485  85.889 148.799  12.038
  86.782 148.709  14.207  85.420 149.115  13.427  84.272 148.324  13.841  84.631
 150.442  13.778  83.848 149.458  14.101  88.669 149.210  12.213  92.217 152.327
   9.776  91.202 151.596  11.026  90.238 150.602  10.921  91.186 152.013  12.261
  89.884 149.939   9.800  89.687 150.206  12.137  90.823 151.862  13.395  90.095
 150.915  13.333  84.943 156.105  14.083  85.286 157.056  13.027  85.207 156.751
  15.193  85.169 156.821  11.859  85.782 158.398  13.390  85.688 157.778  15.531
  86.053 158.870  14.705  86.293 160.099  14.940  85.904 159.035  12.611  87.200
 154.728  13.186  88.030 154.289  12.268  82.528 154.711  14.733  81.425 154.017
  14.756
  84.756 152.084  13.911  85.768 152.944  13.543  83.921 153.153  14.203  86.119
 154.251  13.455  83.817 154.475  14.262  85.041 154.991  13.907  88.475 148.339
  12.182  87.299 149.092  11.685  87.785 148.763  13.473  86.129 149.533  11.854
  86.745 149.097  14.078  85.499 149.591  13.273  84.301 148.706  13.480  84.675
 150.757  13.840  83.813 149.809  13.918  88.700 149.654  12.245  91.433 152.953
   9.135  90.865 152.209  10.649  89.921 151.191  10.673  91.321 152.539  11.877
  89.332 150.621   9.600  89.683 150.719  11.981  91.209 152.239  13.027  90.356
 151.344  13.095  85.076 156.400  14.040  85.453 157.273  12.883  85.241 157.065
  15.170  85.328 156.837  11.759  85.929 158.563  13.239  85.658 158.093  15.521
  86.188 159.170  14.593  86.562 160.319  14.801  86.186 159.226  12.517  87.308
 154.865  13.107  87.902 154.418  11.992  82.630 155.036  14.671  81.566 154.464
  14.242
  84.884 152.288  13.520  86.046 153.018  13.367  84.104 153.414  13.919  86.566
 154.219  13.608  84.229 154.772  14.163  85.569 155.141  13.968  87.943 147.822
  11.803  86.831 148.662  11.361  87.360 148.361  13.069  85.749 149.346  11.504
  86.443 148.992  13.732  85.243 149.684  12.959  83.912 149.033  13.309  84.548
 151.013  13.431  83.607 150.189  13.663  88.436 149.174  11.931  91.144 152.264
   8.700  90.719 151.494  10.071  89.707 150.565  10.238  91.258 151.630  11.245
  88.872 150.196   9.218  89.521 150.081  11.551  91.272 151.430  12.426  90.439
 150.561  12.617  85.868 156.568  14.082  85.865 157.507  12.969  85.904 157.223
  15.219  85.752 157.146  11.778  86.018 158.875  13.283  85.953 158.365  15.501
  86.177 159.503  14.559  86.385 160.709  14.658  85.900 159.495  12.490  87.853
 154.491  13.451  88.600 153.893  12.525  83.258 155.547  14.602  82.001 155.215
  14.197
  84.831 151.512  13.549  85.822 152.448  13.173  84.031 152.498  14.051  86.157
 153.740  13.288  83.932 153.817  14.295  85.123 154.438  13.906  88.397 147.862
  11.249  87.158 148.510  10.930  87.901 148.169  12.577  86.028 148.961  11.274
  86.921 148.459  13.353  85.514 148.940  12.776  84.378 148.041  13.028  84.711
 150.145  13.397  84.006 149.134  13.580  88.659 149.188  11.424  91.363 152.729
   8.527  90.895 151.848   9.955  89.903 150.913   9.992  91.435 151.961  11.141
  89.111 150.699   8.887  89.694 150.270  11.247  91.526 151.510  12.236  90.673
 150.611  12.315  85.300 155.798  14.037  85.181 156.755  12.913  85.711 156.496
  15.026  84.769 156.336  11.840  85.537 158.223  13.178  86.107 157.589  15.336
  86.034 158.753  14.431  86.338 159.902  14.721  85.515 158.812  12.354  87.285
 154.238  12.691  88.011 153.480  11.884  82.788 154.435  14.755  81.571 154.036
  14.347
  85.164 151.708  13.226  86.128 152.724  13.065  84.243 152.640  13.732  86.427
 154.020  13.250  84.042 153.972  14.033  85.272 154.671  13.740  89.158 148.333
  11.646  87.802 148.704  11.097  88.332 148.572  12.842  86.540 148.934  11.197
  87.168 148.723  13.392  85.924 149.151  12.555  84.698 148.270  12.751  85.068
 150.343  12.977  84.251 149.351  13.159  89.151 149.753  11.780  90.960 153.488
   8.597  90.675 152.663  10.166  89.687 151.687  10.369  91.480 152.737  11.209
  88.772 151.454   9.517  89.864 150.956  11.512  91.727 152.259  12.321  90.998
 151.277  12.460  85.269 156.110  13.887  85.771 157.154  12.970  85.038 156.704
  15.041  85.848 156.903  11.780  85.999 158.470  13.505  85.205 157.781  15.494
  85.792 158.907  14.808  86.021 160.059  15.148  86.286 159.119  12.781  87.626
 154.684  12.835  88.272 154.289  11.770  82.882 154.510  14.533  81.670 153.985
  14.363
  85.291 151.706  13.838  86.249 152.665  13.543  84.399 152.594  14.371  86.510
 153.988  13.665  84.240 153.918  14.579  85.400 154.628  14.249  88.774 148.238
  11.360  87.486 148.862  11.128  88.358 148.505  12.721  86.367 149.244  11.545
  87.423 148.783  13.542  86.047 149.235  13.110  84.939 148.301  13.530  85.288
 150.370  13.723  84.548 149.402  13.941  89.024 149.523  11.537  91.744 153.054
   8.774  91.149 152.197  10.181  90.281 151.167  10.065  91.528 152.425  11.441
  89.682 150.757   8.914  90.011 150.580  11.330  91.396 152.139  12.605  90.663
 151.159  12.490  85.344 156.033  14.313  85.625 156.915  13.126  85.636 156.727
  15.392  85.320 156.561  12.037  86.264 158.228  13.410  85.972 157.853  15.627
  86.386 158.891  14.665  86.798 160.040  14.817  86.581 158.772  12.616  87.575
 154.633  13.128  88.693 154.055  12.681  83.019 154.431  15.064  81.867 153.804
  14.954
  85.762 151.582  13.667  86.899 152.260  13.371  85.042 152.674  14.146  87.411
 153.526  13.436  85.209 153.999  14.367  86.433 154.377  13.931  89.116 147.941
  11.563  87.847 148.591  11.206  88.515 148.224  12.854  86.614 148.915  11.453
  87.541 148.466  13.620  86.222 148.937  12.955  84.952 148.190  13.284  85.478
 150.242  13.519  84.589 149.314  13.669  89.322 149.252  11.838  91.057 153.343
   9.003  91.039 152.135  10.267  90.106 151.064  10.339  91.786 152.121  11.381
  89.189 150.786   9.395  90.135 150.345  11.473  92.002 151.638  12.455  91.157
 150.718  12.522  86.859 155.740  14.018  86.675 156.740  12.974  87.095 156.385
  15.126  86.329 156.457  11.824  86.918 158.172  13.315  87.141 157.527  15.420
  87.174 158.743  14.614  87.239 159.917  14.896  86.829 158.867  12.583  88.673
 153.821  12.938  88.777 154.053  11.634  84.308 154.835  14.854  83.033 154.557
  14.590
  85.812 151.728  13.846  86.931 152.528  13.603  85.030 152.791  14.252  87.260
 153.841  13.693  84.930 154.134  14.386  86.220 154.631  14.098  88.849 147.840
  11.825  87.622 148.426  11.448  88.283 148.183  13.107  86.445 148.827  11.673
  87.327 148.459  13.839  86.008 148.980  13.157  84.651 148.389  13.444  85.498
 150.415  13.662  84.471 149.608  13.726  89.046 149.126  11.976  91.265 153.317
   9.436  90.976 152.068  10.693  90.080 151.023  10.571  91.587 152.004  11.839
  89.405 150.799   9.480  89.918 150.232  11.715  91.619 151.397  12.907  90.734
 150.509  12.859  86.354 155.952  14.293  86.481 156.959  13.208  86.502 156.619
  15.422  86.335 156.702  12.034  86.620 158.335  13.520  86.685 157.754  15.688
  86.872 158.931  14.808  87.326 160.118  14.998  86.760 158.851  12.659  88.541
 154.189  13.534  88.846 155.051  12.661  83.834 154.880  14.616  82.642 154.342
  14.683
  85.392 151.344  13.700  86.564 152.059  13.542  84.667 152.522  13.961  87.060
 153.293  13.533  84.777 153.809  14.228  86.090 154.190  13.927  88.935 147.705
  12.495  87.617 148.204  11.973  88.172 148.024  13.714  86.415 148.491  12.128
  87.132 148.334  14.323  85.843 148.730  13.518  84.588 148.000  13.799  85.023
 150.033  13.759  84.118 149.185  13.818  88.992 149.093  12.525  90.474 152.936
   9.325  90.460 151.971  10.719  89.595 150.882  10.862  91.148 152.186  11.805
  88.711 150.441   9.994  89.717 150.258  12.132  91.366 151.863  12.961  90.658
 150.872  13.149  86.477 155.510  14.088  86.379 156.561  13.108  86.782 156.049
  15.227  86.299 156.353  11.896  86.602 157.984  13.617  86.943 157.137  15.651
  86.889 158.390  14.974  87.112 159.497  15.367  86.626 158.749  12.953  88.414
 153.584  13.238  88.697 154.519  12.351  83.774 154.600  14.717  82.588 154.112
  14.960
  85.032 151.660  14.144  86.088 152.492  14.021  84.143 152.753  14.496  86.493
 153.773  14.059  84.090 154.094  14.659  85.355 154.572  14.465  88.805 148.059
  12.655  87.564 148.534  12.156  88.094 148.502  13.880  86.347 148.947  12.336
  87.086 148.857  14.504  85.749 149.087  13.752  84.563 148.224  14.152  84.889
 150.302  14.066  84.083 149.365  14.272  88.925 149.400  12.720  91.466 152.548
   9.309  90.874 151.976  10.865  89.956 150.943  11.026  91.326 152.357  12.010
  89.395 150.265  10.006  89.770 150.524  12.367  91.413 152.111  13.173  90.597
 151.224  13.381  85.586 155.972  14.555  85.153 157.007  13.552  86.156 156.587
  15.558  84.547 156.637  12.564  85.483 158.326  13.748  86.561 157.722  15.765
  86.261 158.910  14.828  86.736 160.011  14.789  85.148 158.971  13.042  87.850
 154.195  14.024  88.238 155.020  13.049  82.984 154.816  14.955  81.735 154.256
  14.835
  85.383 151.461  13.941  86.526 152.275  13.832  84.504 152.576  14.199  86.982
 153.468  13.797  84.540 153.893  14.318  85.840 154.306  14.135  89.155 147.909
  12.930  87.945 148.351  12.246  88.227 148.251  14.031  86.715 148.587  12.195
  87.099 148.503  14.557  85.919 148.796  13.521  84.657 148.090  13.618  85.153
 150.193  13.793  84.237 149.299  13.843  89.215 149.245  12.960  90.659 153.276
  10.078  90.643 152.218  11.383  89.953 151.035  11.398  91.189 152.490  12.520
  89.406 150.525  10.302  89.882 150.435  12.657  91.269 152.222  13.672  90.593
 151.158  13.769  86.076 155.688  14.400  86.010 156.746  13.439  86.478 156.278
  15.591  85.582 156.562  12.309  86.283 158.149  13.959  86.713 157.294  15.958
  86.751 158.539  15.240  87.017 159.694  15.618  86.059 158.953  13.385  88.287
 153.796  13.525  88.689 154.991  13.346  83.536 154.749  14.602  82.367 154.425
  15.182
  85.586 151.215  14.065  86.590 152.106  13.842  84.706 152.317  14.285  87.026
 153.360  13.919  84.618 153.658  14.391  85.896 154.211  14.238  89.482 147.835
  13.122  88.180 148.112  12.567  88.765 148.168  14.329  86.927 148.340  12.694
  87.709 148.473  14.950  86.377 148.583  14.117  85.130 147.784  14.389  85.494
 149.912  14.208  84.611 148.990  14.406  89.459 149.181  13.005  90.572 153.395
   9.909  90.825 152.140  11.127  89.843 151.135  11.439  91.921 151.937  11.798
  88.612 151.101  10.860  90.261 150.220  12.401  92.480 151.228  12.601  91.638
 150.407  12.980  86.095 155.627  14.435  86.045 156.804  13.448  86.551 156.084
  15.528  85.709 156.627  12.323  86.484 158.056  13.880  86.992 157.122  15.988
  87.090 158.385  15.144  87.354 159.556  15.418  86.521 158.783  13.174  88.303
 153.758  13.690  88.656 154.332  12.629  83.525 154.394  14.801  82.325 153.803
  14.796
  85.451 151.574  14.072  86.593 152.309  14.055  84.589 152.637  14.321  86.972
 153.591  14.102  84.570 153.977  14.456  85.885 154.436  14.368  89.202 147.925
  12.767  87.948 148.296  12.234  88.559 148.439  13.954  86.728 148.677  12.349
  87.469 148.830  14.530  86.090 148.952  13.796  84.818 148.165  14.164  85.235
 150.257  14.021  84.326 149.382  14.226  89.338 149.269  12.593  90.108 153.259
   9.075  90.411 152.143  10.459  89.586 151.091  10.831  91.378 152.233  11.313
  88.569 150.685  10.120  89.980 150.376  12.006  91.910 151.790  12.290  91.189
 150.822  12.654  86.045 155.851  14.367  85.443 156.713  13.366  86.535 156.554
  15.312  84.849 156.269  12.377  85.580 158.126  13.548  86.616 157.723  15.532
  86.206 158.813  14.684  86.155 160.001  14.982  85.129 158.734  12.875  88.276
 153.964  13.986  88.655 154.599  12.931  83.408 154.708  14.644  82.304 154.096
  15.209
  85.390 151.548  14.035  86.473 152.369  13.869  84.532 152.624  14.117  86.849
 153.622  13.743  84.466 153.962  14.084  85.759 154.476  13.915  88.877 147.812
  12.518  87.568 148.358  12.124  88.257 148.048  13.835  86.412 148.753  12.407
  87.192 148.372  14.494  85.856 148.914  13.809  84.621 148.184  14.159  85.159
 150.239  14.104  84.284 149.401  14.412  88.991 149.108  12.765  89.920 152.789
   9.115  89.924 152.133  10.740  89.423 150.844  10.950  90.495 152.579  11.842
  88.790 150.190   9.943  89.599 150.321  12.257  90.840 152.338  12.978  90.358
 151.214  13.257  85.890 155.903  13.920  85.186 156.915  13.148  86.414 156.511
  14.956  84.472 156.605  12.307  85.378 158.283  13.460  86.490 157.637  15.315
  86.049 158.846  14.571  86.161 159.994  14.811  84.798 158.912  12.916  88.183
 153.878  13.457  88.362 154.899  12.662  83.343 154.733  14.329  82.178 154.193
  14.652
  85.495 151.682  13.850  86.546 152.528  13.574  84.639 152.693  14.151  86.921
 153.809  13.410  84.619 154.025  14.281  85.842 154.608  13.818  89.319 147.912
  13.240  88.075 148.199  12.562  88.504 148.618  14.270  86.860 148.600  12.520
  87.426 149.011  14.731  86.141 149.060  13.788  84.990 148.298  14.297  85.316
 150.389  13.928  84.499 149.436  14.271  89.427 149.280  12.901  90.450 153.208
   9.896  90.716 151.985  11.020  89.790 151.066  11.409  91.805 151.866  11.749
  88.559 150.940  10.920  90.210 150.257  12.429  92.352 151.322  12.652  91.546
 150.453  13.031  85.936 156.022  13.914  85.395 157.012  12.982  86.310 156.666
  14.943  84.897 156.640  11.909  85.445 158.500  13.382  86.385 157.770  15.363
  85.935 158.995  14.625  85.888 160.206  14.939  85.083 159.140  12.684  88.129
 154.045  12.794  88.155 155.127  12.059  83.638 154.799  14.845  82.462 154.857
  14.278
  85.406 151.754  14.073  86.520 152.485  13.673  84.685 152.924  14.215  86.953
 153.756  13.530  84.727 154.212  14.315  85.971 154.679  13.941  89.162 147.790
  13.217  87.944 148.256  12.518  88.433 148.370  14.297  86.751 148.666  12.552
  87.377 148.799  14.842  86.108 149.088  13.930  84.853 148.334  14.303  85.263
 150.406  14.107  84.422 149.538  14.432  89.391 149.121  13.087  90.160 152.532
   9.200  90.515 151.513  10.550  89.564 150.798  11.214  91.726 151.389  11.034
  88.322 150.749  10.772  90.086 150.060  12.323  92.329 150.823  11.872  91.562
 150.115  12.521  86.159 156.047  13.935  85.356 157.077  13.287  86.999 156.640
  14.713  84.567 156.740  12.405  85.648 158.460  13.703  87.352 157.770  14.973
  86.618 158.905  14.607  86.702 160.112  14.761  85.056 159.189  13.324  88.158
 154.207  12.910  88.577 153.763  11.788  83.635 154.998  14.683  82.393 154.496
  14.501
  85.483 151.723  13.862  86.713 152.352  13.661  84.820 152.926  14.080  87.241
 153.553  13.562  84.911 154.236  14.071  86.236 154.535  13.845  88.712 147.534
  13.051  87.529 147.995  12.373  87.995 148.178  14.125  86.357 148.521  12.355
  86.905 148.688  14.675  85.732 149.037  13.709  84.349 148.478  14.111  85.105
 150.454  13.877  84.075 149.753  14.181  88.917 148.871  12.768  90.315 151.884
   8.589  90.409 151.233  10.283  89.599 150.177  10.750  91.196 151.649  11.252
  88.684 149.612   9.925  89.736 149.864  12.095  91.509 151.495  12.406  90.769
 150.640  12.899  86.585 155.887  13.743  85.830 156.848  13.043  87.248 156.540
  14.689  85.211 156.560  12.010  85.968 158.243  13.379  87.420 157.644  15.071
  86.726 158.869  14.428  86.781 160.079  14.672  85.303 158.821  12.878  88.513
 153.827  13.137  88.703 154.295  11.944  83.903 155.103  14.478  82.638 154.634
  14.453
  85.013 151.800  13.652  86.320 152.461  13.669  84.347 152.978  13.726  86.923
 153.621  13.655  84.545 154.345  13.709  85.933 154.630  13.723  88.318 147.575
  12.911  87.228 148.189  12.116  87.481 148.131  13.980  86.050 148.720  12.080
  86.414 148.673  14.370  85.322 149.103  13.336  83.970 148.433  13.366  84.636
 150.454  13.569  83.641 149.676  13.520  88.634 148.904  12.821  90.379 152.526
   9.479  90.365 151.501  10.937  89.407 150.576  11.207  91.234 151.518  11.893
  88.330 150.484  10.441  89.547 149.836  12.358  91.613 150.992  12.927  90.824
 150.053  13.138  86.329 155.937  13.800  85.775 157.112  12.972  86.793 156.497
  14.856  85.282 156.809  11.877  86.087 158.495  13.367  86.944 157.580  15.316
  86.658 158.891  14.588  86.864 159.994  14.922  85.817 159.199  12.690  88.303
 153.789  13.492  88.790 154.492  12.488  83.484 155.293  13.683  82.643 155.277
  14.697
  84.639 152.029  14.130  85.891 152.724  13.888  84.005 153.257  14.312  86.430
 153.886  13.922  84.182 154.605  14.324  85.494 154.893  14.117  87.975 148.069
  13.040  86.782 148.570  12.376  87.225 148.556  14.164  85.567 148.939  12.427
  86.143 148.919  14.715  84.960 149.298  13.803  83.650 148.661  14.157  84.344
 150.701  14.156  83.385 149.917  14.383  88.181 149.422  12.960  90.714 152.309
   9.314  90.239 151.758  10.865  89.257 150.792  11.158  90.777 152.088  11.998
  88.565 150.185  10.164  89.061 150.465  12.524  90.854 151.987  13.142  89.945
 151.216  13.486  85.944 156.263  14.008  85.423 157.209  13.084  86.547 156.921
  14.990  84.704 156.858  12.176  85.826 158.592  13.264  86.920 158.011  15.231
  86.616 159.156  14.336  87.010 160.354  14.317  85.827 159.168  12.431  87.776
 154.136  13.720  88.199 154.538  12.509  83.094 155.460  14.463  81.807 155.008
  14.380
  84.715 152.219  14.147  85.914 152.897  13.972  84.014 153.321  14.302  86.405
 154.135  13.969  84.005 154.676  14.361  85.316 155.085  14.192  87.308 147.684
  12.664  86.237 148.577  12.197  86.749 148.167  13.948  85.232 149.282  12.390
  85.898 148.814  14.626  84.767 149.532  13.838  83.315 148.987  14.089  84.240
 150.937  14.107  83.174 150.204  14.281  87.809 148.843  12.857  90.548 151.935
   9.418  89.964 151.239  10.960  89.344 149.988  11.152  90.086 151.840  12.116
  89.142 149.077  10.183  88.810 149.795  12.488  89.870 151.871  13.297  89.173
 150.878  13.469  85.560 156.480  14.203  85.716 157.293  13.016  86.053 157.140
  15.207  85.519 156.919  11.860  86.168 158.653  13.180  86.492 158.202  15.340
  86.686 159.258  14.362  87.085 160.397  14.494  86.347 159.068  12.273  87.704
 154.403  13.911  88.167 155.245  13.033  82.927 155.495  14.576  81.706 155.067
  14.442
  84.146 152.534  14.209  85.416 153.068  14.206  83.583 153.777  14.227  86.096
 154.233  14.317  83.898 155.132  14.403  85.227 155.334  14.421  87.093 148.154
  13.630  85.974 148.692  12.825  86.285 148.865  14.619  84.837 149.224  12.716
  85.199 149.446  14.998  84.116 149.844  14.041  82.658 149.382  14.392  83.566
 151.319  14.168  82.473 150.708  14.335  87.446 149.454  13.333  90.829 151.596
   9.890  90.065 151.252  11.446  88.902 150.508  11.662  90.401 151.754  12.577
  88.373 149.793  10.661  88.423 150.390  12.940  90.077 151.953  13.722  89.074
 151.274  13.952  85.654 156.692  14.504  85.739 157.614  13.335  86.323 157.311
  15.495  85.185 157.362  12.320  86.422 158.910  13.479  86.955 158.305  15.627
  87.160 159.384  14.653  87.652 160.476  14.768  86.390 159.533  12.680  87.443
 154.229  14.261  88.013 155.031  13.373  82.972 156.203  14.351  81.784 156.016
  13.838
  84.598 152.528  14.156  85.856 152.964  13.940  84.095 153.799  14.123  86.621
 154.043  13.720  84.420 155.105  14.079  85.792 155.148  13.809  87.193 147.767
  13.424  86.192 148.555  12.797  86.606 148.445  14.604  85.170 149.291  12.790
  85.689 149.171  15.081  84.607 149.849  14.100  83.168 149.415  14.306  84.059
 151.279  14.281  83.011 150.665  14.367  87.700 148.953  13.443  90.244 152.097
  10.154  89.876 151.188  11.632  88.778 150.412  11.801  90.621 151.223  12.747
  87.815 150.163  10.831  88.689 149.857  13.102  90.647 151.008  13.931  89.641
 150.302  14.157  86.283 156.498  13.651  85.698 157.500  12.705  86.902 157.128
  14.576  84.958 157.200  11.755  85.959 158.952  13.063  87.155 158.225  14.849
  86.714 159.428  14.215  86.972 160.583  14.446  85.396 159.694  12.663  87.963
 154.040  13.499  88.553 154.844  12.639  83.647 156.169  14.334  82.338 156.137
  14.050
  84.589 152.271  14.140  85.843 152.763  13.891  83.967 153.519  14.213  86.580
 153.886  13.884  84.305 154.856  14.062  85.691 154.948  13.947  87.681 148.019
  13.258  86.541 148.610  12.573  86.931 148.644  14.349  85.404 149.140  12.541
  85.881 149.198  14.817  84.717 149.630  13.858  83.389 148.984  14.223  84.105
 150.987  14.186  83.153 150.212  14.362  87.913 149.413  13.158  90.260 152.864
   9.976  90.018 151.928  11.462  88.922 151.095  11.620  90.788 151.879  12.561
  88.010 150.880  10.651  88.855 150.447  12.825  90.927 151.389  13.653  89.917
 150.683  13.855  86.218 156.256  13.822  85.800 157.240  12.759  86.696 156.949
  14.836  85.109 156.872  11.798  86.212 158.575  12.941  86.984 158.038  15.066
  86.839 159.189  14.140  87.106 160.398  14.135  86.092 159.154  12.119  87.919
 153.878  13.791  88.565 154.502  12.793  83.375 155.891  14.081  82.284 155.636
  14.678
