#Frame       SA_00001
       1   20984.9160
       2   22077.6234
       3   22743.4036
       4   22960.3470
       5   23080.2558
       6   22936.4076
       7   23544.9877
       8   23174.8315
       9   23264.9689
      10   23794.8154
      11   23661.3319
      12   23615.2974
      13   23328.8626
      14   23192.5040
      15   23166.1800
      16   22834.4176
      17   22702.0330
      18   22685.3979
      19   22614.9408
      20   22383.9901
      21   22568.3527
      22   22544.7208
      23   22460.7455
      24   22616.6959
      25   22915.2280
      26   22775.6639
      27   22843.5888
      28   22890.0074
      29   22713.4319
      30   22696.1128
      31   22887.1296
      32   23352.7941
      33   23535.1205
      34   23239.2218
      35   23171.9885
      36   22968.9774
      37   23378.9379
      38   23384.6765
      39   23508.9093
      40   23738.6621
      41   23529.5421
      42   23237.8267
      43   23304.0262
      44   23253.9794
      45   23792.1279
      46   23978.7829
      47   24083.8285
      48   23897.7953
      49   23890.4863
      50   23598.2790
