#Frame       SA_00001
       1   21115.4542
       2   22186.3194
       3   22548.3721
       4   22488.0919
       5   22978.2860
       6   23457.5367
       7   23179.8779
       8   23558.7598
       9   23662.4875
      10   23666.9740
      11   23573.0746
      12   24157.9062
      13   24425.1830
      14   24299.4502
      15   23835.4020
      16   24122.1096
      17   24470.6207
      18   24209.0584
      19   23997.4824
      20   24007.7496
      21   23784.7298
      22   24082.7157
      23   23874.5027
      24   24057.8210
      25   24070.9918
      26   23905.2365
      27   23798.3398
      28   23721.0511
      29   24198.2245
      30   24092.6722
      31   24382.9958
      32   24279.9741
      33   24292.7082
      34   24527.7402
      35   24822.6605
      36   24910.7508
      37   24697.4402
      38   24246.6089
      39   24217.4854
      40   23960.6618
      41   23811.7497
      42   23749.8709
      43   24059.3093
      44   24049.7975
      45   24053.5171
      46   23986.3688
      47   23697.6352
      48   23847.7466
      49   23837.0841
      50   23644.4587
