Cpptraj Generated trajectory                                                    
  85.049 153.829  13.881  85.232 152.927  14.939  85.400 153.239  12.757  85.936
 151.765  14.764  85.929 152.222  12.485  86.224 151.241  13.454  86.428 150.863
  15.689  86.799 149.997  13.624  86.018 149.799  14.845  87.776 150.852  15.674
  88.126 150.117  14.083  84.784 149.201  14.902  88.866 151.035  14.828  84.469
 148.433  14.009  83.799 155.586  11.868  84.292 156.058  12.862  84.662 155.213
  13.963  84.450 157.520  12.953  85.026 156.002  14.923  84.970 158.228  14.125
  85.231 157.145  15.082  85.306 159.408  14.081  84.259 158.117  12.157  84.777
 153.201  16.199  83.970 152.355  16.884  84.154 149.434  16.099  82.898 148.733
  16.404  83.113 147.265  16.394  81.827 149.114  15.441  82.490 149.170  17.712
  88.946 149.843  15.491  89.813 149.269  16.443  89.527 149.101  17.843  91.107
 148.841  16.078  90.438 148.765  18.575  91.894 148.461  16.946  91.539 148.429
  18.157
  86.446 153.818  13.616  86.455 152.942  14.718  86.934 153.183  12.623  87.057
 151.669  14.695  87.372 152.078  12.461  87.414 151.121  13.438  87.138 150.696
  15.592  87.658 149.799  13.609  86.675 149.762  14.656  88.444 150.281  15.840
  88.802 149.436  14.307  85.563 148.953  14.788  89.699 150.004  15.207  85.183
 148.124  14.008  85.417 155.261  11.170  85.518 155.846  12.238  85.793 155.136
  13.529  85.409 157.321  12.300  85.738 156.071  14.489  85.416 158.162  13.481
  85.577 157.258  14.563  85.411 159.385  13.458  85.243 157.752  11.398  85.918
 153.386  15.874  84.731 152.869  16.289  84.864 149.316  15.889  83.722 148.613
  16.520  84.070 147.149  16.711  82.535 148.695  15.720  83.612 149.190  17.870
  89.245 148.858  15.702  89.570 147.604  16.297  88.904 147.360  17.545  90.526
 146.600  15.887  89.217 146.387  18.204  90.565 145.570  16.592  90.031 145.508
  17.706
  86.276 153.431  13.376  86.247 152.553  14.492  86.770 152.759  12.306  86.654
 151.184  14.416  87.085 151.639  12.131  87.062 150.670  13.111  86.593 150.085
  15.197  87.265 149.306  13.205  86.172 149.266  14.144  87.782 149.529  15.588
  88.302 148.921  13.975  85.161 148.317  14.182  89.088 149.391  15.055  84.812
 147.578  13.228  86.469 155.275  11.204  86.261 155.721  12.274  85.965 154.820
  13.382  86.037 157.129  12.449  85.634 155.526  14.427  85.663 157.781  13.644
  85.452 156.666  14.625  85.409 158.926  13.769  86.306 157.706  11.660  85.852
 153.051  15.686  84.674 152.648  16.190  84.524 148.181  15.400  83.484 147.186
  15.680  83.987 145.821  15.403  82.204 147.463  14.975  83.270 147.259  17.087
  88.614 148.157  15.376  88.907 146.863  15.795  88.221 146.270  16.881  89.691
 145.937  15.065  88.337 145.071  17.112  89.772 144.776  15.426  88.957 144.387
  16.315
  85.906 153.630  13.367  85.767 152.612  14.326  86.577 153.101  12.344  86.351
 151.331  14.115  87.089 152.030  12.110  87.032 150.896  12.924  86.320 150.222
  14.923  87.307 149.561  13.090  86.118 149.307  13.825  87.593 149.824  15.423
  88.363 149.243  13.942  85.402 148.121  13.853  88.973 149.737  15.155  85.595
 147.366  12.906  85.908 155.859  11.227  85.735 156.088  12.400  85.576 155.027
  13.402  85.660 157.438  12.819  85.416 155.665  14.520  85.583 158.014  14.159
  85.387 156.760  14.943  85.518 159.176  14.518  85.598 158.148  12.099  85.108
 152.946  15.444  84.189 152.004  15.926  84.609 147.949  14.934  83.968 146.754
  15.320  84.840 145.631  15.561  83.022 146.312  14.280  83.107 147.039  16.538
  88.482 148.493  15.379  88.690 147.264  15.932  88.035 146.800  17.085  89.341
 146.155  15.243  87.991 145.612  17.399  89.223 145.012  15.640  88.716 144.848
  16.776
  86.101 153.845  13.556  85.819 152.748  14.487  86.815 153.354  12.591  86.293
 151.428  14.254  87.141 152.258  12.241  86.900 151.118  13.024  86.263 150.226
  14.883  87.103 149.790  12.900  85.944 149.467  13.757  87.447 149.702  15.271
  88.136 149.323  13.632  85.134 148.286  13.755  88.786 149.642  14.859  84.886
 147.691  12.715  86.004 155.885  11.397  85.796 156.226  12.582  85.643 155.238
  13.672  85.700 157.659  12.928  85.444 155.912  14.786  85.755 158.200  14.248
  85.492 157.025  15.078  86.018 159.371  14.561  85.907 158.362  12.228  85.115
 153.078  15.567  84.065 152.255  15.913  84.465 148.087  14.916  83.776 146.880
  15.242  84.564 145.614  14.956  82.494 146.809  14.570  83.525 146.858  16.685
  88.338 148.408  15.110  88.338 147.251  15.979  87.319 147.044  16.971  89.276
 146.197  15.988  87.400 146.139  17.793  89.242 145.318  16.832  88.252 145.248
  17.557
  85.726 154.036  13.477  85.447 153.061  14.508  86.680 153.582  12.689  86.050
 151.747  14.499  87.197 152.537  12.569  86.898 151.438  13.389  85.830 150.582
  15.143  87.146 150.055  13.422  85.831 149.867  13.914  86.889 150.124  15.876
  87.998 149.652  14.456  84.957 148.782  13.653  88.287 150.008  15.809  85.223
 147.887  12.912  85.358 155.775  11.182  85.328 156.203  12.287  85.184 155.316
  13.465  85.454 157.618  12.537  85.279 156.046  14.510  85.655 158.315  13.797
  85.446 157.209  14.748  86.044 159.484  13.965  85.407 158.209  11.714  84.498
 153.409  15.434  83.293 152.795  15.323  83.926 148.877  14.456  82.908 147.789
  14.584  83.520 146.593  15.233  82.386 147.258  13.329  81.768 148.388  15.414
  87.797 148.755  15.828  87.971 147.438  16.282  87.043 146.861  17.213  88.894
 146.465  15.746  87.007 145.636  17.371  88.779 145.245  16.087  87.860 144.862
  16.868
  85.620 154.426  13.897  84.978 153.422  14.663  86.592 153.825  13.180  85.358
 152.100  14.638  86.907 152.704  13.001  86.256 151.621  13.601  84.954 151.016
  15.303  86.258 150.302  13.722  84.950 150.211  14.184  85.981 150.417  16.142
  87.052 149.802  14.751  84.029 149.193  13.848  87.331 150.087  16.104  84.105
 148.453  12.896  85.424 156.100  11.666  85.547 156.631  12.744  85.428 155.794
  13.930  85.890 158.069  12.863  85.830 156.563  14.897  86.199 158.799  14.063
  86.125 157.701  15.104  86.435 159.988  14.199  85.755 158.573  11.994  83.910
 153.712  15.488  82.733 153.628  14.877  82.959 149.330  14.678  81.886 148.328
  14.633  82.510 147.067  15.058  81.170 148.241  13.320  80.845 148.687  15.628
  86.598 149.001  16.108  86.721 147.550  16.219  85.951 146.758  17.117  87.770
 146.840  15.582  86.280 145.571  17.345  88.061 145.742  16.030  87.343 145.134
  16.872
  85.692 154.154  13.525  84.988 153.157  14.299  86.512 153.556  12.682  85.421
 151.804  14.173  86.807 152.418  12.527  86.338 151.341  13.244  85.000 150.686
  14.825  86.482 149.993  13.372  85.113 149.902  13.648  85.852 150.097  15.697
  87.113 149.607  14.574  84.201 148.844  13.488  87.240 149.918  15.922  84.462
 147.922  12.674  85.485 156.223  11.433  85.590 156.494  12.631  85.540 155.495
  13.637  85.536 157.858  13.026  85.555 156.080  14.823  85.486 158.386  14.356
  85.568 157.187  15.193  85.404 159.576  14.564  85.505 158.516  12.257  83.957
 153.562  15.082  82.774 153.442  14.505  83.049 148.946  14.319  82.056 147.924
  14.315  82.558 146.689  14.870  81.488 147.743  12.998  80.947 148.313  15.196
  86.603 148.693  15.868  86.130 147.455  16.448  85.030 147.302  17.342  86.524
 146.199  15.932  84.576 146.190  17.706  86.072 145.137  16.371  85.215 145.163
  17.299
  85.862 153.663  13.340  85.085 152.860  14.107  86.695 152.931  12.660  85.286
 151.448  14.289  86.908 151.739  12.692  86.241 150.831  13.454  84.623 150.432
  14.950  86.051 149.509  13.516  84.678 149.633  13.781  85.381 149.770  15.861
  86.511 148.964  14.650  83.726 148.687  13.312  86.749 149.416  15.961  83.987
 147.889  12.391  85.678 155.628  11.020  85.706 156.025  12.159  85.754 155.071
  13.285  85.737 157.493  12.432  85.844 155.839  14.362  85.920 158.166  13.704
  85.915 156.989  14.560  86.141 159.362  13.927  85.609 158.147  11.669  84.037
 153.368  14.785  82.793 153.065  14.499  82.504 148.712  13.897  81.432 147.722
  13.651  81.680 146.260  14.069  81.044 147.664  12.230  80.344 148.146  14.442
  85.987 148.305  16.002  85.856 146.970  16.519  86.033 146.539  17.932  85.627
 145.827  15.724  85.970 145.358  18.322  85.529 144.687  16.212  85.623 144.537
  17.444
  85.459 153.868  13.510  84.676 152.890  14.176  86.407 153.186  12.799  85.057
 151.550  14.197  86.700 152.031  12.704  86.051 151.019  13.315  84.566 150.480
  14.877  86.079 149.646  13.513  84.664 149.600  13.804  85.413 149.927  15.800
  86.620 149.256  14.674  83.725 148.645  13.488  86.785 149.696  16.012  83.941
 147.697  12.719  85.760 155.785  11.266  85.635 156.155  12.436  85.332 155.253
  13.486  85.622 157.533  12.724  85.332 155.908  14.638  85.586 158.190  14.043
  85.429 157.022  14.986  85.812 159.351  14.278  85.808 158.186  11.973  83.648
 153.343  14.925  82.406 153.301  14.565  82.405 149.016  13.873  81.243 148.133
  13.810  81.582 146.984  14.578  81.003 147.768  12.449  80.066 148.841  14.395
  86.145 148.485  15.991  85.873 147.226  16.667  86.355 146.902  17.997  85.158
 146.090  16.098  86.002 145.835  18.569  84.956 145.064  16.795  85.219 145.087
  18.014
  85.764 154.071  13.191  84.914 153.225  13.961  86.622 153.304  12.472  85.059
 151.844  13.956  86.725 152.082  12.472  85.987 151.181  13.141  84.350 150.842
  14.620  85.876 149.805  13.291  84.442 149.986  13.509  85.063 150.202  15.588
  86.275 149.407  14.571  83.562 149.005  13.176  86.360 149.788  15.919  83.830
 147.988  12.498  86.618 155.782  10.976  86.210 156.248  11.996  85.601 155.459
  13.084  86.304 157.667  12.197  85.331 156.284  14.059  86.068 158.448  13.404
  85.515 157.426  14.299  86.299 159.609  13.624  86.650 158.167  11.386  84.056
 153.836  14.817  82.781 154.074  14.507  82.419 149.218  13.934  81.399 148.255
  13.893  81.862 146.877  14.228  80.759 148.198  12.580  80.343 148.628  14.798
  85.566 148.698  15.848  85.320 147.394  16.338  85.877 146.944  17.608  84.746
 146.398  15.552  85.765 145.767  17.934  84.617 145.278  16.007  84.962 145.047
  17.183
  85.804 154.091  13.604  84.986 153.247  14.360  86.488 153.307  12.737  85.071
 151.846  14.326  86.572 152.109  12.672  85.834 151.144  13.411  84.503 150.851
  15.120  85.766 149.795  13.661  84.438 149.956  14.069  85.395 150.247  16.018
  86.415 149.345  14.786  83.395 149.062  13.724  86.733 149.893  16.110  83.596
 148.046  13.066  85.912 155.887  11.325  85.801 156.335  12.454  85.705 155.497
  13.640  85.875 157.782  12.681  85.599 156.291  14.670  85.797 158.524  13.910
  85.652 157.451  14.929  86.005 159.730  13.959  86.006 158.349  11.851  84.022
 153.787  15.111  82.908 154.165  14.482  82.134 149.511  14.288  80.936 148.742
  14.185  81.028 147.369  14.727  80.543 148.674  12.751  80.040 149.456  15.125
  86.001 148.812  16.314  85.866 147.553  17.042  86.199 147.406  18.436  85.458
 146.359  16.411  85.965 146.304  18.931  85.431 145.311  17.016  85.810 145.266
  18.223
  85.191 154.228  13.518  84.515 153.348  14.364  85.961 153.429  12.725  84.906
 151.899  14.493  86.270 152.305  12.711  85.731 151.324  13.491  84.604 150.854
  15.304  85.801 149.902  13.649  84.502 149.933  14.203  85.553 150.286  16.103
  86.448 149.326  14.781  83.437 148.955  13.864  86.882 149.728  16.035  83.553
 148.109  13.041  85.395 156.098  11.236  85.355 156.506  12.373  85.073 155.669
  13.506  85.473 157.947  12.595  85.060 156.403  14.540  85.596 158.633  13.883
  85.267 157.567  14.784  85.963 159.790  14.032  85.710 158.480  11.767  83.602
 153.795  15.271  82.442 154.106  14.739  82.359 149.120  14.739  81.214 148.346
  14.712  81.490 146.887  14.656  80.529 148.842  13.533  80.337 148.568  15.890
  86.036 148.736  16.228  85.926 147.555  16.938  86.720 147.190  18.133  84.717
 146.778  16.874  86.196 146.412  18.964  84.439 145.970  17.746  85.049 145.952
  18.806
  85.668 154.653  13.409  84.770 153.807  14.083  86.515 153.870  12.728  84.950
 152.429  14.059  86.619 152.656  12.615  85.827 151.695  13.205  84.269 151.423
  14.756  85.636 150.384  13.320  84.264 150.503  13.714  85.051 150.693  15.630
  86.175 149.885  14.482  83.344 149.519  13.527  86.340 150.351  15.837  83.619
 148.394  12.975  86.037 156.312  11.085  85.900 156.835  12.172  85.556 155.988
  13.396  86.130 158.294  12.377  85.689 156.751  14.442  86.237 158.953  13.687
  85.980 157.863  14.632  86.467 160.151  13.882  86.239 158.871  11.552  83.834
 154.317  14.926  82.596 154.376  14.464  82.100 149.828  14.039  81.019 148.902
  13.869  81.321 147.593  14.434  80.630 148.664  12.474  79.827 149.464  14.587
  85.655 149.240  15.904  85.159 148.118  16.679  86.060 147.218  17.433  83.789
 147.750  16.858  85.581 146.512  18.306  83.500 146.836  17.625  84.373 146.373
  18.407
  85.632 154.061  13.131  84.786 153.301  13.946  86.416 153.197  12.486  84.962
 151.845  14.070  86.516 151.995  12.488  85.773 151.131  13.197  84.244 150.947
  14.760  85.505 149.814  13.308  84.195 150.041  13.614  84.961 150.170  15.672
  85.968 149.264  14.524  83.207 149.115  13.319  86.284 149.695  15.855  83.328
 148.325  12.392  86.786 155.808  11.013  86.347 156.269  12.017  85.679 155.448
  12.994  86.565 157.702  12.306  85.479 156.240  14.019  86.386 158.394  13.549
  85.726 157.341  14.298  86.713 159.514  13.791  87.019 158.301  11.627  83.888
 153.844  14.758  82.631 153.974  14.345  81.999 149.553  13.770  80.758 148.811
  13.547  80.932 147.410  14.010  80.269 148.974  12.111  79.861 149.448  14.483
  85.397 148.661  15.888  84.951 147.476  16.565  85.252 147.158  17.969  84.141
 146.490  15.903  84.641 146.180  18.459  83.743 145.529  16.531  83.945 145.437
  17.740
  86.402 153.901  13.396  85.395 153.211  14.129  87.045 152.996  12.682  85.288
 151.764  14.070  86.979 151.832  12.549  86.056 151.023  13.113  84.451 150.889
  14.655  85.597 149.735  13.129  84.226 150.139  13.413  85.038 149.966  15.515
  85.965 148.980  14.200  83.059 149.418  13.218  86.264 149.216  15.575  83.016
 148.361  12.648  87.675 155.729  11.406  87.150 156.132  12.360  86.618 155.299
  13.438  86.993 157.599  12.465  86.254 156.061  14.418  86.561 158.361  13.674
  86.192 157.223  14.586  86.683 159.556  13.901  87.527 158.195  11.843  84.534
 153.929  14.885  83.210 153.950  14.607  82.062 149.962  14.053  80.733 149.414
  14.204  80.821 148.102  14.801  80.064 149.255  12.939  79.935 150.348  15.001
  85.260 148.324  15.549  84.882 147.068  16.048  84.491 146.932  17.422  84.882
 145.819  15.324  84.121 145.827  17.845  84.447 144.817  15.913  84.405 144.795
  17.150
  86.352 153.992  13.987  85.383 153.297  14.719  87.133 153.144  13.380  85.387
 151.904  14.831  87.172 151.945  13.426  86.259 151.094  14.034  84.546 151.029
  15.398  85.938 149.773  14.164  84.627 150.115  14.362  85.042 150.218  16.426
  86.210 149.236  15.423  83.530 149.381  13.745  86.219 149.530  16.783  83.609
 148.592  12.842  87.766 155.676  11.796  87.138 156.212  12.697  86.492 155.444
  13.824  86.998 157.653  12.660  86.096 156.375  14.692  86.415 158.520  13.656
  86.015 157.566  14.699  86.419 159.745  13.646  87.285 158.088  11.792  84.367
 153.994  15.346  83.256 154.112  14.712  82.340 149.708  14.310  81.078 149.047
  14.062  81.175 147.570  14.247  80.669 149.257  12.656  79.933 149.690  14.839
  85.248 148.586  16.588  84.580 147.368  16.790  84.158 146.807  18.083  84.233
 146.515  15.695  83.697 145.651  18.157  83.727 145.373  15.976  83.292 145.091
  17.123
  86.068 153.992  13.775  84.884 153.331  14.363  86.810 153.064  13.229  84.835
 151.849  14.498  86.760 151.898  13.226  85.785 151.037  13.825  83.928 150.953
  15.072  85.514 149.731  13.954  84.117 149.975  14.013  84.399 150.178  16.124
  85.700 149.254  15.235  83.156 148.964  13.557  85.695 149.743  16.605  83.415
 148.000  12.836  87.493 155.489  11.678  86.973 156.068  12.612  86.284 155.377
  13.688  87.121 157.527  12.695  86.003 156.228  14.596  86.731 158.323  13.815
  86.192 157.357  14.751  86.897 159.493  13.956  87.578 158.039  11.950  83.836
 154.070  14.927  82.598 153.926  14.475  81.867 149.454  13.686  80.755 148.842
  13.004  80.523 147.403  13.365  80.929 148.924  11.546  79.544 149.660  13.403
  84.866 148.667  16.460  84.319 147.524  17.187  84.678 147.365  18.594  83.604
 146.445  16.586  84.442 146.221  19.095  83.387 145.423  17.259  83.541 145.498
  18.502
  85.918 154.272  13.760  84.858 153.511  14.316  86.824 153.400  13.413  84.945
 152.084  14.605  86.959 152.237  13.466  86.038 151.350  14.076  84.163 151.139
  15.219  85.858 150.033  14.451  84.496 150.063  14.356  84.689 150.683  16.455
  86.031 149.711  15.781  83.667 149.036  13.865  85.918 150.344  17.079  84.115
 147.914  13.542  87.433 155.823  11.562  86.884 156.395  12.511  85.989 155.660
  13.568  87.164 157.774  12.683  85.739 156.596  14.455  86.878 158.603  13.847
  86.037 157.687  14.684  87.092 159.800  14.044  87.716 158.156  11.924  83.695
 154.218  14.684  82.425 153.928  14.303  82.290 149.476  13.755  81.284 148.620
  13.242  81.070 147.528  14.210  81.638 148.148  11.872  79.997 149.317  13.197
  85.161 149.204  16.924  84.209 148.350  17.600  84.561 147.514  18.679  82.869
 148.241  17.198  83.692 146.730  19.140  82.135 147.399  17.707  82.565 146.692
  18.662
  86.653 154.333  14.421  85.416 153.785  14.872  87.592 153.436  14.449  85.328
 152.380  15.173  87.562 152.276  14.648  86.474 151.544  15.037  84.295 151.563
  15.482  86.074 150.245  15.382  84.786 150.462  14.854  84.332 151.153  16.817
  85.824 150.100  16.714  84.081 149.353  14.199  85.312 150.917  17.777  84.671
 148.267  13.990  87.564 155.617  11.854  87.270 156.295  12.833  86.758 155.762
  14.111  87.245 157.768  12.710  86.463 156.812  14.918  86.774 158.779  13.729
  86.415 157.975  14.864  86.669 159.988  13.493  87.690 158.171  11.894  84.405
 154.615  14.962  83.271 154.358  14.297  82.722 149.585  14.171  81.877 148.438
  13.871  81.803 147.459  14.914  82.161 147.757  12.591  80.551 148.954  13.878
  84.519 149.788  17.635  83.802 148.668  18.217  83.656 147.344  17.650  83.141
 148.664  19.509  82.836 146.489  18.039  82.343 147.731  19.821  82.115 146.771
  19.008
  86.048 154.692  14.148  84.854 154.092  14.605  86.990 153.833  14.253  84.852
 152.773  15.132  87.018 152.672  14.569  86.029 151.968  15.072  83.853 151.911
  15.563  85.737 150.688  15.409  84.458 150.787  14.932  83.883 151.587  16.850
  85.568 150.539  16.820  83.822 149.810  14.136  84.932 151.385  17.824  84.375
 148.797  13.757  86.830 156.010  11.598  86.763 156.639  12.607  86.266 156.033
  13.860  87.077 158.036  12.591  86.201 156.941  14.801  86.963 158.973  13.698
  86.407 158.149  14.784  87.259 160.117  13.658  87.310 158.445  11.694  83.736
 154.890  14.494  82.594 154.276  14.302  82.435 150.000  14.288  81.478 149.011
  13.798  81.467 147.744  14.582  81.489 148.761  12.337  80.161 149.623  13.945
  84.254 150.215  17.686  83.695 149.061  18.304  84.455 147.879  18.532  82.296
 148.792  18.347  83.943 146.741  18.558  81.893 147.640  18.392  82.666 146.688
  18.640
  86.055 154.767  14.241  84.811 154.214  14.613  86.947 153.751  14.165  84.694
 152.809  14.930  86.901 152.637  14.240  85.741 151.886  14.578  83.732 152.022
  15.445  85.351 150.582  14.754  83.977 150.956  14.623  84.015 151.430  16.679
  85.361 150.271  16.101  82.984 150.234  13.877  85.174 151.005  17.370  83.278
 149.248  13.231  85.609 156.285  11.828  85.888 156.860  12.855  86.255 156.118
  14.020  85.950 158.343  12.837  86.522 157.020  14.974  86.245 159.161  14.015
  86.487 158.181  15.055  86.402 160.371  13.953  85.694 158.817  11.979  83.686
 155.021  14.740  82.695 155.149  13.820  81.760 150.490  14.353  80.631 149.565
  14.109  80.840 148.303  14.795  80.402 149.354  12.658  79.420 150.062  14.796
  84.288 149.994  17.358  83.613 148.911  18.148  84.206 148.166  19.151  82.159
 148.798  18.209  83.529 147.783  20.111  81.582 148.317  19.190  82.280 147.645
  19.967
  86.124 154.545  14.157  84.838 153.993  14.452  86.992 153.542  14.254  84.706
 152.658  14.884  86.912 152.348  14.432  85.751 151.651  14.874  83.607 151.990
  15.410  85.313 150.517  15.422  84.008 150.689  14.848  83.752 151.905  16.776
  85.049 150.654  16.804  83.033 149.626  14.741  84.668 151.583  17.811  83.386
 148.473  14.828  85.201 156.058  11.892  85.739 156.664  12.814  86.427 155.877
  13.859  85.753 158.134  12.917  86.866 156.721  14.783  86.308 158.913  14.017
  86.947 157.918  14.912  86.394 160.097  13.965  85.408 158.651  12.117  83.796
 154.870  14.334  82.578 154.555  14.073  81.805 150.124  14.400  80.679 149.341
  14.139  80.361 148.378  15.251  80.964 148.683  12.864  79.516 150.215  14.038
  83.645 150.646  17.737  82.838 149.629  18.434  83.461 148.462  18.936  81.378
 149.499  18.321  82.766 147.453  19.165  80.820 148.453  18.700  81.522 147.526
  19.084
  85.811 154.628  14.531  84.558 154.036  14.606  86.750 153.795  14.951  84.452
 152.641  15.162  86.765 152.624  15.288  85.629 151.879  15.501  83.404 151.848
  15.430  85.218 150.613  15.725  84.055 150.744  14.902  83.193 151.499  16.731
  84.690 150.530  17.013  83.469 149.647  14.289  83.946 151.313  17.913  84.080
 148.590  14.064  84.975 156.012  12.058  85.462 156.648  12.974  86.041 155.985
  14.164  85.717 158.074  12.779  86.577 156.885  14.931  86.335 158.935  13.757
  86.660 158.037  14.880  86.600 160.096  13.615  85.478 158.546  11.915  83.571
 154.746  14.107  82.314 154.284  13.984  82.166 149.963  13.953  81.286 149.021
  13.321  81.044 147.876  14.204  81.809 148.617  11.982  79.992 149.742  13.109
  83.105 150.237  17.594  82.019 149.393  18.080  82.197 148.208  18.866  80.670
 149.543  17.528  81.197 147.472  19.094  79.751 148.866  18.010  80.085 147.807
  18.630
  85.951 154.488  14.951  84.802 153.850  14.577  86.746 153.643  15.572  84.592
 152.481  14.948  86.695 152.505  15.796  85.659 151.707  15.548  83.544 151.653
  14.950  85.155 150.455  15.741  84.262 150.518  14.634  82.974 151.438  16.222
  84.345 150.480  16.827  83.831 149.483  13.762  83.377 151.279  17.527  84.425
 148.426  13.565  86.677 155.814  12.468  86.425 156.495  13.443  86.260 155.851
  14.696  86.485 158.020  13.285  86.067 156.854  15.534  86.129 158.912  14.323
  85.945 158.052  15.483  86.148 160.126  14.107  86.874 158.387  12.425  83.868
 154.554  13.810  82.594 154.156  13.790  82.533 149.729  13.475  81.555 148.815
  13.055  81.454 147.721  13.962  81.918 148.424  11.649  80.274 149.517  13.018
  82.778 150.140  17.177  82.060 149.005  17.537  82.632 147.954  18.325  80.796
 148.603  17.038  81.972 146.973  18.675  80.189 147.612  17.499  80.757 146.883
  18.370
  86.116 154.351  14.634  85.008 153.412  14.404  87.068 153.627  15.184  84.995
 152.138  14.928  87.210 152.537  15.604  86.189 151.617  15.461  84.051 151.134
  15.000  85.895 150.325  15.808  85.020 150.142  14.741  83.588 150.918  16.279
  85.148 150.252  16.966  84.764 148.927  14.203  84.092 150.918  17.631  85.497
 147.982  14.329  85.419 155.839  12.071  85.851 156.444  13.045  86.172 155.740
  14.325  86.088 157.946  12.995  86.417 156.705  15.184  86.399 158.822  14.064
  86.565 157.878  15.196  86.422 160.026  14.037  85.919 158.356  12.084  83.940
 153.879  13.769  82.706 153.960  14.344  83.426 148.843  13.769  82.853 147.613
  13.316  82.670 146.641  14.365  83.598 146.952  12.218  81.456 147.968  12.912
  83.638 149.688  17.412  82.787 148.642  18.069  82.918 147.270  17.883  81.468
 149.015  18.647  81.916 146.565  17.927  80.558 148.215  18.624  80.789 147.036
  18.300
  86.348 154.223  14.863  85.182 153.500  14.885  87.310 153.497  15.323  85.129
 152.196  15.428  87.396 152.421  15.750  86.271 151.600  15.987  84.120 151.319
  15.506  85.946 150.395  16.496  85.002 150.181  15.462  83.631 151.235  16.789
  85.092 150.457  17.552  84.722 148.965  14.860  84.112 151.287  18.104  85.168
 147.918  15.279  85.976 155.614  12.204  86.060 156.220  13.255  86.552 155.617
  14.474  85.769 157.646  13.317  86.487 156.556  15.402  85.897 158.592  14.389
  86.317 157.688  15.509  85.814 159.804  14.282  85.406 158.028  12.452  84.018
 154.167  14.535  83.111 153.570  13.845  83.642 149.084  14.028  83.030 148.002
  13.173  82.153 147.209  14.044  84.127 147.201  12.601  82.213 148.721  12.259
  83.640 150.041  17.886  82.849 148.969  18.236  82.788 147.666  17.643  82.013
 149.003  19.418  82.024 146.807  17.999  81.108 148.123  19.601  81.224 147.061
  18.900
  86.191 154.888  15.039  84.993 154.103  14.996  87.232 154.153  15.295  85.024
 152.718  15.369  87.339 152.933  15.486  86.298 152.052  15.519  84.036 151.772
  15.568  86.025 150.739  15.751  84.855 150.691  14.996  83.890 151.303  16.826
  85.512 150.507  17.043  84.344 149.654  14.218  84.739 151.151  17.959  85.063
 148.770  13.629  86.845 156.151  12.510  86.476 156.892  13.438  86.172 156.248
  14.767  86.381 158.325  13.317  85.985 157.219  15.657  86.123 159.276  14.400
  85.927 158.436  15.623  86.155 160.490  14.363  86.530 158.630  12.362  83.757
 154.685  14.739  82.882 153.998  14.003  83.004 149.764  13.935  82.272 148.763
  13.168  82.352 147.427  13.787  82.747 148.668  11.884  80.859 149.184  13.117
  84.237 149.910  17.757  83.505 148.848  18.331  82.968 147.790  17.576  83.026
 148.715  19.685  82.244 146.850  18.013  82.261 147.837  20.003  81.853 146.960
  19.189
  85.986 155.317  15.138  84.928 154.448  15.115  87.100 154.675  15.474  85.016
 153.097  15.622  87.329 153.537  15.711  86.293 152.509  15.776  84.078 152.093
  15.827  86.145 151.209  16.144  84.912 151.099  15.382  84.043 151.734  17.232
  85.714 151.045  17.420  84.482 150.031  14.683  84.912 151.714  18.373  85.281
 149.124  14.403  86.144 156.486  12.596  86.020 157.177  13.549  85.918 156.662
  14.869  86.001 158.644  13.388  86.002 157.671  15.706  86.095 159.668  14.419
  86.011 158.843  15.618  86.385 160.856  14.263  85.992 159.036  12.453  83.739
 154.937  14.633  83.210 154.345  13.592  83.201 150.122  14.252  82.549 149.192
  13.505  82.279 148.040  14.305  83.273 148.893  12.264  81.321 149.871  13.157
  84.460 150.468  18.102  83.851 149.272  18.610  84.544 147.979  18.608  82.423
 149.082  18.966  83.953 146.952  18.884  81.950 147.961  19.201  82.703 146.953
  19.102
  86.384 155.299  15.157  85.322 154.403  14.880  87.360 154.595  15.647  85.332
 153.028  15.368  87.488 153.496  16.055  86.541 152.494  15.946  84.433 151.988
  15.394  86.328 151.187  16.269  85.382 150.970  15.236  83.982 151.740  16.652
  85.473 151.009  17.383  85.164 149.860  14.488  84.469 151.756  18.002  85.884
 148.866  14.449  86.172 156.779  12.601  86.185 157.330  13.671  86.252 156.608
  14.932  86.068 158.836  13.645  86.279 157.509  15.854  86.111 159.692  14.784
  86.193 158.703  15.895  86.057 160.914  14.815  85.963 159.317  12.759  84.251
 154.973  14.257  83.622 154.200  13.431  83.946 149.969  13.836  83.291 148.856
  13.061  82.961 147.672  13.930  84.224 148.389  11.964  82.116 149.348  12.394
  83.985 150.511  17.745  83.423 149.394  18.468  84.242 148.714  19.480  81.982
 149.076  18.656  83.716 147.835  20.211  81.630 148.298  19.545  82.470 147.666
  20.194
  86.312 154.468  15.074  85.142 153.686  14.979  87.323 153.780  15.598  85.162
 152.305  15.459  87.369 152.621  15.906  86.370 151.642  15.802  84.197 151.402
  15.691  86.087 150.432  16.251  85.024 150.279  15.375  83.935 151.194  17.054
  85.541 150.474  17.449  84.733 149.151  14.637  84.719 151.426  18.173  85.426
 148.209  14.447  86.143 155.751  12.411  86.232 156.410  13.490  86.445 155.825
  14.754  85.912 157.925  13.440  86.343 156.776  15.664  86.008 158.843  14.526
  86.231 157.943  15.679  85.901 160.023  14.409  85.708 158.236  12.497  84.035
 154.351  14.545  82.926 153.716  14.297  83.564 149.452  13.964  82.895 148.515
  13.049  82.534 147.248  13.711  83.736 148.274  11.942  81.560 149.180  12.779
  84.205 150.162  18.260  83.470 149.095  18.829  83.804 148.388  20.041  82.276
 148.605  18.250  82.945 147.621  20.503  81.624 147.654  18.744  81.918 147.322
  19.909
  86.563 154.701  14.881  85.269 154.097  15.135  87.520 153.859  15.291  85.219
 152.755  15.695  87.512 152.699  15.647  86.371 151.961  15.942  84.164 151.932
  15.970  85.960 150.727  16.347  84.779 150.766  15.521  83.892 151.613  17.293
  85.429 150.618  17.647  84.269 149.733  14.697  84.651 151.416  18.511  84.947
 148.824  14.421  86.232 155.692  12.054  86.395 156.426  13.009  86.764 155.947
  14.402  86.372 157.846  12.825  86.911 156.973  15.137  86.641 158.866  13.782
  86.912 158.167  15.035  86.604 160.036  13.575  86.131 158.217  11.913  84.139
 154.800  14.754  83.154 154.179  14.129  82.998 149.936  14.208  82.283 149.036
  13.508  82.153 147.846  14.330  82.773 148.938  12.063  80.941 149.686  13.403
  83.948 150.311  18.246  83.170 149.231  18.747  83.376 148.552  20.044  82.261
 148.535  17.867  82.657 147.529  20.267  81.620 147.568  18.278  81.704 147.264
  19.478
  86.759 154.212  14.874  85.508 153.716  15.208  87.615 153.334  15.114  85.346
 152.472  15.814  87.548 152.209  15.456  86.410 151.527  15.901  84.292 151.771
  16.253  86.012 150.256  16.286  84.696 150.557  15.742  84.360 151.543  17.656
  85.653 150.254  17.621  83.755 149.540  15.316  85.305 151.176  18.641  84.018
 148.367  15.403  85.656 155.471  12.360  86.320 156.152  13.161  87.021 155.545
  14.363  86.259 157.600  13.134  87.330 156.497  15.184  86.782 158.504  14.075
  87.247 157.673  15.189  86.982 159.677  13.922  85.712 158.011  12.386  84.350
 154.421  15.046  83.559 154.008  14.064  82.595 150.034  14.712  81.579 149.090
  14.271  80.999 148.248  15.271  82.086 148.255  13.203  80.382 149.927  13.637
  84.377 150.246  18.655  83.411 149.494  19.451  83.806 148.502  20.361  82.018
 149.562  19.292  82.954 147.826  20.960  81.262 148.901  20.030  81.756 147.916
  20.633
  86.765 154.305  15.241  85.464 153.692  15.427  87.696 153.501  15.611  85.337
 152.361  15.956  87.624 152.404  16.065  86.450 151.612  16.240  84.280 151.568
  16.292  86.123 150.357  16.670  85.012 150.350  15.961  84.149 151.312  17.642
  85.651 150.286  17.968  84.386 149.148  15.414  85.009 151.212  18.783  84.951
 148.101  15.527  87.025 155.442  12.508  87.078 156.227  13.495  86.956 155.639
  14.843  87.132 157.682  13.376  86.868 156.642  15.694  87.095 158.614  14.422
  86.948 157.806  15.610  87.134 159.814  14.327  87.195 158.032  12.428  84.369
 154.416  15.037  83.387 153.954  14.304  83.246 149.428  14.750  82.685 148.389
  13.928  82.151 147.106  14.645  83.546 148.166  12.804  81.396 148.960  13.460
  84.300 150.029  18.822  83.626 149.196  19.673  84.246 148.574  20.851  82.287
 148.624  19.529  83.867 147.487  21.294  81.885 147.639  20.152  82.664 147.191
  21.077
  86.307 154.935  15.981  85.177 154.043  15.906  87.299 154.322  16.616  85.200
 152.770  16.507  87.339 153.286  17.086  86.435 152.277  17.087  84.255 151.857
  16.740  86.169 150.968  17.442  85.213 150.842  16.434  83.961 151.580  18.039
  85.496 150.840  18.605  85.047 149.701  15.600  84.498 151.451  19.357  85.789
 148.745  15.573  86.186 155.838  13.127  86.421 156.620  13.988  86.310 156.205
  15.375  86.496 158.075  13.651  86.536 157.284  16.034  86.684 159.127  14.556
  86.657 158.439  15.871  86.628 160.271  14.230  86.578 158.404  12.696  84.035
 154.548  15.301  83.444 153.791  14.444  83.834 149.764  15.014  83.310 148.618
  14.426  83.217 147.375  15.236  83.969 148.230  13.205  81.894 148.915  14.094
  83.914 150.330  19.032  83.283 149.202  19.637  83.802 148.536  20.749  81.983
 148.714  19.339  83.202 147.686  21.364  81.428 147.891  20.068  82.020 147.368
  21.025
  86.294 154.902  15.769  85.239 154.029  15.691  87.232 154.408  16.547  85.283
 152.736  16.293  87.353 153.329  17.020  86.431 152.314  16.995  84.386 151.618
  16.472  86.329 151.073  17.464  85.482 150.751  16.389  83.881 151.325  17.703
  85.475 150.861  18.501  85.431 149.457  15.848  84.330 151.545  19.049  86.352
 148.679  16.048  86.067 155.826  12.802  86.311 156.605  13.689  86.359 156.119
  15.115  86.234 158.074  13.448  86.499 157.166  15.821  86.382 159.104  14.398
  86.451 158.350  15.705  86.345 160.318  14.204  86.225 158.385  12.483  84.139
 154.537  14.993  83.454 153.848  14.092  84.301 149.314  15.085  83.958 148.047
  14.467  83.899 147.063  15.549  84.990 147.615  13.500  82.607 148.186  13.857
  83.995 150.241  18.855  83.508 149.152  19.602  83.696 148.983  21.091  82.861
 147.878  19.068  83.132 148.097  21.719  82.388 147.078  19.878  82.705 147.124
  21.080
  86.736 154.665  16.067  85.557 153.896  16.050  87.677 154.045  16.733  85.449
 152.641  16.727  87.709 152.972  17.227  86.635 152.046  17.270  84.470 151.670
  16.745  86.391 150.722  17.513  85.439 150.613  16.419  84.068 151.370  18.026
  85.627 150.622  18.639  85.304 149.555  15.497  84.508 151.254  19.350  86.095
 148.612  15.528  86.295 155.299  13.309  86.572 156.189  14.026  86.892 155.955
  15.460  86.469 157.604  13.588  87.000 157.154  16.043  86.702 158.795  14.367
  86.994 158.329  15.766  86.581 159.932  13.911  86.251 157.705  12.603  84.516
 154.366  15.290  83.441 153.659  14.874  84.118 149.728  14.748  83.684 148.529
  14.069  83.245 147.545  15.058  84.693 147.942  13.092  82.485 148.829  13.321
  84.139 150.080  18.957  83.577 148.781  19.310  83.975 148.046  20.493  82.578
 148.165  18.501  83.287 147.054  20.752  81.988 147.179  18.961  82.345 146.686
  20.058
  86.679 154.627  15.837  85.580 153.719  15.750  87.643 154.024  16.568  85.629
 152.451  16.350  87.802 152.934  16.992  86.850 151.933  16.865  84.741 151.410
  16.403  86.632 150.586  17.156  85.726 150.448  16.132  84.264 151.104  17.678
  85.866 150.427  18.290  85.696 149.404  15.124  84.828 151.090  18.992  86.499
 148.474  15.231  87.274 155.547  13.037  87.112 156.399  13.895  86.695 155.914
  15.257  87.011 157.826  13.597  86.440 157.024  15.978  86.692 158.874  14.572
  86.433 158.205  15.834  86.685 160.027  14.324  87.239 158.073  12.641  84.537
 154.187  15.059  83.437 153.487  14.772  84.500 149.401  14.418  84.119 148.288
  13.523  83.897 147.098  14.415  85.203 148.109  12.613  82.892 148.695  12.918
  84.429 149.863  18.701  83.549 148.799  19.046  83.506 148.177  20.388  82.675
 148.109  18.126  82.777 147.193  20.546  82.069 147.063  18.475  82.012 146.799
  19.657
  86.991 154.464  15.659  85.828 153.693  15.439  87.882 153.877  16.428  85.762
 152.428  16.112  87.812 152.782  16.937  86.828 151.887  16.901  84.767 151.446
  16.214  86.541 150.637  17.288  85.739 150.464  16.136  84.178 151.197  17.509
  85.683 150.473  18.327  85.614 149.247  15.492  84.574 151.120  18.853  86.139
 148.241  15.870  87.299 155.500  12.769  87.103 156.319  13.712  87.039 155.780
  15.128  87.050 157.763  13.504  87.111 156.836  15.918  86.930 158.787  14.474
  87.026 158.008  15.787  86.859 159.971  14.187  87.121 158.089  12.547  84.844
 154.174  14.624  83.709 153.533  14.407  84.835 149.394  14.381  84.732 148.354
  13.347  84.171 147.082  13.812  86.070 148.178  12.811  83.876 149.029  12.444
  84.199 149.853  18.481  83.401 148.722  18.888  83.273 148.353  20.231  82.739
 147.792  18.075  82.655 147.355  20.625  82.165 146.820  18.527  82.165 146.630
  19.730
  86.504 154.849  15.478  85.423 153.919  15.213  87.435 154.203  16.126  85.500
 152.564  15.730  87.570 153.119  16.628  86.666 152.094  16.508  84.601 151.517
  15.752  86.371 150.818  16.924  85.564 150.554  15.784  83.963 151.315  16.958
  85.445 150.679  17.944  85.634 149.489  14.890  84.236 151.356  18.372  86.281
 148.559  15.186  86.596 156.151  12.734  86.585 156.842  13.734  86.505 156.244
  15.093  86.691 158.278  13.634  86.491 157.219  15.890  86.700 159.261  14.745
  86.569 158.378  15.863  86.653 160.469  14.583  86.873 158.720  12.741  84.348
 154.313  14.447  83.082 154.111  14.743  84.720 149.569  13.841  84.287 148.370
  13.094  84.076 147.318  13.933  85.306 148.038  12.134  83.073 148.751  12.430
  83.815 150.118  18.047  83.260 148.852  18.407  83.330 148.263  19.691  82.301
 148.220  17.537  82.512 147.397  20.017  81.630 147.324  17.927  81.718 146.939
  19.132
  86.064 155.159  15.492  85.185 154.196  14.979  86.955 154.576  16.355  85.189
 152.848  15.500  87.113 153.485  16.669  86.310 152.385  16.294  84.397 151.759
  15.300  86.069 151.103  16.582  85.486 150.860  15.336  83.691 151.371  16.431
  85.027 150.775  17.476  85.518 149.678  14.575  83.775 151.221  17.853  86.309
 148.759  14.774  86.313 156.129  12.698  86.397 156.945  13.588  86.255 156.532
  15.035  86.517 158.354  13.368  86.413 157.502  15.834  86.625 159.383  14.390
  86.640 158.656  15.734  86.521 160.553  14.161  86.429 158.659  12.406  84.204
 154.724  14.079  83.023 154.187  13.856  84.365 149.558  13.895  83.920 148.373
  13.263  83.799 147.345  14.266  84.809 147.975  12.191  82.621 148.601  12.659
  83.694 149.999  17.256  83.243 148.670  17.486  84.139 147.501  17.641  81.854
 148.282  17.623  83.639 146.423  17.590  81.497 147.103  17.718  82.410 146.233
  17.782
  86.229 154.778  15.466  85.162 153.928  15.161  87.119 154.196  16.267  85.097
 152.637  15.697  87.195 153.105  16.797  86.211 152.090  16.472  84.211 151.568
  15.539  85.994 150.757  16.534  85.266 150.662  15.326  83.577 151.037  16.643
  85.060 150.433  17.498  85.251 149.556  14.457  83.775 150.846  18.016  86.156
 148.709  14.451  86.912 155.958  12.751  86.770 156.700  13.726  86.335 156.152
  14.977  86.908 158.184  13.554  86.173 157.236  15.766  86.676 159.205  14.511
  86.323 158.425  15.641  86.650 160.409  14.211  87.043 158.500  12.601  84.219
 154.492  14.349  83.855 153.678  13.337  84.152 149.588  13.593  83.950 148.601
  12.574  83.816 147.223  13.158  85.028 148.673  11.548  82.650 148.758  11.875
  83.646 149.618  17.382  82.838 148.433  17.382  83.033 147.389  16.528  81.692
 148.225  18.168  82.218 146.458  16.367  80.893 147.293  17.955  81.206 146.433
  17.118
  86.474 154.724  15.070  85.373 153.875  14.807  87.334 154.080  15.816  85.335
 152.560  15.430  87.353 153.007  16.281  86.366 151.982  16.189  84.365 151.540
  15.521  86.056 150.692  16.591  85.210 150.484  15.430  83.761 151.300  16.771
  85.177 150.551  17.651  85.220 149.371  14.564  84.103 151.273  18.153  85.945
 148.346  14.759  86.066 156.012  12.299  86.290 156.602  13.319  86.642 156.027
  14.642  86.304 158.056  13.178  87.000 157.026  15.386  86.720 159.042  14.164
  86.938 158.176  15.319  86.896 160.224  14.049  86.374 158.349  12.211  84.419
 154.354  13.962  83.226 153.850  13.886  84.212 149.516  13.637  84.119 148.584
  12.569  84.078 147.190  13.047  85.325 148.720  11.663  82.986 148.843  11.649
  83.648 150.018  17.830  82.698 148.916  17.856  82.516 148.053  16.721  81.910
 148.589  18.948  81.668 147.142  16.725  81.089 147.646  18.841  81.117 146.907
  17.817
  86.961 154.545  15.304  85.908 153.668  14.862  87.614 153.906  16.238  85.739
 152.381  15.458  87.522 152.850  16.774  86.571 151.877  16.443  84.756 151.474
  15.295  86.072 150.663  16.879  85.624 150.433  15.556  83.780 151.353  16.296
  84.923 150.772  17.637  85.627 149.212  14.907  83.710 151.478  17.728  86.189
 148.209  15.372  87.589 155.647  12.675  87.200 156.432  13.538  87.209 155.903
  14.978  86.820 157.791  13.301  86.886 156.908  15.723  86.461 158.792  14.314
  86.523 158.026  15.575  86.309 160.001  14.133  86.842 158.046  12.321  85.020
 154.175  13.967  83.821 154.589  14.275  84.850 149.197  13.760  84.449 147.922
  13.164  83.860 146.962  14.087  85.464 147.263  12.272  83.410 148.322  12.190
  83.435 150.216  17.415  82.531 149.169  17.733  82.402 147.901  17.072  81.571
 149.270  18.769  81.577 147.016  17.462  80.831 148.310  19.073  80.924 147.203
  18.502
  86.620 154.707  15.763  85.601 153.837  15.331  87.296 154.068  16.699  85.317
 152.570  15.978  87.222 152.996  17.267  86.236 152.041  16.935  84.402 151.563
  15.781  85.881 150.753  17.263  85.398 150.620  15.936  83.475 151.227  16.762
  84.710 150.556  17.962  85.779 149.561  15.105  83.511 151.217  18.162  86.535
 148.599  15.470  87.336 155.885  12.988  87.065 156.574  13.956  86.932 156.041
  15.305  86.774 158.042  13.702  86.637 157.128  16.033  86.507 159.046  14.619
  86.484 158.312  15.934  86.363 160.260  14.374  86.962 158.361  12.759  84.737
 154.238  14.318  85.071 153.849  13.171  84.952 149.615  13.964  84.694 148.414
  13.179  84.440 147.235  14.007  85.915 148.039  12.445  83.676 148.541  12.150
  83.207 150.011  17.761  82.602 148.765  18.113  82.324 147.793  17.089  82.264
 148.407  19.412  81.616 146.811  17.397  81.741 147.289  19.562  81.534 146.521
  18.599
  86.627 154.796  15.544  85.561 153.846  15.253  87.479 154.139  16.308  85.507
 152.578  15.977  87.537 153.106  16.886  86.528 152.099  16.754  84.537 151.551
  15.988  86.356 150.806  17.141  85.522 150.581  15.935  83.906 151.230  17.160
  85.387 150.644  18.108  85.690 149.505  15.049  84.231 151.243  18.585  86.330
 148.509  15.361  86.902 155.799  12.844  86.847 156.600  13.746  86.823 156.176
  15.124  86.686 158.034  13.435  86.782 157.223  15.893  86.537 159.109  14.443
  86.591 158.389  15.808  86.367 160.290  14.206  86.711 158.316  12.462  84.516
 154.307  14.475  83.766 153.465  13.811  84.964 149.678  13.925  85.103 148.785
  12.802  84.550 147.459  13.087  86.519 148.894  12.326  84.183 149.497  11.912
  83.982 149.915  18.301  82.896 148.970  18.144  82.988 147.762  17.340  81.660
 148.992  18.889  81.948 147.023  17.223  80.772 148.117  18.650  80.854 147.363
  17.662
  86.693 154.819  15.834  85.650 153.997  15.422  87.403 154.212  16.701  85.480
 152.688  15.983  87.355 153.145  17.220  86.414 152.190  16.980  84.552 151.735
  15.798  85.940 150.977  17.360  85.437 150.689  16.060  83.659 151.648  16.847
  84.818 151.021  18.124  85.506 149.461  15.356  83.695 151.820  18.224  86.218
 148.566  15.752  87.513 155.698  13.240  87.284 156.546  14.080  87.019 156.146
  15.497  87.122 157.863  13.591  86.545 157.284  15.994  86.713 158.952  14.367
  86.381 158.368  15.634  86.669 160.076  14.040  87.343 158.050  12.620  84.824
 154.545  14.442  84.532 153.800  13.368  84.765 149.523  14.169  84.831 148.446
  13.171  84.185 147.210  13.552  86.152 148.133  12.655  84.011 148.715  12.037
  83.253 150.583  17.943  82.312 149.532  18.312  82.676 148.200  17.910  81.311
 149.638  19.363  82.317 147.220  18.617  80.949 148.518  19.866  81.578 147.454
  19.662
  86.658 154.797  15.522  85.419 154.055  15.478  87.572 154.090  16.087  85.383
 152.753  16.098  87.577 152.998  16.586  86.553 152.119  16.668  84.450 151.788
  16.137  86.273 150.853  16.997  85.304 150.684  15.938  83.977 151.573  17.403
  85.476 150.802  18.100  85.151 149.672  14.987  84.385 151.382  18.760  85.994
 148.864  14.779  86.758 155.685  12.759  86.867 156.527  13.665  86.908 156.118
  15.090  86.919 157.937  13.264  86.738 157.259  15.768  86.925 159.037  14.195
  86.730 158.350  15.527  86.920 160.219  14.019  87.065 158.258  12.314  84.247
 154.456  14.872  84.245 154.304  13.545  83.999 149.845  14.219  83.628 148.881
  13.171  83.388 147.536  13.727  84.654 148.668  12.225  82.424 149.357  12.464
  83.941 150.187  18.322  82.955 149.188  18.564  83.227 148.006  19.411  81.603
 149.241  18.113  82.322 147.259  19.703  80.827 148.382  18.500  81.152 147.618
  19.456
  87.011 154.835  15.240  85.810 154.123  15.040  87.862 154.040  15.807  85.617
 152.806  15.635  87.846 152.892  16.175  86.750 152.083  16.150  84.597 151.889
  15.796  86.406 150.837  16.587  85.402 150.739  15.568  84.173 151.726  17.110
  85.625 150.831  17.710  85.077 149.571  14.810  84.788 151.627  18.450  85.641
 148.575  15.045  87.312 155.970  12.571  87.352 156.728  13.514  87.355 156.162
  14.862  87.162 158.146  13.270  86.978 157.176  15.657  86.987 159.130  14.295
  86.778 158.339  15.557  86.821 160.310  14.123  87.271 158.490  12.324  84.816
 154.801  14.477  83.778 154.244  13.919  83.895 149.695  14.183  83.249 148.516
  13.673  82.789 147.675  14.723  84.205 147.883  12.702  82.210 149.006  12.680
  84.160 150.450  18.137  83.257 149.485  18.527  83.016 148.982  19.881  82.356
 148.771  17.579  82.367 147.924  20.053  81.661 147.882  17.971  81.726 147.470
  19.133
  86.846 154.778  15.051  85.640 154.023  15.106  87.833 154.037  15.502  85.617
 152.747  15.791  87.900 152.971  15.964  86.814 152.081  16.192  84.646 151.834
  16.052  86.526 150.817  16.633  85.484 150.678  15.794  84.340 151.579  17.408
  85.968 150.802  17.844  85.220 149.566  14.989  85.070 151.545  18.594  85.985
 148.611  14.983  86.466 155.945  12.349  86.717 156.647  13.285  86.970 156.113
  14.615  86.765 158.136  13.084  87.109 157.093  15.387  86.960 159.093  14.148
  87.102 158.272  15.349  86.922 160.298  14.059  86.594 158.423  12.127  84.515
 154.608  14.666  83.346 154.005  14.610  84.000 149.787  14.342  83.324 148.844
  13.489  82.858 147.716  14.284  84.109 148.307  12.355  82.249 149.632  12.922
  84.513 150.354  18.472  83.526 149.539  19.083  84.001 148.381  19.743  82.117
 149.621  18.918  83.224 147.472  19.994  81.404 148.687  19.333  81.960 147.655
  19.812
