#Frame       SA_00001
       1     483.1411
       2     483.3648
       3     483.2681
       4     487.3965
       5     475.8330
       6     479.0348
       7     485.3745
       8     472.0964
       9     479.4018
      10     473.8369
      11     485.4706
      12     479.2147
      13     483.5083
      14     479.2028
      15     479.1825
      16     480.6367
      17     477.6435
      18     478.2729
      19     478.2509
      20     476.5633
      21     475.9503
      22     481.2803
      23     477.0272
      24     470.7850
      25     467.1431
      26     484.5642
      27     484.8718
      28     485.7481
      29     479.3164
      30     483.7847
      31     481.0672
      32     483.3622
      33     486.2364
      34     485.0856
      35     479.0021
      36     482.0287
      37     477.8002
      38     481.3333
      39     475.8058
      40     476.9566
      41     478.9625
      42     482.2811
      43     476.4988
      44     478.3742
      45     475.8848
      46     468.9027
      47     478.2386
      48     479.3830
      49     470.1034
      50     480.8373
