Cpptraj Generated trajectory                                                    
  84.378 152.417  18.634  83.412 151.807  18.154  82.803 150.880  18.939  82.892
 152.034  16.768  81.646 150.254  18.615  81.843 151.625  16.081  83.422 152.800
  15.786  80.581 150.254  17.779  80.776 150.899  16.489  82.178 152.391  15.025
  82.981 153.512  14.674  79.369 149.592  18.108  79.666 150.628  15.812  78.401
 149.686  17.215  78.476 150.229  15.962  83.202 150.660  19.843  77.145 149.152
  17.527  76.607 147.910  16.848  76.115 149.695  18.102  77.341 147.239  16.101
  75.205 147.616  16.977  74.953 149.460  18.247  74.219 148.331  17.802  73.073
 148.004  18.000  74.811 146.890  16.391  79.235 148.877  19.312  79.490 147.531
  19.239  77.438 150.325  15.058  77.628 150.114  13.755  83.683 152.450  14.329
  84.738 151.986  13.495  84.881 150.658  12.992  85.716 152.954  12.972  85.733
 150.461  12.125  86.450 152.617  12.066  86.520 151.375  11.815
  84.932 152.153  18.175  83.858 151.716  17.828  83.029 151.210  18.813  83.368
 151.850  16.450  81.755 150.826  18.614  82.231 151.504  15.800  84.018 152.357
  15.329  80.834 150.367  17.663  81.189 150.810  16.261  82.744 151.937  14.643
  83.550 152.947  14.209  79.630 149.785  18.017  80.190 150.275  15.543  78.764
 149.451  16.966  79.023 149.739  15.638  83.442 151.280  19.736  77.545 148.780
  17.176  77.077 147.512  16.535  76.520 149.400  17.623  77.847 146.726  16.091
  75.620 147.280  16.470  75.360 149.168  17.593  74.611 148.080  17.010  73.426
 147.839  17.056  75.360 146.458  15.936  79.327 149.432  19.269  79.445 148.185
  19.689  78.177 149.556  14.520  78.489 149.769  13.252  84.126 151.757  13.920
  85.189 151.149  13.148  85.568 149.743  13.179  86.080 151.909  12.229  86.572
 149.355  12.615  87.122 151.359  11.848  87.089 150.127  11.791
  85.045 151.836  18.328  83.969 151.327  17.974  83.076 150.813  18.884  83.655
 151.363  16.573  81.963 150.236  18.470  82.625 150.919  15.854  84.288 151.828
  15.526  80.987 149.987  17.545  81.480 150.232  16.224  83.250 151.319  14.689
  83.947 152.395  14.270  79.694 149.661  17.833  80.461 149.864  15.347  78.882
 149.340  16.722  79.254 149.417  15.371  83.355 150.901  19.854  77.528 148.930
  16.960  76.848 147.697  16.453  76.555 149.621  17.451  77.581 146.818  16.006
  75.396 147.562  16.630  75.396 149.631  17.677  74.519 148.518  17.228  73.347
 148.312  17.501  74.956 146.694  16.348  79.250 149.556  19.104  79.437 148.444
  19.860  78.532 149.221  14.197  79.161 148.739  13.074  84.653 151.285  14.102
  85.322 150.514  13.134  84.717 149.805  11.999  86.710 150.422  13.066  85.442
 149.108  11.279  87.346 149.740  12.281  86.709 149.044  11.477
  84.845 151.595  17.815  83.714 151.175  17.536  82.979 150.429  18.419  83.207
 151.268  16.160  81.727 149.997  18.328  82.127 150.875  15.510  83.834 151.711
  15.027  80.671 149.832  17.432  80.984 150.287  16.053  82.548 151.269  14.289
  83.499 152.153  13.744  79.481 149.154  17.703  79.931 150.007  15.282  78.573
 149.091  16.616  78.780 149.496  15.326  83.474 150.118  19.247  77.288 148.530
  16.932  76.636 147.385  16.214  76.380 149.248  17.554  77.205 146.457  15.729
  75.163 147.384  16.223  75.208 149.248  17.648  74.280 148.330  16.924  73.075
 148.142  16.932  74.607 146.630  15.834  79.035 148.869  19.006  79.812 148.157
  19.794  77.895 149.429  14.314  78.208 149.475  13.032  84.045 150.931  13.677
  84.999 150.181  12.902  85.045 150.030  11.428  86.078 149.559  13.602  86.078
 149.664  10.914  87.004 149.143  12.913  86.873 149.038  11.650
  84.298 151.944  18.217  83.385 151.197  17.940  82.527 150.808  18.936  83.155
 150.985  16.537  81.308 150.299  18.713  82.151 150.457  15.824  83.845 151.391
  15.498  80.413 149.832  17.676  80.959 149.980  16.285  82.651 150.820  14.682
  83.493 151.830  14.258  79.132 149.336  17.971  79.926 149.408  15.548  78.326
 148.999  16.896  78.697 148.891  15.588  82.743 151.064  19.892  76.999 148.575
  17.168  76.511 147.273  16.777  76.029 149.436  17.161  77.347 146.305  16.604
  75.027 147.128  16.620  74.841 149.402  17.004  74.071 148.217  16.602  72.877
 148.123  16.311  74.747 146.198  16.332  78.707 149.306  19.313  78.552 148.191
  19.934  77.862 148.574  14.553  78.096 149.101  13.375  84.333 150.725  14.208
  85.310 150.119  13.464  85.970 150.838  12.408  85.425 148.658  13.278  86.677
 150.240  11.578  86.247 148.242  12.479  86.841 148.973  11.688
  84.123 152.079  18.184  83.132 151.422  17.882  82.557 150.687  18.947  82.674
 151.193  16.492  81.503 149.997  18.761  81.651 150.701  15.953  83.295 151.581
  15.362  80.329 149.774  17.988  80.622 150.196  16.531  82.028 151.116  14.730
  82.860 152.063  14.170  79.140 149.222  18.487  79.395 149.900  15.937  78.111
 149.137  17.500  78.144 149.486  16.173  82.836 150.826  19.911  76.878 148.645
  17.927  76.310 147.396  17.486  75.983 149.373  18.610  76.906 146.635  16.745
  74.989 147.088  17.961  74.835 149.207  18.859  74.016 147.959  18.585  72.899
 147.711  18.863  74.699 146.159  17.679  78.965 148.742  19.747  79.033 147.434
  19.950  77.125 149.328  15.207  77.278 149.526  13.893  83.392 150.878  13.903
  84.641 150.209  13.463  85.352 150.588  12.307  85.141 149.015  14.082  86.203
 149.815  11.880  86.050 148.322  13.535  86.543 148.734  12.472
  84.000 152.084  17.868  83.037 151.336  17.815  82.445 150.945  19.005  82.342
 151.103  16.495  81.366 150.155  19.081  81.222 150.464  16.147  82.726 151.366
  15.290  80.297 149.661  18.363  80.330 149.880  16.941  81.559 150.532  14.834
  82.216 151.400  14.045  79.226 149.085  19.044  79.125 149.356  16.503  78.169
 148.616  18.236  78.043 148.753  16.913  82.917 151.296  19.830  77.041 147.982
  18.833  76.480 146.622  18.612  76.056 148.616  19.459  77.100 145.794  17.958
  75.177 146.281  19.215  75.000 148.407  19.917  74.273 147.132  19.825  73.118
 146.849  20.153  74.788 145.369  19.004  79.325 148.893  20.429  79.514 147.650
  20.840  76.965 148.306  16.179  76.996 148.239  14.852  83.076 150.312  14.116
  83.771 149.285  13.528  84.751 149.528  12.512  83.541 147.897  13.816  85.186
 148.546  11.869  84.041 147.022  13.072  84.933 147.409  12.240
  83.837 150.860  17.890  82.811 150.225  17.948  82.406 149.833  19.173  82.089
 150.021  16.731  81.134 149.338  19.330  80.865 149.641  16.402  82.340 150.526
  15.490  79.952 148.916  18.668  79.923 149.124  17.250  80.995 149.981  15.081
  81.702 150.939  14.316  78.934 148.328  19.353  78.674 148.717  16.799  77.729
 148.144  18.663  77.607 148.300  17.274  82.995 149.978  19.984  76.626 147.618
  19.338  75.872 146.364  19.011  75.965 148.278  20.279  76.252 145.600  18.188
  74.591 146.115  19.853  74.945 148.087  20.909  73.967 146.975  20.884  72.929
 146.827  21.496  74.025 145.325  19.567  79.050 148.120  20.697  79.200 146.928
  21.153  76.441 147.960  16.581  76.493 147.839  15.252  82.331 149.740  14.135
  83.167 148.930  13.303  84.179 149.402  12.451  83.029 147.484  13.222  84.846
 148.632  11.732  83.829 146.805  12.585  84.585 147.405  11.789
  83.921 150.716  17.950  82.745 150.295  18.028  82.259 150.015  19.328  81.903
 150.152  16.798  81.070 149.559  19.556  80.734 149.698  16.541  82.222 150.497
  15.549  79.863 149.099  18.979  79.824 149.240  17.499  80.848 149.953  15.229
  81.511 150.848  14.424  78.751 148.653  19.758  78.570 148.846  17.210  77.604
 148.439  19.051  77.448 148.417  17.690  82.911 150.060  20.101  76.443 148.092
  19.840  75.603 146.875  19.775  75.768 148.878  20.681  75.823 145.974  18.978
  74.417 146.748  20.608  74.789 148.781  21.364  73.865 147.676  21.485  72.955
 147.459  22.282  74.020 145.821  20.516  78.727 148.531  21.129  79.439 147.606
  21.767  76.261 148.239  16.983  76.145 148.362  15.654  82.056 149.604  14.218
  82.892 148.743  13.387  84.055 149.342  12.651  82.940 147.327  13.286  84.898
 148.603  12.182  83.905 146.682  12.913  84.875 147.353  12.446
  83.878 150.792  18.462  82.670 150.572  18.429  82.046 150.163  19.583  81.998
 150.527  17.158  80.810 149.717  19.654  80.817 150.057  16.750  82.410 150.898
  15.919  79.700 149.316  18.938  79.839 149.517  17.540  81.052 150.369  15.506
  81.773 151.257  14.745  78.599 148.875  19.665  78.623 149.096  17.106  77.481
 148.512  18.892  77.510 148.563  17.505  82.666 150.034  20.374  76.268 148.144
  19.629  75.734 146.801  19.728  75.440 148.923  20.282  76.341 145.879  19.242
  74.444 146.531  20.433  74.469 148.778  20.862  73.664 147.496  21.126  72.694
 147.323  21.869  74.272 145.551  20.626  78.611 148.828  21.056  78.682 147.716
  21.671  76.455 148.111  16.699  76.277 148.438  15.422  82.319 150.003  14.583
  82.790 148.943  13.843  83.445 149.034  12.569  82.639 147.547  14.254  83.749
 148.055  11.921  83.117 146.614  13.581  83.707 146.905  12.459
  84.098 151.240  18.395  83.027 150.681  18.338  82.455 150.126  19.434  82.343
 150.668  17.025  81.256 149.633  19.587  81.131 150.345  16.650  82.770 151.067
  15.842  80.035 149.475  18.873  80.157 149.829  17.441  81.457 150.648  15.329
  82.287 151.469  14.620  78.913 148.958  19.511  78.930 149.443  16.961  77.808
 148.757  18.684  77.760 148.939  17.282  82.921 150.213  20.329  76.666 148.155
  19.268  76.421 146.739  19.674  75.548 148.797  19.648  77.309 145.929  19.638
  75.126 146.359  20.309  74.513 148.541  20.109  73.986 147.290  20.559  72.961
 146.943  21.096  74.913 145.441  20.682  78.922 148.831  20.856  79.188 147.701
  21.415  76.762 148.578  16.401  76.742 149.067  15.184  82.640 150.133  14.477
  83.051 149.082  13.597  83.835 149.440  12.395  83.122 147.706  13.927  84.655
 148.615  11.910  83.831 146.982  13.271  84.445 147.409  12.224
  84.491 150.580  18.410  83.374 150.153  18.347  82.812 149.532  19.497  82.673
 150.147  17.065  81.585 149.052  19.476  81.460 149.831  16.605  83.090 150.561
  15.861  80.286 149.063  18.779  80.348 149.443  17.376  81.757 150.298  15.391
  82.579 151.230  14.758  79.144 148.788  19.419  79.011 149.384  16.868  77.967
 148.720  18.703  77.868 148.994  17.317  83.414 149.439  20.306  76.758 148.324
  19.433  76.236 146.904  19.641  75.879 149.106  19.941  76.941 145.914  19.284
  74.935 146.716  20.364  74.839 149.051  20.496  74.082 147.783  20.866  73.132
 147.637  21.618  74.627 145.758  20.480  79.111 148.392  20.750  79.765 147.359
  21.211  76.725 149.078  16.590  76.732 149.306  15.228  82.852 149.983  14.304
  83.773 149.287  13.466  84.041 149.456  12.028  84.790 148.496  14.043  85.132
 149.138  11.488  85.740 148.050  13.359  85.854 148.307  12.126
  85.121 149.616  18.853  83.916 149.687  18.793  83.229 149.077  19.782  83.270
 150.176  17.498  81.931 148.824  19.660  82.063 150.240  17.036  83.864 150.834
  16.499  80.747 148.993  18.906  80.918 149.804  17.605  82.455 150.858  15.913
  83.510 151.624  15.434  79.524 148.502  19.384  79.614 149.920  17.167  78.382
 148.893  18.661  78.351 149.636  17.510  83.746 148.555  20.480  77.069 148.370
  19.060  76.526 146.980  18.943  76.505 148.961  20.093  76.946 146.151  18.171
  75.418 146.673  19.879  75.655 148.693  20.905  74.898 147.490  20.905  73.938
 147.087  21.611  75.160 145.694  19.837  79.412 147.709  20.489  80.257 146.716
  20.675  77.199 150.175  16.863  77.233 150.629  15.629  83.761 150.327  15.024
  84.208 149.629  13.870  84.479 150.049  12.492  84.615 148.254  14.047  84.823
 149.214  11.630  85.093 147.592  13.079  85.294 148.116  11.993
  85.239 149.805  18.787  84.072 149.525  18.527  83.464 148.621  19.456  83.321
 150.003  17.424  82.161 148.352  19.457  82.042 150.014  17.064  83.814 150.747
  16.475  80.906 148.551  18.940  80.968 149.391  17.704  82.304 150.875  16.073
  83.331 151.760  15.727  79.648 148.106  19.506  79.655 149.594  17.375  78.488
 148.561  18.829  78.472 149.375  17.726  84.066 148.072  20.058  77.201 148.346
  19.327  76.009 147.776  18.606  76.828 148.642  20.556  76.112 147.407  17.474
  74.746 147.725  19.357  75.869 148.582  21.211  74.543 148.111  20.782  73.518
 148.250  21.335  73.914 147.331  18.934  79.572 147.325  20.684  79.843 146.033
  20.536  77.298 149.867  17.218  77.264 150.488  16.068  83.385 150.717  14.889
  83.937 150.227  13.673  83.350 150.511  12.395  85.023 149.320  13.541  83.648
 149.839  11.420  85.274 148.839  12.409  84.577 149.099  11.429
  85.022 148.662  18.017  83.848 148.841  18.138  83.223 148.282  19.183  83.085
 149.707  17.188  81.877 148.321  19.382  81.751 149.874  16.911  83.452 150.571
  16.201  80.654 148.842  18.988  80.722 149.516  17.702  81.995 150.465  15.776
  82.917 151.409  15.277  79.523 148.498  19.683  79.384 149.806  17.532  78.332
 149.014  19.193  78.180 149.744  18.035  83.809 147.656  19.721  77.169 148.827
  19.983  76.209 147.790  19.743  76.648 149.635  20.866  76.484 146.925  18.950
  75.070 147.684  20.578  75.663 149.694  21.512  74.586 148.673  21.498  73.432
 148.654  21.886  74.398 146.943  20.414  79.648 147.706  20.820  79.055 146.529
  21.080  77.062 150.228  17.514  76.716 149.962  16.222  83.165 150.247  14.714
  83.892 149.503  13.662  83.776 149.805  12.280  84.985 148.507  13.898  84.535
 149.284  11.432  85.553 147.972  12.936  85.426 148.503  11.793
  84.648 148.233  18.438  83.491 148.498  18.521  82.710 148.137  19.570  82.972
 149.430  17.545  81.425 148.432  19.656  81.752 149.769  17.177  83.583 150.160
  16.658  80.209 148.742  19.012  80.545 149.395  17.751  82.152 150.511  16.132
  83.282 151.296  15.865  78.924 148.566  19.546  79.303 149.720  17.280  77.853
 149.059  18.797  77.998 149.646  17.511  83.017 147.450  20.248  76.567 149.005
  19.399  75.909 147.704  19.669  76.249 149.805  20.322  76.071 146.833  18.780
  75.085 147.606  20.874  75.526 149.771  21.314  74.798 148.607  21.844  74.095
 148.461  22.811  74.693 146.691  21.064  78.704 147.860  20.717  79.430 146.820
  21.082  76.984 150.339  16.810  75.665 150.087  16.902  83.263 150.215  15.040
  83.970 149.612  13.919  84.705 150.417  12.937  84.198 148.219  13.712  85.284
 149.928  11.948  84.957 147.851  12.775  85.120 148.693  11.839
  84.791 148.569  18.442  83.543 148.640  18.517  82.814 147.887  19.425  82.845
 149.466  17.538  81.435 147.935  19.552  81.580 149.669  17.194  83.369 150.286
  16.557  80.221 148.456  19.072  80.444 149.234  17.830  81.953 150.409  16.156
  82.887 151.311  15.774  79.009 148.236  19.683  79.145 149.596  17.519  77.908
 148.866  19.088  77.942 149.548  17.886  83.342 147.354  20.107  76.706 148.700
  19.820  75.486 148.121  19.200  76.370 149.337  20.944  75.499 147.522  18.139
  74.190 148.317  19.932  75.363 149.659  21.517  74.036 149.093  21.150  72.945
 149.294  21.620  73.307 148.035  19.524  78.899 147.596  20.932  78.931 146.291
  21.048  76.891 150.222  17.303  76.745 149.987  16.012  82.998 150.260  14.968
  83.918 149.731  14.025  84.593 150.581  13.099  84.233 148.362  13.848  85.341
 150.088  12.218  84.876 148.006  12.863  85.512 148.848  12.208
  84.994 148.237  19.034  83.792 148.547  19.056  83.005 147.989  20.090  83.191
 149.538  18.061  81.692 148.069  20.073  81.937 149.982  17.875  83.790 150.231
  17.112  80.539 148.668  19.591  80.760 149.627  18.499  82.332 150.708  16.803
  83.473 151.371  16.364  79.308 148.358  20.124  79.488 150.128  18.323  78.206
 149.117  19.667  78.247 150.148  18.781  83.452 147.325  20.711  76.976 148.868
  20.270  75.761 148.445  19.607  76.634 149.474  21.373  75.731 147.879  18.521
  74.530 148.671  20.291  75.643 149.736  21.910  74.336 149.425  21.509  73.205
 149.705  22.019  73.644 148.462  19.847  79.219 147.443  21.204  78.704 146.235
  20.945  77.147 150.815  18.339  77.264 151.768  17.464  83.205 150.263  15.529
  83.336 149.625  14.317  83.309 150.267  13.073  83.502 148.206  14.164  83.371
 149.663  12.036  83.384 147.680  13.061  83.457 148.388  12.035
  84.777 147.185  18.626  83.682 147.658  18.748  82.732 146.944  19.536  83.349
 148.909  18.025  81.554 147.455  19.760  82.237 149.626  17.944  84.110 149.651
  17.197  80.611 148.353  19.479  81.104 149.400  18.582  82.844 150.529  17.149
  84.168 150.982  16.889  79.363 148.350  20.130  79.981 150.223  18.531  78.511
 149.398  19.778  78.760 150.376  18.888  83.013 146.094  20.010  77.263 149.405
  20.423  76.003 149.427  19.724  77.084 149.870  21.651  75.941 149.056  18.577
  74.763 149.708  20.485  76.125 150.119  22.311  74.610 150.134  21.900  73.614
 150.558  22.421  73.891 149.522  20.004  79.018 147.397  21.097  78.368 146.296
  20.718  77.915 151.337  18.445  78.166 152.570  18.626  83.682 150.348  15.820
  83.671 150.171  14.412  84.526 150.901  13.566  82.979 149.146  13.637  84.649
 150.667  12.382  83.116 149.024  12.440  84.025 149.714  11.874
  84.779 147.335  18.762  83.618 147.662  18.711  82.573 146.948  19.242  83.383
 148.927  18.003  81.292 147.406  19.247  82.399 149.772  17.799  84.216 149.675
  17.332  80.452 148.539  19.082  81.128 149.643  18.331  83.093 150.589  17.109
  84.332 151.033  17.061  79.155 148.528  19.558  80.083 150.483  18.207  78.498
 149.693  19.404  78.883 150.784  18.632  82.738 146.291  19.995  77.294 149.789
  19.980  76.017 150.113  19.317  77.085 150.109  21.263  75.888 150.014  18.085
  74.916 150.542  20.070  76.200 150.522  21.953  74.828 150.776  21.451  73.824
 151.048  22.139  74.056 150.693  19.555  78.693 147.505  20.289  77.624 146.779
  19.880  78.276 151.998  18.507  78.619 152.992  19.326  84.163 150.417  15.886
  84.562 150.387  14.497  85.901 150.508  14.056  83.653 150.350  13.339  86.134
 150.774  12.886  84.054 150.550  12.179  85.285 150.363  12.079
  83.936 146.594  18.291  82.991 147.296  18.436  81.743 146.750  18.844  83.095
 148.719  18.028  80.651 147.460  18.826  82.269 149.776  17.962  84.131 149.393
  17.465  80.122 148.738  18.911  81.009 149.810  18.357  83.137 150.564  17.358
  84.589 150.662  17.383  78.840 148.926  19.347  80.257 150.917  18.371  78.378
 150.302  19.304  79.090 151.310  18.742  81.593 145.751  18.917  77.084 150.637
  19.797  76.005 151.289  19.019  76.720 150.592  21.038  76.081 151.607  17.848
  74.834 151.751  19.786  75.860 151.025  21.734  74.669 151.695  21.236  73.880
 152.303  21.923  74.112 152.258  19.288  78.062 147.841  19.704  77.084 147.651
  18.806  78.606 152.590  18.662  79.448 153.596  18.841  84.243 150.195  16.159
  84.426 150.404  14.736  85.664 150.152  14.065  83.362 150.702  13.843  85.724
 150.121  12.826  83.555 150.667  12.608  84.618 150.194  12.211
  83.434 146.387  18.827  82.523 147.254  18.915  81.467 147.011  19.825  82.753
 148.557  18.383  80.391 147.808  19.843  82.017 149.654  18.364  83.737 148.970
  17.686  79.806 149.020  19.535  80.735 149.848  18.834  82.917 150.356  17.620
  84.237 150.326  17.542  78.498 149.254  19.872  80.002 150.979  18.679  78.090
 150.558  19.525  78.828 151.519  18.915  81.347 146.028  20.037  76.836 151.032
  19.929  75.742 151.308  18.985  76.410 151.245  21.184  75.927 151.380  17.738
  74.426 151.594  19.633  75.367 151.457  21.702  74.122 151.778  21.000  73.003
 152.189  21.362  73.697 151.431  18.948  77.720 148.365  20.509  77.110 147.446
  19.842  78.521 152.835  18.752  78.766 153.684  19.732  83.763 149.931  16.289
  83.911 149.933  14.868  85.186 149.708  14.286  82.978 150.573  13.968  85.437
 150.052  13.147  83.375 150.899  12.845  84.583 150.723  12.579
  83.589 146.433  19.145  82.688 147.280  19.321  81.510 146.933  19.940  82.925
 148.665  18.758  80.425 147.686  19.850  82.140 149.677  18.531  84.053 149.213
  18.263  79.867 148.889  19.424  80.815 149.824  18.750  83.165 150.398  17.965
  84.550 150.472  18.038  78.523 149.147  19.705  79.980 150.896  18.530  78.088
 150.441  19.347  78.826 151.389  18.681  81.406 145.961  20.205  76.723 150.619
  19.684  75.666 150.509  18.692  76.199 150.924  20.854  75.840 150.207  17.532
  74.309 150.748  19.232  75.135 151.163  21.395  73.881 151.169  20.554  72.746
 151.313  20.860  73.575 150.814  18.536  77.689 148.210  20.280  76.945 147.353
  19.639  78.444 152.636  18.221  79.052 153.714  18.671  84.183 149.979  16.891
  84.132 150.252  15.487  85.285 150.556  14.688  82.863 150.473  14.769  85.148
 150.882  13.521  82.865 150.768  13.594  84.002 151.079  13.092
  83.782 146.559  19.197  82.776 147.284  19.083  81.633 146.685  19.481  82.936
 148.624  18.511  80.525 147.389  19.542  82.133 149.649  18.368  83.991 149.175
  17.962  79.895 148.666  19.333  80.848 149.661  18.688  83.152 150.337  17.839
  84.530 150.393  17.741  78.566 149.000  19.707  80.080 150.769  18.425  78.150
 150.278  19.426  78.882 151.242  18.712  81.766 145.782  19.919  76.805 150.688
  19.671  75.783 151.311  18.760  76.224 150.643  20.873  76.048 151.294  17.512
  74.462 151.761  19.312  75.199 151.054  21.302  74.077 151.709  20.684  73.059
 152.266  21.154  73.804 152.220  18.692  77.876 148.078  20.411  77.544 146.897
  19.945  78.410 152.493  18.448  79.141 153.366  17.842  84.031 150.028  16.568
  84.062 150.373  15.188  85.312 150.429  14.526  82.960 150.535  14.287  85.356
 150.552  13.282  83.093 150.563  13.036  84.274 150.524  12.556
  83.530 146.133  18.497  82.735 147.037  18.560  81.583 146.769  19.209  83.061
 148.322  17.997  80.549 147.577  19.301  82.416 149.458  17.973  84.200 148.812
  17.486  80.090 148.900  19.111  81.104 149.732  18.442  83.501 150.136  17.469
  84.849 150.015  17.524  78.924 149.355  19.594  80.504 150.924  18.345  78.642
 150.745  19.320  79.456 151.601  18.683  81.419 145.903  19.708  77.394 151.178
  19.822  76.269 151.712  19.095  77.074 151.069  21.095  76.280 151.945  17.951
  74.974 151.794  19.772  76.111 151.203  21.808  74.756 151.619  21.228  73.743
 151.823  21.834  74.115 151.910  19.246  77.968 148.533  20.166  77.161 147.932
  19.408  79.184 152.914  18.405  80.111 153.853  18.528  84.472 149.778  16.246
  84.619 150.113  14.922  85.849 150.603  14.460  83.680 149.954  13.797  86.057
 150.955  13.300  84.057 150.202  12.626  85.207 150.659  12.426
  84.473 146.839  17.367  83.608 147.648  17.741  82.456 147.126  18.440  83.695
 149.075  17.546  81.312 147.836  18.641  82.853 150.102  17.703  84.722 149.768
  17.078  80.666 149.089  18.606  81.586 150.132  18.100  83.791 150.934  17.293
  85.215 151.006  17.207  79.342 149.293  19.024  80.726 151.258  18.183  78.825
 150.576  18.953  79.535 151.661  18.453  82.447 146.117  18.534  77.520 150.795
  19.447  76.329 150.917  18.587  77.138 151.211  20.669  76.358 150.651  17.402
  75.049 151.272  19.241  76.140 151.696  21.119  74.856 151.896  20.573  73.853
 152.425  20.997  74.210 151.080  18.707  78.631 148.199  19.454  78.137 147.399
  18.578  79.176 152.998  18.428  79.882 153.930  17.712  84.729 150.854  15.943
  85.120 150.841  14.556  86.037 151.757  13.862  84.595 149.909  13.563  86.061
 151.867  12.663  84.693 150.152  12.359  85.355 151.104  11.959
  84.692 147.419  17.623  83.696 148.094  17.677  82.497 147.506  18.111  83.669
 149.572  17.347  81.433 148.185  18.491  82.821 150.580  17.433  84.635 150.279
  16.799  80.759 149.423  18.417  81.504 150.555  17.841  83.717 151.464  16.968
  85.076 151.555  16.961  79.518 149.532  19.000  80.584 151.591  17.850  78.887
 150.789  18.844  79.414 151.910  18.276  82.525 146.496  18.187  77.569 150.987
  19.373  76.315 150.842  18.578  77.274 151.495  20.542  76.337 150.374  17.473
  75.123 151.391  19.184  76.348 151.961  21.050  75.014 151.997  20.478  73.931
 152.322  20.946  74.242 151.212  18.719  78.981 148.451  19.684  78.206 147.539
  19.047  78.798 153.205  18.225  79.492 154.241  17.671  84.639 151.409  15.662
  84.810 151.968  14.351  85.389 153.244  14.046  84.604 151.256  13.120  85.899
 153.487  13.000  84.940 151.722  12.029  85.730 152.674  12.058
  84.450 148.022  18.369  83.480 148.658  18.026  82.237 148.056  18.016  83.705
 150.068  17.588  81.145 148.825  18.054  82.909 151.122  17.444  84.828 150.665
  17.215  80.634 150.171  18.125  81.579 151.219  17.759  83.893 151.925  17.063
  85.292 152.003  17.279  79.304 150.335  18.596  80.814 152.341  17.892  78.881
 151.656  18.680  79.645 152.764  18.292  82.103 147.052  18.029  77.560 151.796
  19.222  76.430 152.250  18.429  77.194 151.584  20.424  76.554 152.433  17.201
  75.102 152.392  19.122  76.220 151.725  21.039  74.926 152.164  20.528  73.808
 152.127  21.021  74.298 152.613  18.546  78.512 149.275  18.920  77.503 148.893
  18.065  79.328 154.121  18.427  80.243 154.998  18.762  85.151 151.630  15.967
  85.541 151.980  14.664  86.576 152.927  14.298  84.972 151.322  13.515  86.845
 153.077  13.095  85.230 151.631  12.360  86.193 152.468  12.203
  84.214 148.117  16.363  83.293 148.780  16.830  82.189 148.154  17.349  83.538
 150.236  16.907  81.174 148.846  17.895  82.844 151.278  17.327  84.675 150.966
  16.598  80.552 150.088  18.055  81.526 151.181  17.810  83.827 152.152  17.085
  85.217 152.134  17.089  79.219 150.175  18.438  80.787 152.250  18.169  78.797
 151.462  18.781  79.589 152.642  18.593  82.140 147.144  17.405  77.477 151.656
  19.312  76.273 152.111  18.612  77.072 151.268  20.501  76.404 152.431  17.461
  74.961 152.023  19.251  76.025 151.192  21.130  74.655 151.603  20.576  73.527
 151.607  21.032  74.169 152.399  18.743  78.418 149.059  18.584  77.842 148.605
  17.479  79.234 153.958  18.928  79.923 154.999  18.530  84.797 152.432  15.840
  85.265 152.811  14.609  86.130 153.976  14.443  84.891 152.261  13.298  86.526
 154.335  13.302  85.281 152.742  12.268  86.066 153.734  12.315
  84.510 147.921  15.973  83.513 148.551  16.279  82.287 147.912  16.274  83.746
 150.014  16.547  81.168 148.529  16.718  82.916 150.952  16.907  84.845 150.747
  16.594  80.642 149.720  17.281  81.577 150.820  17.185  83.866 151.890  16.942
  85.193 151.943  17.231  79.361 149.816  17.783  80.865 151.874  17.706  78.912
 151.050  18.286  79.709 152.249  18.219  82.315 146.901  16.223  77.577 151.134
  18.787  76.394 151.734  18.196  77.302 150.995  20.047  76.391 152.166  17.048
  75.192 151.895  19.092  76.353 151.104  20.725  75.050 151.583  20.466  73.969
 151.679  21.131  74.401 152.319  18.621  78.497 148.746  17.729  77.913 148.386
  16.643  79.311 153.542  18.615  80.135 154.527  18.408  85.055 152.201  15.866
  85.373 152.919  14.629  86.573 153.621  14.446  84.454 153.069  13.514  86.846
 154.272  13.442  84.834 153.754  12.515  85.911 154.398  12.600
  84.804 147.978  15.607  83.851 148.512  16.122  82.778 147.684  16.408  83.842
 149.999  16.508  81.696 148.135  17.119  82.914 150.856  16.787  84.776 150.860
  16.301  80.972 149.244  17.471  81.665 150.566  17.199  83.813 151.868  16.725
  85.151 152.044  16.951  79.696 149.161  18.102  80.698 151.457  17.588  79.058
 150.392  18.407  79.559 151.587  18.200  82.748 146.742  16.037  77.798 150.305
  19.128  76.551 151.054  18.734  77.860 150.468  20.411  76.367 151.166  17.560
  75.644 151.635  19.772  77.245 150.952  21.253  75.920 151.626  21.172  75.198
 152.124  21.975  74.827 152.216  19.620  79.108 148.003  18.321  78.228 147.544
  17.466  79.015 152.767  18.670  79.712 153.900  18.545  84.767 152.381  15.680
  85.193 153.061  14.510  85.844 154.317  14.684  85.431 152.505  13.210  86.514
 154.799  13.773  86.084 153.142  12.364  86.661 154.165  12.723
  85.212 148.068  15.477  84.238 148.527  16.038  83.070 147.726  16.224  84.177
 149.933  16.434  81.920 148.138  16.832  83.261 150.778  16.962  85.137 150.843
  16.308  81.274 149.176  17.440  82.045 150.477  17.408  84.134 151.782  16.849
  85.540 152.031  16.925  80.034 148.989  18.078  81.056 151.365  17.800  79.477
 150.167  18.575  79.972 151.433  18.505  83.006 146.837  15.742  78.307 150.045
  19.302  76.988 150.720  19.186  78.196 149.322  20.382  76.797 151.419  18.216
  75.924 150.525  20.154  77.405 149.116  21.255  76.066 149.731  21.320  75.209
 149.729  22.201  75.172 151.201  20.087  79.393 147.751  18.177  78.363 147.604
  17.378  79.326 152.508  18.973  79.827 153.710  18.925  85.172 152.215  15.636
  85.383 153.051  14.502  85.620 154.430  14.582  85.370 152.607  13.185  85.357
 155.130  13.592  85.367 153.398  12.224  85.439 154.595  12.460
  85.434 147.813  15.323  84.428 148.182  15.773  83.343 147.255  15.814  84.223
 149.619  16.255  82.124 147.578  16.308  83.212 150.298  16.778  85.072 150.678
  16.154  81.381 148.512  17.082  81.988 149.853  17.133  83.986 151.365  16.783
  85.282 151.785  16.896  80.131 148.242  17.562  81.010 150.615  17.690  79.395
 149.268  18.171  79.834 150.584  18.227  83.403 146.336  15.391  78.190 148.923
  18.758  76.920 149.679  18.518  78.101 148.448  19.963  76.778 150.425  17.530
  75.883 149.579  19.561  77.305 148.401  20.853  75.951 148.862  20.796  75.096
 148.771  21.627  75.076 150.144  19.323  79.532 146.955  17.452  78.307 146.817
  16.907  79.234 151.576  18.885  79.326 152.863  18.504  84.759 152.148  15.728
  84.962 153.193  14.737  85.055 154.582  14.954  85.062 152.809  13.317  85.345
 155.271  13.979  85.568 153.577  12.530  85.510 154.813  12.882
  85.624 147.961  14.991  84.589 148.274  15.513  83.733 147.284  15.858  84.390
 149.721  15.892  82.521 147.505  16.308  83.362 150.385  16.401  85.223 150.739
  15.935  81.655 148.453  16.790  82.155 149.896  16.759  84.023 151.512  16.417
  85.330 151.823  16.724  80.392 148.124  17.302  81.183 150.611  17.380  79.611
 149.193  17.837  79.924 150.559  17.855  84.046 146.358  15.590  78.287 148.794
  18.327  77.051 149.315  17.723  78.011 148.414  19.563  77.087 149.875  16.650
  75.804 149.212  18.468  77.022 148.223  20.183  75.669 148.651  19.806  74.647
 148.697  20.421  74.987 149.575  17.992  79.881 146.797  17.374  78.931 146.370
  16.542  79.040 151.588  18.119  79.505 152.843  18.337  85.078 152.293  15.432
  85.183 153.357  14.522  84.986 154.699  14.894  85.785 153.220  13.268  85.348
 155.609  14.134  86.120 154.193  12.580  85.751 155.351  12.944
  85.730 147.940  15.482  84.668 148.416  15.783  83.627 147.465  15.932  84.469
 149.823  16.027  82.397 147.802  16.318  83.476 150.553  16.458  85.341 150.811
  16.020  81.580 148.844  16.792  82.248 150.147  16.773  84.252 151.680  16.574
  85.569 151.936  16.750  80.258 148.584  17.168  81.220 151.016  17.268  79.535
 149.624  17.714  80.023 150.900  17.787  83.875 146.485  15.998  78.207 149.341
  18.092  76.973 149.485  17.273  77.796 148.872  19.230  76.978 149.974  16.158
  75.713 149.028  17.756  76.779 148.483  19.654  75.475 148.464  19.038  74.374
 148.180  19.503  74.839 149.157  17.259  79.722 147.353  17.107  79.336 146.952
  15.957  79.278 152.002  18.167  79.774 153.241  18.182  85.242 152.322  15.434
  85.545 153.305  14.471  85.085 154.688  14.572  86.355 153.070  13.319  85.622
 155.595  13.929  86.671 154.010  12.584  86.221 155.155  12.850
  85.990 148.442  16.205  84.825 148.673  16.491  83.852 147.708  16.343  84.560
 150.091  16.811  82.599 147.878  16.517  83.432 150.747  16.989  85.364 151.116
  16.830  81.617 148.820  16.742  82.181 150.199  17.012  84.057 151.896  17.112
  85.326 152.403  17.394  80.250 148.485  16.899  81.045 150.832  17.335  79.358
 149.526  17.179  79.778 150.795  17.481  84.157 146.799  16.013  78.045 149.153
  17.331  76.891 149.759  16.580  77.555 148.638  18.443  77.093 150.261  15.503
  75.491 149.614  17.173  76.503 148.479  18.959  75.200 148.977  18.456  74.187
 148.861  19.031  74.752 150.037  16.625  79.794 147.258  16.712  79.422 147.020
  15.473  79.043 151.740  18.154  79.563 152.771  18.716  85.062 152.566  16.057
  85.432 153.382  14.915  85.748 154.764  14.951  85.535 152.834  13.645  85.974
 155.408  13.950  85.719 153.544  12.659  85.760 154.786  12.871
  86.291 148.048  15.299  85.193 148.243  15.775  84.274 147.175  15.909  84.817
 149.579  16.231  83.043 147.356  16.370  83.696 150.177  16.620  85.565 150.701
  16.281  82.012 148.191  16.777  82.480 149.652  16.903  84.266 151.392  16.809
  85.598 151.865  17.035  80.717 147.773  16.944  81.377 150.316  17.251  79.866
 148.834  17.294  80.101 150.239  17.445  84.526 146.232  15.637  78.514 148.474
  17.438  77.454 149.094  16.559  77.922 148.235  18.633  77.692 149.323  15.347
  76.159 149.373  17.166  76.833 148.435  19.050  75.677 149.102  18.444  74.534
 149.278  18.873  75.638 149.864  16.448  80.271 146.390  16.924  80.460 145.646
  15.805  79.164 151.173  17.832  79.646 152.201  18.454  85.162 152.209  15.853
  85.217 153.173  14.792  85.261 154.652  15.009  85.182 152.906  13.359  85.452
 155.422  14.049  85.507 153.765  12.540  85.715 154.925  12.935
  86.496 148.616  15.573  85.310 148.911  15.849  84.320 148.001  15.600  84.964
 150.225  16.337  83.037 148.211  15.873  83.827 150.901  16.657  85.807 151.257
  16.473  82.039 149.017  16.371  82.546 150.374  16.651  84.449 152.040  16.855
  85.771 152.458  17.197  80.702 148.503  16.671  81.359 150.961  17.073  79.851
 149.425  17.238  80.082 150.730  17.390  84.502 147.184  15.030  78.601 148.977
  17.538  77.423 149.046  16.710  78.252 148.291  18.599  77.526 149.451  15.543
  76.159 148.314  17.150  77.345 147.637  19.036  75.970 147.471  18.365  74.943
 146.797  18.743  75.343 148.378  16.553  80.269 147.195  16.459  79.995 146.836
  15.205  79.173 151.670  17.963  79.421 153.025  18.176  85.559 152.745  15.881
  85.775 153.671  14.785  85.536 155.126  14.856  86.226 153.331  13.477  85.631
 155.822  13.821  86.540 154.226  12.714  86.102 155.345  12.800
  86.320 148.723  15.030  85.161 149.011  15.249  84.167 148.074  15.231  84.809
 150.450  15.571  82.973 148.240  15.761  83.800 151.006  16.060  85.508 151.581
  15.523  82.067 149.044  16.366  82.570 150.451  16.421  84.409 152.230  16.158
  85.654 152.657  16.328  80.808 148.554  16.779  81.463 151.113  17.000  79.910
 149.624  17.188  80.197 150.947  17.318  84.426 147.145  14.921  78.576 149.222
  17.500  77.512 149.146  16.529  78.277 148.383  18.470  77.560 149.673  15.446
  76.449 148.249  16.829  77.416 147.568  18.649  76.311 147.227  17.779  75.427
 146.322  17.748  75.620 148.311  16.251  80.403 147.275  16.682  79.891 146.926
  15.544  79.318 151.909  17.811  79.775 153.051  18.230  85.335 153.011  15.045
  85.589 153.963  14.011  85.309 155.334  14.039  86.320 153.545  12.814  85.527
 156.045  13.052  86.609 154.450  11.971  86.140 155.576  12.078
  86.332 149.228  13.537  85.269 149.286  14.204  84.365 148.183  14.044  84.868
 150.504  14.974  83.189 148.194  14.631  83.717 150.907  15.595  85.550 151.624
  15.208  82.188 148.845  15.412  82.597 150.240  15.783  84.263 152.083  15.826
  85.475 152.597  16.166  80.910 148.297  15.684  81.505 150.665  16.415  80.055
 149.125  16.371  80.292 150.424  16.723  84.717 147.357  13.575  78.788 148.680
  16.838  77.627 148.220  16.057  78.429 148.788  18.134  77.688 148.182  14.851
  76.368 147.964  16.781  77.416 148.582  18.731  76.062 148.231  18.147  74.949
 148.365  18.679  75.549 147.971  16.184  80.525 147.048  15.295  80.840 146.474
  14.171  79.400 151.292  17.386  79.695 152.486  17.763  85.042 153.165  14.968
  85.314 154.333  14.166  85.277 155.639  14.801  85.554 154.415  12.758  85.721
 156.597  14.202  85.869 155.478  12.252  85.954 156.510  12.934
  86.653 149.183  13.592  85.542 149.239  14.120  84.636 148.313  13.777  85.108
 150.419  14.857  83.407 148.188  14.289  84.007 150.825  15.456  85.848 151.500
  15.173  82.416 148.811  14.999  82.835 150.137  15.554  84.576 151.979  15.859
  85.856 152.382  16.228  81.145 148.317  15.059  81.697 150.583  16.275  80.194
 149.012  15.882  80.450 150.269  16.471  84.930 147.544  13.185  78.933 148.373
  16.024  77.687 149.030  15.488  78.580 147.723  17.047  77.699 149.873  14.649
  76.421 148.620  16.145  77.632 147.419  17.667  76.278 147.895  17.357  75.272
 147.709  17.925  75.572 149.011  15.756  80.802 147.121  14.381  80.068 147.270
  13.248  79.500 150.861  17.306  79.865 152.023  17.952  85.486 153.015  15.109
  85.688 154.163  14.356  85.272 155.429  14.854  86.062 154.231  13.019  85.583
 156.462  14.248  86.172 155.270  12.413  85.742 156.328  13.010
  86.694 148.705  13.612  85.530 148.798  13.907  84.653 147.782  13.642  85.118
 149.932  14.748  83.333 147.759  13.934  83.975 150.296  15.298  85.781 150.939
  15.258  82.348 148.469  14.584  82.777 149.671  15.241  84.510 151.363  15.921
  85.782 151.624  16.434  81.014 148.058  14.608  81.650 150.149  15.872  80.140
 148.806  15.315  80.376 149.964  16.055  85.010 147.033  13.060  78.738 148.487
  15.218  77.613 149.242  14.631  78.165 147.513  15.887  77.824 150.302  14.032
  76.237 148.667  14.630  77.077 147.099  15.991  75.867 147.548  15.386  74.688
 147.103  15.430  75.537 149.122  14.056  80.594 146.974  13.862  80.477 146.967
  12.598  79.502 150.614  16.902  79.920 151.379  17.882  85.576 152.453  15.338
  85.742 153.751  14.740  85.712 155.091  15.364  86.160 153.863  13.345  85.868
 156.082  14.715  86.226 154.968  12.873  86.446 155.959  13.633
  87.330 148.466  13.962  86.188 148.403  14.388  85.380 147.325  13.886  85.652
 149.494  15.203  84.067 147.374  13.949  84.460 149.840  15.469  86.312 150.491
  15.875  82.930 148.065  14.334  83.297 149.247  15.147  84.924 150.918  16.174
  86.020 151.302  16.878  81.616 147.684  13.994  82.008 149.737  15.448  80.568
 148.455  14.581  80.742 149.518  15.388  85.778 146.452  13.560  79.226 148.157
  14.334  78.241 149.071  13.737  78.561 147.127  14.807  78.591 150.075  13.253
  76.812 148.670  13.762  77.425 146.809  14.945  76.230 147.535  14.393  75.063
 147.385  14.488  76.240 149.239  13.149  81.339 146.674  13.227  80.744 146.878
  12.097  79.701 150.277  15.956  79.778 150.841  17.145  86.043 152.022  15.726
  86.275 153.251  15.026  85.721 154.554  15.453  86.652 153.378  13.632  85.641
 155.505  14.783  86.441 154.439  13.007  85.972 155.419  13.513
  87.316 148.539  12.915  86.188 148.509  13.474  85.341 147.388  13.273  85.831
 149.629  14.307  84.149 147.304  13.716  84.757 149.935  15.037  86.515 150.701
  14.689  83.121 148.005  14.311  83.583 149.219  14.994  85.352 150.995  15.547
  86.621 151.388  15.839  81.797 147.606  14.212  82.420 149.647  15.537  80.865
 148.358  14.917  81.107 149.536  15.594  85.738 146.614  12.753  79.449 148.055
  14.965  78.422 148.612  14.154  78.980 146.882  15.368  78.537 149.745  13.644
  77.110 147.953  14.049  77.954 146.290  15.304  76.721 146.653  14.558  75.604
 146.123  14.471  76.399 148.366  13.458  81.434 146.455  13.636  81.246 146.448
  12.333  80.270 150.415  16.146  80.539 150.942  17.319  86.137 152.198  14.895
  86.308 153.435  14.220  85.525 154.581  14.430  87.364 153.676  13.269  85.704
 155.622  13.807  87.452 154.798  12.765  86.501 155.625  12.863
  87.413 149.021  13.193  86.297 149.058  13.682  85.451 148.073  13.380  85.796
 150.137  14.599  84.145 147.967  13.676  84.673 150.508  15.120  86.438 151.238
  15.047  83.070 148.578  14.439  83.468 149.840  15.128  85.152 151.623  15.738
  86.374 152.044  16.225  81.818 148.053  14.439  82.367 150.212  15.805  80.885
 148.743  15.274  81.144 149.862  15.992  85.898 147.314  12.878  79.539 148.321
  15.222  78.639 148.450  14.036  78.777 147.796  16.144  79.041 148.984  13.014
  77.334 147.848  14.047  77.698 147.299  16.249  76.648 147.230  15.179  75.464
 146.883  15.137  76.846 147.802  13.160  81.454 146.893  13.734  81.556 146.965
  12.391  80.226 150.412  16.857  80.489 150.998  18.010  86.114 152.692  15.028
  86.305 153.779  14.166  85.529 154.990  14.307  87.142 153.832  13.032  85.543
 155.824  13.380  87.131 154.786  12.237  86.366 155.762  12.499
  87.530 148.850  15.326  86.341 149.092  14.972  85.541 148.090  14.451  85.791
 150.423  15.371  84.250 148.141  14.468  84.555 150.918  15.465  86.370 151.572
  15.732  83.168 148.850  14.699  83.462 150.171  15.272  85.013 152.084  15.938
  86.052 152.608  16.661  81.895 148.437  14.375  82.212 150.683  15.569  80.865
 149.220  14.787  80.935 150.441  15.461  86.049 147.302  14.066  79.593 148.645
  14.426  78.613 149.253  13.529  78.968 147.794  15.193  78.890 150.120  12.746
  77.234 148.649  13.539  77.882 147.358  15.292  76.730 147.658  14.446  75.599
 147.231  14.532  76.554 149.097  12.935  81.697 147.241  13.756  81.714 147.084
  12.458  79.993 151.310  15.859  79.691 151.234  17.175  86.025 153.083  15.383
  86.282 154.174  14.501  86.015 155.480  14.824  86.921 154.017  13.252  86.303
 156.434  14.074  87.245 155.047  12.595  86.692 156.131  12.902
  87.678 149.429  13.873  86.499 149.458  14.246  85.726 148.336  13.969  85.925
 150.712  14.880  84.501 148.233  14.314  84.705 151.017  15.322  86.542 151.889
  15.360  83.313 148.893  14.806  83.578 150.249  15.318  85.163 152.214  15.831
  86.297 152.611  16.438  82.063 148.278  14.694  82.304 150.542  15.755  80.954
 148.996  15.208  81.103 150.212  15.834  86.138 147.418  14.091  79.667 148.531
  15.177  78.507 149.076  14.347  79.249 147.371  15.679  78.680 150.030  13.550
  77.220 148.380  14.501  78.235 146.815  15.759  76.942 147.136  15.207  75.841
 146.636  15.322  76.498 148.843  13.961  82.045 147.033  14.164  81.333 146.793
  13.045  80.017 151.007  16.326  79.907 151.084  17.637  86.062 153.384  15.382
  86.228 154.665  14.806  86.046 155.882  15.552  86.599 154.900  13.441  86.198
 156.994  15.019  86.773 156.077  13.069  86.446 157.012  13.812
  87.584 149.992  14.212  86.421 149.967  14.402  85.719 148.791  13.896  85.742
 151.151  15.068  84.383 148.590  14.156  84.478 151.272  15.493  86.173 152.356
  15.440  83.256 149.044  14.789  83.465 150.373  15.464  84.670 152.481  15.920
  85.724 153.192  16.470  82.095 148.320  14.847  82.234 150.574  15.954  80.972
 148.923  15.341  80.963 150.155  15.926  86.388 148.072  13.648  79.689 148.300
  15.150  78.555 148.974  14.527  79.196 147.377  15.887  78.619 149.919  13.747
  77.165 148.539  14.895  78.169 146.978  16.183  76.834 147.463  15.781  75.666
 147.139  16.022  76.371 148.968  14.434  82.061 146.981  14.293  81.693 146.859
  13.006  79.823 150.875  16.339  79.912 151.470  17.517  85.427 153.735  15.291
  85.679 154.950  14.542  85.614 156.276  15.222  86.279 154.991  13.309  85.870
 157.285  14.576  86.672 156.056  12.854  86.435 157.079  13.501
  87.875 150.009  14.286  86.669 149.909  14.400  85.896 148.882  13.908  86.033
 151.022  15.214  84.574 148.788  14.134  84.848 151.445  15.558  86.709 152.018
  15.814  83.499 149.366  14.774  83.739 150.653  15.408  85.350 152.507  16.207
  86.485 153.011  16.765  82.302 148.612  14.740  82.447 150.958  15.860  81.182
 149.225  15.356  81.248 150.453  15.942  86.346 148.125  13.406  79.984 148.467
  15.433  78.607 148.923  15.086  79.881 147.300  15.883  78.394 150.060  14.651
  77.482 148.041  15.387  79.053 146.493  16.098  77.566 146.675  15.924  76.636
 145.872  16.077  76.549 148.391  15.201  82.264 147.445  14.099  81.485 147.266
  13.070  80.175 150.968  16.594  80.318 151.619  17.716  86.347 153.569  15.549
  86.388 154.748  14.772  85.866 156.074  15.026  86.967 154.672  13.480  86.063
 157.000  14.232  87.086 155.676  12.752  86.679 156.777  13.139
  87.595 150.596  12.657  86.636 150.237  13.306  86.073 149.015  12.897  86.263
 151.033  14.391  84.877 148.690  13.365  85.187 151.065  15.169  86.890 152.021
  15.040  83.791 149.122  14.192  84.074 150.267  15.111  85.628 152.130  15.801
  86.765 152.742  16.213  82.535 148.478  14.129  82.962 150.384  15.896  81.558
 148.966  15.020  81.675 149.966  15.999  86.467 148.493  12.122  80.272 148.354
  14.998  78.931 149.020  14.885  80.051 147.205  15.502  78.800 150.168  14.425
  77.797 148.327  15.542  79.165 146.590  15.965  77.746 147.030  16.072  76.737
 146.565  16.510  76.907 148.812  15.553  82.361 147.369  13.277  81.409 147.462
  12.370  80.662 150.399  16.838  80.484 151.600  17.219  86.214 153.522  15.231
  86.168 154.836  14.728  85.992 156.031  15.573  86.505 155.181  13.408  86.186
 157.146  15.087  86.627 156.353  13.030  86.542 157.268  13.869
