#Frame       SA_00001
       1     440.2464
       2     442.5077
       3     448.9124
       4     442.2048
       5     447.6989
       6     453.0999
       7     443.7109
       8     441.9355
       9     436.9188
      10     444.4368
      11     453.8931
      12     446.8774
      13     447.0123
      14     446.6967
      15     436.6164
      16     440.3727
      17     450.1684
      18     441.2109
      19     448.5939
      20     445.7939
      21     431.9811
      22     440.6133
      23     449.6401
      24     448.5947
      25     447.4122
      26     441.4018
      27     444.9201
      28     438.8336
      29     443.8378
      30     443.3670
      31     439.5629
      32     444.4417
      33     449.0455
      34     442.5396
      35     445.6386
      36     441.7894
      37     443.0129
      38     442.7436
      39     444.6500
      40     441.0033
      41     441.6141
      42     447.9009
      43     449.4052
      44     442.2684
      45     440.7523
      46     447.4038
      47     444.5337
      48     432.9519
      49     436.8461
      50     436.6099
