#Frame       SA_00001
       1   21120.0184
       2   22691.7348
       3   23786.5666
       4   24204.9566
       5   24183.9346
       6   23664.4198
       7   23819.4195
       8   23732.9692
       9   23531.9255
      10   23591.1929
      11   23955.5005
      12   24083.4743
      13   23682.9681
      14   23526.5839
      15   23655.1211
      16   23888.9818
      17   24180.1367
      18   24545.9174
      19   24353.6760
      20   24397.1501
      21   24540.8276
      22   24729.6033
      23   24623.2050
      24   24766.5016
      25   24516.6194
      26   24320.2638
      27   24395.7735
      28   24361.7317
      29   24672.3602
      30   25198.2362
      31   24956.9388
      32   24877.7488
      33   24767.1350
      34   24719.1241
      35   24764.9397
      36   25153.4046
      37   25208.7883
      38   25050.9500
      39   25235.3362
      40   25383.4166
      41   25000.4970
      42   25155.7388
      43   24813.6675
      44   25030.2481
      45   25180.0710
      46   24881.5166
      47   24890.7211
      48   24909.3159
      49   25004.9148
      50   25156.5413
