#Frame       SA_00001
       1     583.1388
       2     577.9279
       3     582.9176
       4     583.4856
       5     589.4163
       6     598.6267
       7     581.7468
       8     584.0080
       9     579.0493
      10     585.9018
      11     586.1711
      12     590.3549
      13     582.7186
      14     585.3354
      15     578.9822
      16     579.1760
      17     583.7197
      18     579.3134
      19     568.9854
      20     564.4179
      21     585.7620
      22     574.3909
      23     567.7527
      24     562.5700
      25     573.0116
      26     586.2434
      27     595.7020
      28     577.2634
      29     566.8780
      30     566.1682
      31     576.4903
      32     568.9796
      33     569.1948
      34     575.0780
      35     569.2403
      36     575.1478
      37     577.9388
      38     586.7008
      39     589.1956
      40     597.1084
      41     595.7298
      42     595.2991
      43     588.3790
      44     585.6508
      45     582.8860
      46     583.6630
      47     583.5860
      48     588.6372
      49     571.2011
      50     597.7862
