#Frame       SA_00001
       1   21012.4300
       2   22114.5001
       3   22719.4903
       4   23079.2735
       5   23051.5263
       6   23072.4667
       7   23721.6849
       8   23486.7383
       9   23253.5350
      10   23737.6274
      11   23652.7477
      12   23755.2698
      13   23402.9935
      14   23280.6000
      15   22974.7538
      16   22963.4425
      17   22872.0376
      18   22635.9951
      19   22218.0572
      20   22190.0232
      21   22453.8807
      22   22532.3415
      23   22784.1720
      24   22919.4083
      25   22861.8340
      26   22883.6138
      27   22958.1450
      28   22811.3808
      29   22829.5310
      30   22881.3473
      31   23067.9650
      32   23591.2443
      33   23841.2424
      34   23569.6160
      35   23277.8052
      36   23312.1548
      37   23544.8649
      38   23605.4548
      39   23700.3284
      40   23952.8775
      41   23658.9176
      42   23570.0325
      43   23573.1366
      44   23440.5353
      45   23429.9258
      46   23547.8554
      47   23628.3177
      48   23689.0009
      49   23331.8936
      50   23486.8536
