Cpptraj Generated trajectory                                                    
  84.659 154.631  14.715  85.138 153.514  13.987  83.751 153.571  14.407  85.150
 152.202  13.249  82.937 152.598  14.095  83.712 151.844  13.521  84.773 155.996
  12.192  84.765 156.686  13.234  84.495 155.991  14.500  84.977 158.117  13.184
  84.629 156.904  15.409  85.002 158.988  14.288  84.818 158.081  15.452  85.077
 160.217  14.196  84.908 158.559  12.275  85.993 151.804  12.250  86.242 150.947
  11.226  87.293 149.958  11.429  86.899 152.093  10.911  88.619 150.138  11.033
  87.896 152.730  10.592  89.765 150.892  10.577  88.783 151.929  10.582  90.041
 150.725   9.610  86.993 148.689  12.101  87.870 147.851  12.224  85.750 148.254
  12.587  85.112 148.926  12.292
  85.569 154.517  14.315  85.909 153.424  13.506  84.693 153.410  14.286  85.771
 152.111  12.742  83.860 152.363  14.122  84.513 151.644  13.349  85.389 155.886
  11.737  85.340 156.495  12.777  85.298 155.833  14.121  85.329 158.043  12.840
  85.064 156.745  15.064  85.194 158.869  14.022  85.111 157.941  15.113  85.236
 160.091  14.040  85.494 158.541  11.974  86.521 151.711  11.598  86.989 150.692
  10.926  88.034 149.779  11.479  87.605 151.823  10.416  89.352 150.067  11.250
  88.535 152.430  10.046  90.412 150.641  10.549  89.462 151.653  10.247  90.772
 150.137   9.740  87.742 148.540  12.153  88.604 148.047  12.783  86.572 147.853
  12.095  86.033 148.344  11.452
