Run semi-empirical minimization
 &qmmm
    qm_theory='AM1', grms_tol=0.0005,
 scfconv=1.d-10, ndiis_attempts=700,   qmcharge=0,
 /
   6    C1       84.2790      154.7280       13.8260 
   6    C2       85.1960      153.7200       13.4850 
   6    C3       82.9820      154.3280       14.1750 
   6    C4       84.8480      152.3550       13.5050 
   6    C5       82.6160      152.9780       14.1870 
   6    C6       83.5420      151.9960       13.8520 
   8    O1       84.4230      156.5190       11.5340 
   6    C7       84.7050      156.8850       12.6720 
   7    N1       84.6640      156.1130       13.8380 
   7    N2       85.1190      158.1850       12.8450 
   6    C8       85.2360      156.6870       15.0540 
   6    C9       85.0840      158.9020       14.0070 
   6   C10       84.7780      158.1170       15.2450 
   8    O2       85.2150      160.1230       14.0150 
   1    H1       85.4760      158.6460       12.0510 
   6   C11       85.8490      151.2890       13.0970 
   7    N3       86.3970      151.4950       11.7490 
   6   C12       86.5890      150.2430       10.9740 
   6   C13       87.4670      152.4910       11.6940 
   6   C14       87.2890      150.3660        9.5850 
   6   C15       88.9170      152.0030       11.7540 
   7    N4       88.4900      151.2090        9.4280 
   6   C16       89.3860      151.1480       10.5740 
   1    H2       88.1930      152.1760        9.2990 
   6   C17       87.2250      149.0900       11.7710 
   8    O3       88.2810      149.0780       12.3830 
   8    O4       86.4510      147.9800       11.7740 
   1    H3       85.6380      147.9740       11.3090 

