
Static FFT Slab Distribution:

  FFT slabs assigned to  125 tasks
  Maximum of    1 xy slabs per task
  Maximum of    1 zx slabs per task
  Count of FFT xy slabs assigned to each task:
       0   1   1   1   1   1   1   1   1   1   1   1   1   1   1   1
       1   1   1   1   1   1   1   1   1   1   1   1   1   1   1   1
       1   1   1   1   1   1   1   1   1   1   0   1   1   1   1   1
       1   1   1   1   1   1   1   1   1   1   1   1   1   1   1   1
       1   1   1   1   1   1   1   1   1   1   1   1   1   1   1   1
       1   1   1   1   1   0   1   1   1   1   1   1   1   1   1   1
       1   1   1   1   1   1   1   1   1   1   1   1   1   1   1   1
       1   1   1   1   1   1   1   1   1   1   1   1   1   1   1   1
  Count of FFT xz slabs assigned to each task:
       0   1   1   1   1   1   1   1   1   1   1   1   1   1   1   1
       1   1   1   1   1   1   1   1   1   1   1   1   1   1   1   1
       1   1   1   1   1   1   1   1   1   1   0   1   1   1   1   1
       1   1   1   1   1   1   1   1   1   1   1   1   1   1   1   1
       1   1   1   1   1   1   1   1   1   1   1   1   1   1   1   1
       1   1   1   1   1   0   1   1   1   1   1   1   1   1   1   1
       1   1   1   1   1   1   1   1   1   1   1   1   1   1   1   1
       1   1   1   1   1   1   1   1   1   1   1   1   1   1   1   1

Image Distribution at run step       0:

  Count of images assigned to each task:
          994      994      994      994      995      994      994      994
          995      994      994      994      994      995      994      994
          994      995      994      994      994      994      995      994
          994      994      995      994      994      994      995      994
          994      994      994      995      994      994      994      995
          994      994      994      994      995      994      994      994
          995      994      994      994      995      994      994      994
          994      995      994      994      994      995      994      994
          994      994      995      994      994      994      995      994
          994      994      994      995      994      994      994      995
          994      994      994      995      994      994      994      994
          995      994      994      994      995      994      994      994
          994      995      994      994      994      995      994      994
          994      995      994      994      994      994      995      994
          994      994      995      994      994      994      994      995
          994      994      994      995      994      994      994      995

Atom Distribution No.     1 at run step       0:

  Count of atoms assigned to each task:
          999     1055     1024     1028     1008     1038     1014      996
          981      986      985      963      984      978      995      971
          996     1013      962     1008      996      990     1026      993
         1005      994     1002     1020     1012      993      999     1021
          970     1017      993      978      981      986      989      967
          970      990      984     1017      996      996     1011      997
         1011      981     1017     1017     1023      994      996      996
         1023      960      984      972      997      999      983      978
          984      981      960      957      945      978      972     1023
         1017     1041     1041     1022     1046     1029      969      984
          954      975      939      972      966     1002      996     1002
         1008     1005     1029     1005      999     1053     1017     1053
         1008      999     1023      995      959      969      975      990
          984      958     1003      975      969      949      960      954
          966      952     1011     1017     1053     1023     1020     1050
         1026      987      968      960      954      954      972      946

Atom Distribution No.     2 at run step     318:

  Count of atoms assigned to each task:
         2034      476      414      716      710      702      507      360
           21       24      921     1119     1085     1084     1088     1095
          270      414      549      834      875      671      785      400
          928     1027     1092     1101     1134     1153     1124      931
          480     1218      861     1090     1169     1192     1189      654
         1329     1344     1945     1209     1353     1275      879     1224
          321      933      912      810      807      780      612      465
         1008     1152     1173     1127     1105     1053     1119     1080
          519      974     1251     1210      909     1017     1305     1230
         1486     1221     1485     1503     1545     1523     1558     1044
          897     1029      483      714      951     1977      660      804
         1206     1347     1338     1068     1257     1216     1265     1347
          969     1053      963      713      462      425      834     1050
         1272     1263     1247     1190      781     1166     1251     1266
          711      900      384      591      928     1068      900      537
         1182     1146     1161     1208     1218     1158     1218     1195

Atom Distribution No.     3 at run step    1332:

  Count of atoms assigned to each task:
         1554      903      882      893      900      918      876      871
          194      184     1158     1115     1017      957      966     1119
          874      914      888      962      896      852      804      804
          863      970     1003     1007      983      906      810      864
          972     1035     1064     1022     1001      936      891      973
          999     1059     1587      933      945     1026      996      969
          810      895      869      789      792      879      885      822
          939      968      920      891      891      942      894      873
         1006     1015      981     1011     1110     1107     1032     1052
         1046     1113     1083     1200     1155     1107     1100     1195
         1095     1068     1047     1065     1044     1620     1017     1065
         1092     1176     1158     1206     1134     1114     1160     1149
         1059     1062     1032      987      966      932      975      981
         1110     1059     1068     1047      987     1024     1041     1122
         1023      962      959      976      951      996      996     1014
         1095     1043     1003      932      954      987     1017     1004

Atom Distribution No.     4 at run step    2356:

  Count of atoms assigned to each task:
         1561      888      897      890      912      939      897      897
          216      229     1088     1065     1082     1056     1086     1154
          886      887      795      854      884      873      879      903
          971      955      882      908      909      948      936      937
         1003     1028      953     1003      993     1020      990      944
         1031     1024     1501     1017     1017     1041      990      988
          861      855      810      855      870      900      840      867
          928      863      913      897      948      924      828      848
         1015     1046     1020     1068     1131     1047     1059     1024
         1070     1104     1119     1155     1140     1138     1107     1122
         1077     1062     1026     1050     1032     1563     1020     1047
         1095     1170     1167     1188     1128     1128     1116     1143
         1041     1050     1050     1000      935      891      973      996
         1119     1015     1060     1023      991      987     1023     1113
         1016      961      933      933     1032      978      990     1029
         1035      988      986      993      957      969     1014      989

Atom Distribution No.     5 at run step    3380:

  Count of atoms assigned to each task:
         1565      899      882      902      918      951      903      889
          224      221     1068     1051     1080     1047     1077     1139
          886      845      832      883      881      891      879      917
