Run semi-empirical minimization
 &qmmm
    qm_theory='AM1', grms_tol=0.0005,
 scfconv=1.d-10, ndiis_attempts=700,   qmcharge=0,
 /
   6    C1       80.9310      148.9100       17.7390 
   7    N1       81.6630      149.9360       17.2170 
   6    C2       81.2220      148.2840       18.9420 
   6    C3       82.7450      150.3540       17.9200 
   6    C4       82.3250      148.7330       19.6570 
   6    C5       83.0930      149.7780       19.1450 
   6    C6       83.5750      151.5050       17.3640 
   8    O1       84.9600      151.0920       17.2880 
   6    C7       83.0130      152.0470       16.0290 
   6    C8       85.6230      151.4680       16.0770 
   7    N2       83.8670      153.0940       15.4560 
   6    C9       85.3050      152.9090       15.6690 
   6   C10       83.3110      153.9510       14.5080 
   8    O2       82.1630      153.7710       14.1030 
   6   C11       84.1150      155.0500       14.0160 
   7    N3       85.0830      154.9220       13.0480 
   6   C12       84.0750      156.4070       14.2870 
   7    N4       85.7110      156.0770       12.7500 
   6   C13       85.4940      153.7090       12.3770 
   6   C14       85.0800      156.9940       13.4890 
   6   C15       85.4610      158.4320       13.4000 
   6   C16       84.9660      159.2360       14.5920 
   7    N5       78.5440      148.5920       17.5650 
   6   C17       79.7550      148.4590       16.9240 
   8    O3       79.8890      148.0250       15.7870 
   6   C18       77.2790      148.3650       16.9170 
  16    S1       76.9230      150.8340       18.1690 
   6   C19       76.3550      149.4760       17.2850 
   6   C20       75.3480      151.5100       18.1320 
   6   C21       75.0040      149.6270       17.0150 
   7    N6       74.4390      150.7950       17.5070 
   6   C22       75.0850      152.8230       18.7800 
   6   C23       74.1330      148.6880       16.2590 
   1    H1       80.5990      147.4590       19.3180 
   1    H2       82.5890      148.2690       20.6180 
   1    H3       83.9670      150.1460       19.7020 
   1    H4       83.5130      152.3630       18.0490 
   1    H5       82.9400      151.2170       15.3120 
   1    H6       82.0260      152.4880       16.2310 
   1    H7       86.7090      151.3710       16.2230 
   1    H8       85.2670      150.8030       15.2760 
   1    H9       85.6400      153.5890       16.4660 
   1   H10       85.8280      153.1280       14.7270 
   1   H11       83.3970      156.9230       14.9830 
   1   H12       85.7530      152.9460       13.1250 
   1   H13       84.6710      153.3410       11.7470 
   1   H14       86.3720      153.9180       11.7470 
   1   H15       86.5580      158.5050       13.3550 
   1   H16       84.9930      158.8490       12.4960 
   1   H17       85.2730      158.7370       15.5230 
   1   H18       85.3990      160.2470       14.5580 
   1   H19       83.8690      159.3050       14.5580 
   1   H20       78.5430      148.8680       18.5580 
   1   H21       76.8570      147.4050       17.2510 
   1   H22       77.4140      148.3310       15.8260 
   1   H23       75.1090      152.7030       19.8730 
   1   H24       75.8560      153.5440       18.4730 
   1   H25       74.0940      153.1910       18.4730 
   1   H26       73.5600      148.0700       16.9650 
   1   H27       73.4390      149.2610       15.6260 
   1   H28       74.7560      148.0400       15.6260 

