Run semi-empirical minimization
 &qmmm
    qm_theory='AM1', grms_tol=0.0005,
 scfconv=1.d-10, ndiis_attempts=700,   qmcharge=0,
 /
   7    N1       84.1370      154.3390       14.4660 
   6    C1       82.8770      153.5130       14.2590 
   6    C2       85.2170      153.6390       15.2330 
   6    C3       83.1040      151.9800       14.3540 
   6    C4       85.4830      152.1730       14.7700 
   7    N2       84.4440      151.6910       13.8520 
   6    C5       82.9460      151.4570       15.7700 
   6    C6       85.4570      151.2340       15.9840 
   6    C7       84.6120      151.2620       12.5520 
   6    C8       81.7100      151.3300       16.3870 
   6    C9       84.0550      151.1320       16.5470 
   8    O1       83.6550      151.0180       11.8170 
   6   C10       86.0250      151.0610       12.0690 
   7    N3       81.6080      150.9500       17.6700 
   7    N4       83.9580      150.7240       17.8250 
   6   C11       82.7260      150.6510       18.3580 
  16    S1       84.7010      155.2220       13.1200 
   8    O2       83.6700      155.1880       12.1080 
   8    O3       86.0430      154.7650       12.8230 
   6   C12       84.8410      156.8570       13.7430 
   6   C13       85.2510      157.8810       12.9110 
   6   C14       84.5550      157.1330       15.0790 
   7    N5       85.3730      159.1640       13.3310 
   6   C15       84.6800      158.4430       15.5320 
   6   C16       85.0870      159.4140       14.6290 
   6   C17       82.5890      150.2040       19.7920 
   6   C18       81.5910      149.1280       20.1610 
   6   C19       83.0590      148.8280       20.2100 
   7    N6       80.5460      151.6490       15.6650 
   6   C20       79.8950      150.5520       14.9520 
   6   C21       78.4040      150.7260       14.9730 
   6   C22       77.5330      149.8440       15.8340 
   6   C23       77.5020      149.6990       14.3370 
   1    H1       82.1440      153.8030       15.0270 
   1    H2       82.5250      153.7210       13.2380 
   1    H3       86.1490      154.2120       15.1180 
   1    H4       84.8780      153.5840       16.2780 
   1    H5       82.3390      151.4710       13.7490 
   1    H6       86.4600      152.1730       14.2650 
   1    H7       85.7960      150.2340       15.6760 
   1    H8       86.1230      151.6380       16.7610 
   1    H9       86.6980      150.9650       12.9340 
   1   H10       86.0780      150.1460       11.4600 
   1   H11       86.3300      151.9250       11.4600 
   1   H12       85.4890      157.6450       11.8630 
   1   H13       84.2360      156.3320       15.7620 
   1   H14       84.4620      158.7010       16.5790 
   1   H15       85.1840      160.4490       14.9910 
   1   H16       82.7900      151.2320       20.1270 
   1   H17       81.0160      149.2100       21.0950 
   1   H18       80.7220      148.6730       19.6640 
   1   H19       83.5070      148.1510       19.4670 
   1   H20       83.7470      148.4430       20.9770 
   1   H21       80.1710      152.6080       15.6390 
   1   H22       80.2440      150.5390       13.9090 
   1   H23       80.1500      149.6030       15.4480 
   1   H24       78.5470      151.8120       14.8670 
   1   H25       77.9890      149.0580       16.4530 
   1   H26       76.7770      150.0210       16.6130 
   1   H27       76.6150      150.0210       13.7720 
   1   H28       77.6470      148.8650       13.6340 

