Run semi-empirical minimization
 &qmmm
    qm_theory='AM1', grms_tol=0.0005,
 scfconv=1.d-10, ndiis_attempts=700,   qmcharge=0,
 /
   6    C1       83.8030      149.5550       16.3000 
  16    S1       81.9130      149.6110       18.1660 
   8    O1       82.0830      148.4720       19.1440 
   8    O2       82.7970      150.7360       18.7060 
   7    N1       82.4900      149.1640       16.6560 
   6    C2       80.2450      150.1360       18.2490 
   6    C3       81.5720      148.8730       15.6260 
   6    C4       79.3140      149.4460       17.2980 
   6    C5       80.6780      150.0190       15.2070 
   7    N2       79.4470      149.9260       15.9440 
   6    C6       78.2930      150.3530       15.2460 
   8    O3       78.4020      150.7690       14.0730 
   6    C7       76.9410      150.3220       15.8740 
   8    O4       77.0080      150.3310       17.2650 
   6    C8       76.2090      151.0420       18.1330 
   6    C9       74.8790      151.3130       17.9510 
   6   C10       76.8050      151.5300       19.2990 
   6   C11       74.1710      152.0370       18.8860 
   6   C12       76.1010      152.2540       20.2350 
   6   C13       74.7630      152.5230       20.0440 
   6   C14       83.8600      150.4650       15.1260 
   6   C15       84.1230      151.8190       15.2660 
   6   C16       83.6460      149.9090       13.8830 
   6   C17       84.1830      152.6710       14.1740 
   6   C18       83.7030      150.7420       12.7860 
   6   C19       83.9650      152.0860       12.9440 
   6   C20       84.4550      154.0910       14.2930 
   8    O5       85.2240      154.4670       15.2180 
   7    N3       83.9310      155.0900       13.4580 
   1    H1       83.3300      154.8060       12.7320 
   6   C21       84.2060      156.5040       13.5830 
   6   C22       85.4420      156.9110       12.8830 
   6   C23       84.3910      156.8240       15.0500 
   8    O6       86.1270      156.1630       12.1410 
   7    N4       85.8650      158.2610       13.0850 
   6   C24       84.7630      158.2400       15.3180 
   6   C25       85.2350      158.9930       14.1310 
   8    O7       85.1060      160.2360       14.0070 
   1    H2       86.5630      158.6690       12.5230 

