Cpptraj Generated trajectory                                                    
   1.880  -0.739   0.002   2.204   0.940   0.092   0.198  -0.479   0.026   3.542
   1.507   0.082   1.032   1.669   0.168  -0.136   0.847   0.132  -0.807  -1.573
  -0.131   3.734   2.721   0.114   4.588   0.616   0.033  -1.534   1.360   0.145
  -2.212  -1.038   0.187   5.965   1.049   0.027  -2.451   0.335  -0.301   6.671
   0.622  -1.233  -3.700   0.612  -0.846   6.218   1.055  -2.478   7.825  -0.167
  -1.170  -4.387  -0.344  -1.230  -4.245   1.985  -0.970   6.889   0.670  -3.638
   8.501  -0.537  -2.345  -5.626   1.919  -1.157  -3.856   3.119  -1.705   8.034
  -0.141  -3.604  -5.790   2.292  -2.453  -4.697   3.037  -2.859  -2.803   4.148
  -1.503   8.650  -0.471  -4.803  -6.846   1.924  -3.269  -4.668   3.506  -4.181
  10.072  -0.847  -4.858   7.827  -1.275  -5.731  -7.873   1.140  -2.819  -6.745
   2.273  -4.609  -5.669   3.053  -5.059  10.579  -0.678  -6.316   8.352  -1.087
  -7.170   9.783  -1.450  -7.302  10.244  -1.185  -8.663   1.004   2.698   0.242
  -0.571  -2.372   0.541  -0.784  -1.932  -1.138   4.391  -0.348   0.001  -1.606
   2.205  -0.507  -1.790   1.644   1.144  -2.345  -1.047   1.248  -2.910  -1.674
  -0.317   6.468   0.621   0.869   5.982   2.118   0.077   5.386   1.662  -2.541
   8.182  -0.479  -0.253   6.532   0.992  -4.551   9.356  -1.112  -2.280  -2.321
   3.986  -0.562  -3.249   5.121  -1.513  -2.081   4.079  -2.290  -3.937   4.162
  -4.498  10.187  -1.866  -4.553  10.639  -0.220  -4.201   6.808  -0.952  -5.677
   7.884  -2.309  -5.460  -7.926   0.913  -1.912  -7.465   1.958  -5.278  -5.610
   3.299  -6.060  11.595  -1.010  -6.364  10.483   0.357  -6.570   8.232  -0.060
  -7.447   7.791  -1.735  -7.809   9.901  -2.446  -7.116  10.129  -0.144  -8.882
   9.665  -1.761  -9.354  11.275  -1.456  -8.749
