Cpptraj Generated trajectory                                                    
   1.871  -0.723  -0.007   2.198   0.958   0.084   0.190  -0.461   0.019   3.538
   1.527   0.079   1.026   1.689   0.156  -0.139   0.874   0.131  -0.818  -1.554
  -0.135   3.726   2.742   0.102   4.584   0.636   0.055  -1.541   1.381   0.153
  -2.224  -1.012   0.172   5.963   1.066   0.084  -2.450   0.361  -0.320   6.702
   0.640  -1.155  -3.667   0.636  -0.929   6.276   1.075  -2.412   7.856  -0.150
  -1.078  -4.315  -0.311  -1.391  -4.216   2.013  -1.031   6.972   0.695  -3.560
   8.555  -0.518  -2.239  -5.597   1.946  -1.234  -3.830   3.126  -1.798   8.113
  -0.121  -3.503  -5.738   2.235  -2.560  -4.638   2.978  -2.968  -2.789   4.170
  -1.616   8.748  -0.454  -4.692  -6.756   1.815  -3.405  -4.561   3.389  -4.307
  10.168  -0.835  -4.731   7.934  -1.229  -5.651  -7.840   1.046  -2.894  -6.593
   2.109  -4.759  -5.514   2.884  -5.204  10.699  -0.636  -6.178   8.485  -1.008
  -7.075  -8.740   0.437  -2.491   9.913  -1.384  -7.191  10.401  -1.104  -8.539
   1.000   2.718   0.222  -0.587  -2.348   0.545  -0.791  -1.921  -1.139   4.387
  -0.328   0.017  -1.615   2.241  -0.480  -1.801   1.641   1.157  -2.366  -1.020
   1.232  -2.921  -1.645  -0.337   6.443   0.638   0.939   5.979   2.135   0.132
   5.443   1.679  -2.492   8.195  -0.467  -0.157   6.637   1.024  -4.479   9.409
  -1.091  -2.156  -2.334   4.056  -0.654  -3.239   5.138  -1.687  -2.044   4.067
  -2.377  -3.828   4.043  -4.622  10.274  -1.861  -4.447  10.727  -0.226  -4.051
   6.917  -0.899  -5.606   7.979  -2.269  -5.405  -7.277   1.750  -5.443  -5.419
   3.087  -6.211  11.714  -0.972  -6.218  10.613   0.405  -6.410   8.380   0.027
  -7.328   7.927  -1.631  -7.742  10.019  -2.384  -7.020  10.301  -0.058  -8.744
   9.828  -1.663  -9.249  11.431  -1.384  -8.611
