Cpptraj Generated trajectory                                                    
   1.214  -0.008  -0.087   2.384  -0.057   0.051   3.111   0.884   0.827   3.219
  -1.177  -0.629   2.430   2.013   1.475   4.593  -1.267  -0.441   2.476  -2.105
  -1.336   2.921   3.375   1.000   5.260  -2.408  -0.927   3.178  -3.174  -1.916
   2.300   4.019  -0.071   4.029   4.001   1.589   4.585  -3.332  -1.731   6.817
  -2.702  -0.573   2.773   5.245  -0.552   4.566   5.171   1.035   5.315  -4.535
  -2.304   7.385  -4.263  -0.741   3.921   5.843  -0.023   6.905  -4.562  -2.181
   8.340  -5.049   0.476   4.361   7.065  -0.482   8.427  -4.287   1.461   9.476
  -6.489   0.580   5.088   7.974   0.398   4.360   7.424  -1.909  10.766  -7.521
   1.213  10.152  -6.395  -0.606   4.585   9.418   0.183   3.906   8.893  -2.067
  10.949  -8.193  -0.012  12.049  -8.367   2.209  10.284  -7.619  -1.042   4.717
   9.822  -1.240  11.929  -9.133  -0.259  13.238  -9.151   1.675   4.302  11.204
  -1.431  13.157  -9.137   0.284   4.085   0.779   0.932   2.590   1.945   2.530
   1.394   1.945   1.216   1.453  -2.016  -1.433   2.665  -3.861  -2.490   1.477
   3.583  -0.516   4.452   3.596   2.439   6.970  -2.417   0.447   7.365  -2.142
  -1.302   2.264   5.718  -1.314   5.451   5.548   1.409   5.073  -4.590  -3.345
   4.982  -5.362  -1.712   7.314  -3.826  -2.841   7.238  -5.545  -2.441   6.133
   7.925   0.175   4.924   7.690   1.416   3.687   6.783  -2.439   5.347   7.310
  -2.308  10.489  -5.533  -1.063   5.161  10.083   0.790   3.550   9.462   0.454
   2.881   8.971  -1.769   4.034   9.169  -3.093  11.956  -8.306   3.235   5.694
   9.767  -1.526  11.699  -9.897  -0.914   3.277  11.312  -1.142   4.412  11.471
  -2.461   4.912  11.846  -0.829  14.005  -9.130  -0.304
