Cpptraj Generated trajectory                                                    
  31.107   5.143 -21.760  30.173   5.550 -22.354  30.029   6.912 -22.729  29.015
   4.598 -22.764  31.039   7.909 -22.351  28.706   3.472 -22.011  28.281   5.018
 -23.858  32.100   8.138 -23.420  27.533   2.759 -22.326  27.183   4.226 -24.231
  31.883   7.722 -24.735  33.334   8.730 -23.114  26.803   3.075 -23.476  26.980
   1.563 -21.378  32.869   7.878 -25.716  34.357   8.784 -24.071  25.568   2.272
 -23.851  25.377   1.119 -21.519  34.130   8.397 -25.407  25.296   0.919 -23.051
  24.343   0.891 -20.145  35.083   8.576 -26.386  24.982   1.193 -19.116  22.748
   0.055 -19.779  34.727   8.488 -27.798  36.425   9.106 -26.099  21.339  -0.455
 -18.838  23.071  -1.259 -19.982  35.815   7.701 -28.560  37.471   8.326 -26.928
  21.058  -1.544 -19.686  19.992  -0.675 -17.618  22.042  -1.793 -20.583  37.150
   8.325 -28.377  20.068  -2.481 -19.468  19.195  -1.946 -17.369  38.165   7.620
 -29.146  19.655  -2.910 -18.264  31.003   6.807 -22.624  31.199   7.841 -21.296
  30.003   7.841 -22.610  27.258   5.107 -23.955  26.670   3.539 -24.805  31.060
   7.286 -25.180  33.757   8.325 -22.264  27.133   1.848 -20.358  27.528   2.123
 -22.107  32.360   8.351 -26.478  35.242   9.161 -23.697  25.326   2.217 -24.892
  25.235   1.445 -23.259  25.705   1.655 -23.711  25.629  -0.064 -23.311  35.772
   8.439 -28.021  34.563   8.204 -26.780  35.752   8.465 -26.629  37.412   8.992
 -26.498  23.408  -0.397 -20.439  36.391   8.366 -27.953  34.780   7.745 -28.289
  36.446   8.404 -26.630  37.599   8.602 -27.954  19.899  -0.614 -16.592  38.127
   8.270 -28.663  19.838  -3.245 -20.123  37.140   7.728 -28.857  38.275   7.887
 -30.176  38.775   8.262 -28.544  20.503  -2.903 -18.852
