Cpptraj Generated trajectory                                                    
   1.867   1.148  -0.590   2.417   0.138  -0.147   2.381  -0.209   1.190   3.123
  -0.816  -1.063   1.675   0.582   2.167   4.045  -1.680  -0.546   2.758  -0.775
  -2.408   2.606   1.028   3.259   4.656  -2.531  -1.423   3.377  -1.659  -3.275
   3.336   2.210   3.117   2.790   0.260   4.411   4.347  -2.542  -2.793   5.735
  -3.473  -0.878   4.230   2.610   4.113   3.686   0.674   5.405   4.960  -3.538
  -3.743   6.033  -4.589  -1.782   4.429   1.854   5.277   6.200  -4.231  -3.183
   6.447  -5.829  -1.271   5.278   2.321   6.262   6.909  -5.920  -0.132   6.056
  -7.007  -2.061   5.124   1.928   7.667   6.654   2.716   5.912   4.910  -6.810
  -2.812   6.085  -8.377  -1.767   5.583   3.104   8.562   7.109   3.864   6.845
   4.042  -7.743  -2.355   4.708  -8.683  -1.588   7.200  -9.348  -1.661   6.976
   3.528   8.284   2.687  -7.720  -2.570   3.960  -9.669  -0.925   7.330   4.679
   9.112   1.941  -8.675  -1.870   2.563  -9.617  -1.043   2.851  -1.022   1.484
   0.889  -0.005   2.593   1.272   1.447   1.683   2.049  -0.106  -2.747   3.122
  -1.666  -4.275   3.215   2.791   2.273   2.261  -0.619   4.531   5.399  -3.872
   0.056   6.633  -2.901  -0.770   4.758   3.488   3.989   3.800   0.096   6.252
   5.236  -3.025  -4.640   4.228  -4.298  -3.917   7.037  -3.571  -3.276   6.357
  -5.132  -3.740   5.725   1.066   7.868   4.100   1.692   7.870   6.684   3.047
   4.896   7.308   1.877   6.031   5.516   2.800   9.586   4.945   3.937   8.351
   6.511   4.728   6.639   8.146   4.042   6.651   8.128  -8.847  -1.842   7.067
 -10.125  -2.385   7.211  -9.774  -0.679   7.615   2.766   8.510   2.244  -7.040
  -3.208   4.423 -10.406  -0.371   6.671   5.493   8.891   8.339   4.970   8.907
   7.238   4.416  10.146   0.913  -8.685  -1.965   1.984 -10.286  -0.511
