Cpptraj Generated trajectory                                                    
  11.854   5.984   3.806  11.122   5.598   2.724  11.723   6.173   1.645  11.330
   4.257   2.595   9.658   5.949   2.829   9.147   6.593   3.963   8.783   5.626
   1.782   7.788   6.912   4.045   7.425   5.942   1.867   6.914   6.597   2.997
   5.443   6.899   3.104   4.992   7.765   2.043   3.691   7.741   1.594   2.843
   6.947   2.002   3.351   8.757   0.529   4.342   9.623   0.159   2.082   8.731
  -0.025   4.052  10.493  -0.849   1.804   9.633  -1.041   2.792  10.529  -1.468
   5.147  11.474  -1.276   2.512  11.432  -2.641   4.888  12.095  -2.574   3.528
  12.559  -2.797   5.946  12.442  -3.421   7.071  12.665  -2.975   5.688  12.238
  -4.856   4.719  11.287  -5.115   6.578  12.185  -5.933   5.404  10.295  -5.723
   6.611  10.781  -6.207   7.467  13.226  -6.503   5.000   8.968  -5.760   7.519
   9.868  -6.766   5.952   8.063  -6.229   7.191   8.503  -6.714   9.777   6.833
   4.744   9.146   5.149   0.942   7.426   7.384   4.888   6.792   5.691   1.091
   5.256   7.376   4.043   4.909   5.975   3.028   5.631   8.389   1.628   1.367
   8.065   0.307   0.871   9.644  -1.482   6.076  10.945  -1.331   5.175  12.258
  -0.547   1.542  11.866  -2.510   2.571  10.830  -3.523   3.304  13.328  -2.088
   3.463  12.929  -3.799   7.196  14.182  -6.106   7.363  13.239  -7.568   8.482
  13.007  -6.245   4.058   8.670  -5.462   8.398  10.189  -7.201   5.741   7.053
  -6.218   7.879   7.807  -7.040
