Cpptraj Generated trajectory                                                    
   2.450   1.145   0.109   2.445  -0.035  -0.223   1.714  -0.498  -1.311   3.233
  -1.067   0.556   0.871   0.372  -2.110   4.306  -0.621   1.261   2.815  -2.390
   0.583  -0.549  -0.138  -2.163   5.001  -1.508   2.030   3.526  -3.308   1.365
  -1.294  -0.269  -0.988  -1.178  -0.437  -3.378   4.659  -2.874   2.095   6.209
  -0.947   2.795   3.034  -4.652   1.417  -2.624  -0.703  -1.031  -2.518  -0.860
  -3.411   5.498  -3.814   2.934   6.780  -1.891   3.753   3.246  -5.453   2.491
   2.269  -5.298   0.474  -3.269  -1.007  -2.240   6.872  -3.262   3.295   7.390
  -1.452   4.934   2.548  -6.554   2.235   1.934  -6.527   0.980  -4.609  -1.359
  -2.225   7.878  -0.326   5.022   7.170  -2.311   6.106  -5.475  -1.157  -3.396
  -5.019  -2.516  -1.406   6.025  -3.077   6.045   7.461  -2.144   7.462  -6.939
  -0.984  -2.915  -6.490  -2.338  -0.960   5.338  -2.766   7.166   6.160  -2.071
   8.043   8.747  -1.970   8.175  -7.420  -2.123  -2.095   3.995  -3.028   7.363
   5.581  -1.519   9.197  -8.770  -1.858  -1.600   3.425  -2.429   8.487   4.197
  -1.667   9.373   1.769  -1.452  -1.548   1.262   0.419  -3.105   0.866   1.343
  -1.660   1.994  -2.692   0.036  -0.860  -0.043  -0.079  -0.650  -0.346  -4.260
   5.897  -0.072   3.326   6.968  -0.732   2.072  -3.146  -0.803  -0.147  -2.958
  -1.066  -4.321   5.634  -4.723   2.387   4.972  -3.961   3.854   1.997  -4.925
  -0.449   7.502  -3.301   2.431   7.280  -3.857   4.085   2.468  -7.345   2.893
   1.361  -7.262   0.537  -5.407  -2.006  -4.043  -5.163  -0.283  -3.930  -4.390
  -2.583  -0.543  -4.928  -3.412  -1.984  -7.571  -0.892  -3.774  -6.971  -0.111
  -2.299  -6.548  -1.492  -0.307  -6.787  -3.243  -0.471   9.557  -2.079   7.484
   8.832  -2.710   8.944   8.782  -0.995   8.615  -7.449  -2.963  -2.671   3.451
  -3.627   6.722   6.156  -1.021   9.894  -8.761  -0.978  -0.991  -9.106  -2.690
  -1.017  -9.432  -1.712  -2.428   2.416  -2.550   8.668   3.738  -1.203  10.173
