Cpptraj Generated trajectory                                                    
   1.045   0.051  -0.069   2.223  -0.001  -0.114   2.986  -0.556   0.974   3.023
   0.515  -1.330   2.285  -1.039   2.155   4.413   0.434  -1.439   2.215   1.023
  -2.359   2.699  -0.319   3.429   5.043   0.769  -2.658   2.881   1.476  -3.527
   2.008   0.815   3.877   3.806  -0.738   4.181   4.288   1.356  -3.677   6.641
   0.502  -2.939   2.380   1.475   5.039   4.256   0.020   5.271   4.948   1.759
  -5.001   7.161   0.417  -4.527   3.525   1.113   5.755   6.550   1.731  -5.073
   8.356  -0.738  -5.049   3.863   1.778   6.911   8.550  -1.528  -4.082   9.347
  -1.175  -6.558   4.585   1.100   7.985   3.706   3.235   7.067  10.322  -1.093
  -8.200   8.263  -0.666  -7.259   3.969   1.470   9.350   3.145   3.551   8.473
   9.223  -1.327  -8.960  11.727  -1.150  -9.380   8.035  -1.321  -8.380   3.960
   2.937   9.551   9.209  -1.352 -10.310  11.494  -1.502 -10.728   3.448   3.287
  10.871  10.188  -1.345 -11.190   3.967  -0.608   0.920   2.491  -2.083   2.271
   1.242  -0.852   2.007   1.188   1.065  -2.271   2.330   1.905  -4.287   1.205
   1.166   3.331   4.294  -1.612   3.929   6.893  -0.427  -2.472   7.128   1.369
  -2.546   1.797   2.254   5.383   5.146  -0.233   5.727   4.635   2.758  -5.223
   4.633   1.013  -5.700   6.931   2.549  -4.496   6.824   1.806  -6.104   5.612
   1.401   7.967   4.515   0.042   7.843   3.030   3.601   6.323   4.659   3.708
   6.951   7.699   0.136  -6.938   4.544   1.014  10.129   2.959   1.117   9.373
   2.146   3.175   8.538   3.170   4.613   8.606  12.683  -0.925  -9.060   4.913
   3.296   9.506   8.265  -1.381 -10.726  12.248  -1.856 -11.337   2.444   2.931
  10.971   3.462   4.351  10.989   4.062   2.838  11.623   9.994  -1.227 -12.196
