Cpptraj Generated trajectory                                                    
  30.756   4.874 -21.688  29.785   5.221 -22.351  29.599   6.535 -22.765  28.714
   4.225 -22.744  30.517   7.601 -22.410  28.292   3.361 -21.784  28.161   4.261
 -24.017  31.677   7.669 -23.374  27.281   2.494 -22.079  27.128   3.371 -24.330
  31.449   7.641 -24.753  32.996   7.818 -22.928  26.681   2.447 -23.354  26.855
   1.536 -20.957  26.539   3.473 -25.632  32.515   7.744 -25.654  34.058   7.933
 -23.841  25.593   1.432 -23.629  25.641   0.783 -21.265  26.820   2.586 -26.618
  25.612   4.395 -26.059  33.843   7.894 -25.223  25.545   0.288 -22.623  24.752
   0.389 -20.258  26.009   2.921 -27.616  25.246   4.057 -27.336  34.846   8.066
 -26.163  25.128   0.238 -19.096  23.331   0.431 -20.630  34.545   8.296 -27.583
  36.101   8.713 -25.735  22.807   1.702 -20.740  22.258  -0.414 -20.337  35.733
   7.784 -28.439  37.269   8.211 -26.618  21.746   1.715 -19.904  21.433   0.417
 -19.522  22.016  -1.839 -20.658  37.027   8.408 -28.068  21.129   2.860 -19.435
  20.459   0.236 -18.527  38.115   7.819 -28.847  20.202   2.665 -18.410  19.893
   1.381 -17.946  29.654   5.581 -23.002  30.908   7.648 -23.405  30.512   8.572
 -21.960  27.340   3.959 -24.564  31.883   7.867 -23.844  33.524   7.909 -23.810
  26.543   2.411 -20.426  27.614   1.751 -21.680  31.993   7.644 -24.770  33.618
   7.727 -24.751  25.729   0.523 -24.176  25.067   1.285 -22.709  25.340   4.768
 -26.982  26.175   0.249 -23.487  25.953  -0.307 -21.833  25.929   2.130 -26.958
  24.673   3.322 -27.779  34.613   7.447 -28.230  34.857   9.170 -28.117  36.730
   8.646 -24.872  36.192   7.817 -26.313  35.101   7.876 -29.298  35.701   8.657
 -27.823  37.211   9.057 -25.965  36.972   7.306 -26.129  22.826  -1.948 -21.349
  22.101  -2.579 -19.889  22.051  -0.864 -20.218  36.998   7.568 -28.644  20.585
   2.261 -20.076  21.034   0.734 -17.830  38.124   8.699 -28.238  37.779   6.987
 -28.264  37.453   7.965 -29.675  19.193   2.544 -18.229  19.434   1.845 -17.146
