Cpptraj Generated trajectory                                                    
   6.439  -2.548   1.175   6.046  -4.198   1.003   5.159  -1.994   0.194   6.742
  -5.294   1.538   4.885  -4.369   0.257   4.343  -3.086  -0.186   4.939  -0.542
  -0.030   7.856  -5.112   2.258   6.283  -6.593   1.320   4.418  -5.708   0.069
   3.047  -3.061  -0.961   3.802  -0.171  -0.342   5.953   0.490   0.101   5.123
  -6.800   0.593   7.443   0.314   0.195   5.423   1.817  -0.202   8.360   1.566
   0.140   6.303   3.041  -0.032   9.743   1.427   0.252   7.774   2.825   0.027
  10.495   2.583   0.269   8.582   3.966   0.029  12.016   2.593   0.412   9.950
   3.852   0.155  12.609   3.670   0.524  12.706   1.405   0.387  14.161   1.430
   0.358  14.759   0.167   0.906  15.637  -0.599   0.140  14.461  -0.253   2.208
  16.140  -1.796   0.647  14.957  -1.465   2.701  15.785  -2.274   1.919  16.301
  -3.490   2.341  16.396  -3.841   3.766  15.997  -4.657   1.489  17.473  -4.949
   3.940  17.111  -5.706   1.672  17.233  -6.138   3.083  18.316  -7.108   3.219
   6.807  -7.397   1.700   3.547  -5.872  -0.461   2.797  -2.050  -1.205   2.267
  -3.488  -0.365   3.159  -3.628  -1.862   4.778  -7.760   0.436   7.734  -0.322
  -0.615   7.592  -0.067   1.184   4.569   1.960   0.428   5.253   1.780  -1.258
   6.012   3.521   0.879   6.146   3.615  -0.921   8.152   4.899  -0.066  10.552
   4.690   0.165  12.222   0.548   0.388  14.504   2.256   0.945  14.469   1.524
  -0.662  15.914  -0.280  -0.802  13.868   0.339   2.811  16.795  -2.347   0.070
  14.707  -1.766   3.656  15.450  -4.203   4.111  16.669  -2.978   4.335  15.953
  -4.353   0.464  15.052  -5.076   1.768  17.476  -5.262   4.963  18.411  -4.529
   3.644  18.041  -5.280   1.359  16.861  -6.563   1.082  16.369  -6.590   3.382
  19.237  -6.660   2.912  18.111  -7.960   2.604  18.393  -7.417   4.241
