Cpptraj Generated trajectory                                                    
  30.784   4.859 -21.730  29.751   5.212 -22.297  29.517   6.518 -22.665  28.672
   4.206 -22.594  30.455   7.575 -22.343  28.320   3.297 -21.642  28.094   4.265
 -23.860  31.591   7.653 -23.327  27.336   2.405 -21.972  27.121   3.336 -24.216
  31.344   7.636 -24.700  32.913   7.808 -22.895  26.736   2.369 -23.258  26.912
   1.395 -20.881  26.542   3.424 -25.558  32.399   7.738 -25.612  33.965   7.907
 -23.820  25.664   1.342 -23.557  25.665   0.681 -21.188  25.676   4.357 -26.169
  26.818   2.531 -26.585  33.735   7.865 -25.200  25.583   0.192 -22.557  24.669
   0.493 -20.205  25.396   4.066 -27.442  26.115   2.958 -27.675  34.731   8.019
 -26.151  24.967   0.492 -19.010  23.263   0.528 -20.671  26.085   2.359 -28.988
  34.420   8.282 -27.562  36.027   8.592 -25.738  22.712   1.797 -20.692  22.190
  -0.323 -20.384  35.563   7.729 -28.448  37.145   8.034 -26.650  21.735   1.759
 -19.754  21.434   0.442 -19.447  21.830  -1.676 -20.870  36.889   8.285 -28.089
  21.168   2.871 -19.158  20.500   0.189 -18.432  37.935   7.680 -28.908  20.290
   2.604 -18.109  19.972   1.290 -17.741  30.307   6.871 -23.136  29.579   7.384
 -21.759  31.181   6.798 -22.226  27.242   3.923 -23.391  32.005   6.913 -24.374
  32.509   8.495 -22.241  26.653   1.394 -21.919  27.716   0.725 -20.661  32.790
   7.036 -26.260  33.289   8.618 -24.141  25.803   1.267 -22.499  25.085   2.194
 -23.847  26.052   5.138 -26.728  26.643   1.516 -26.529  26.266  -0.505 -22.119
  25.915   1.197 -22.394  25.876   1.316 -28.871  25.166   2.907 -29.006  26.686
   2.697 -28.170  34.614   9.302 -27.822  33.683   8.250 -26.787  36.886   8.078
 -25.360  36.305   9.587 -26.019  34.692   8.230 -28.817  35.346   6.727 -28.145
  36.943   7.021 -26.371  37.884   8.092 -27.421  22.819  -2.014 -20.637  21.715
  -0.662 -20.549  21.673  -1.736 -21.927  37.088   9.225 -28.430  20.880   2.528
 -18.228  20.808   0.631 -19.312  37.718   6.686 -28.576  38.667   7.644 -29.687
  37.041   8.135 -29.280  19.284   2.597 -17.880  19.266   1.633 -18.411
