Cpptraj Generated trajectory                                                    
  31.241   5.488 -21.760  30.297   5.797 -22.398  30.157   7.131 -22.922  29.158
   4.804 -22.714  31.192   8.115 -22.638  28.982   3.585 -22.056  28.263   5.269
 -23.691  32.283   8.154 -23.697  27.815   2.823 -22.287  27.165   4.426 -24.002
  32.041   7.709 -25.003  33.578   8.602 -23.398  26.942   3.206 -23.309  27.430
   1.491 -21.404  33.031   7.744 -25.973  34.605   8.499 -24.347  25.682   2.384
 -23.605  25.832   0.997 -21.375  34.344   8.116 -25.670  25.544   0.953 -22.896
  25.073   0.403 -19.923  35.304   8.153 -26.655  25.881   0.611 -18.975  23.474
  -0.358 -19.365  36.696   8.461 -26.338  35.047   7.701 -28.034  21.691  -1.046
 -19.304  22.916   0.859 -19.730  37.270   9.441 -27.382  35.697   8.685 -29.034
  21.158   0.143 -18.924  20.303  -2.241 -19.182  21.926   1.218 -18.936  37.139
   8.898 -28.753  19.840   0.374 -18.740  19.060  -1.818 -18.662  37.748   9.787
 -29.735  18.811  -0.447 -18.695  31.138   7.079 -22.976  31.398   7.071 -22.522
  30.149   8.302 -22.786  27.236   5.311 -23.603  26.614   4.855 -24.762  31.238
   8.060 -25.549  34.066   7.728 -23.650  27.682   0.562 -20.937  27.917   2.358
 -21.011  32.448   8.523 -25.629  35.495   8.246 -23.891  25.369   3.383 -23.827
  25.367   1.638 -24.304  25.925   1.771 -22.319  25.818   1.028 -23.927  37.723
   8.762 -26.356  36.626   7.403 -26.480  34.371   8.067 -28.778  36.000   8.174
 -28.150  22.352   1.661 -19.409  37.845   8.985 -26.603  36.260   9.088 -27.359
  34.698   8.309 -28.969  35.722   9.747 -28.901  21.259  -2.016 -18.862  38.092
   9.257 -28.798  18.896   0.345 -19.156  19.814  -2.172 -19.271  36.744   9.431
 -29.635  37.762  10.851 -29.617  38.362   9.338 -28.983  18.617  -0.329 -19.701
