Cpptraj Generated trajectory                                                    
  27.452   0.663 -26.978  26.516   2.123 -27.041  26.221   2.985 -25.968  25.946
   2.500 -28.311  25.320   4.307 -26.556  26.614   2.729 -24.562  25.256   3.701
 -28.189  25.974   1.860 -29.591  25.878   1.950 -23.934  27.694   3.275 -23.771
  24.614   4.277 -29.316  25.326   2.421 -30.699  28.886   4.120 -24.139  27.525
   2.891 -22.364  24.655   3.624 -30.558  29.747   4.724 -22.973  28.604   3.154
 -21.349  30.749   5.654 -23.229  29.537   4.259 -21.670  31.500   6.093 -22.148
  30.303   4.747 -20.605  32.660   7.056 -22.279  31.291   5.675 -20.838  33.175
   7.526 -21.261  33.125   7.410 -23.520  34.226   8.356 -23.664  34.854   8.280
 -25.029  36.234   8.414 -25.188  34.079   8.074 -26.169  36.806   8.446 -26.467
  34.666   8.087 -27.442  36.037   8.319 -27.635  36.590   8.487 -28.892  37.936
   8.000 -29.242  35.775   8.837 -30.069  38.653   9.026 -30.154  36.540   9.841
 -30.963  37.871   9.343 -31.371  38.562  10.334 -32.191  26.468   2.756 -29.730
  24.110   3.390 -29.162  24.795   3.296 -30.832  27.983   4.032 -24.708  28.763
   4.154 -23.077  27.974   3.665 -21.777  27.494   3.011 -23.427  23.623   3.609
 -30.533  29.119   3.242 -20.415  29.250   3.138 -22.202  31.301   4.855 -20.843
  31.862   4.830 -20.992  32.477   8.150 -23.470  33.882   8.206 -22.662  35.043
   7.705 -23.893  37.177   8.603 -25.563  33.924   7.955 -25.155  36.976   8.524
 -27.482  33.746   7.809 -27.067  37.626   6.978 -29.313  38.956   8.093 -29.552
  35.748   9.268 -29.090  35.381   7.842 -30.039  38.707   8.640 -31.150  39.017
  10.031 -30.103  36.890  10.851 -30.927  35.521   9.764 -30.644  37.491   8.398
 -31.433  38.934  11.336 -32.151  37.543  10.318 -31.865  38.620   9.972 -33.197
