Cpptraj Generated trajectory                                                    
  25.201   3.674 -26.732  25.495   3.327 -28.376  25.814   2.188 -26.162  25.180
   4.135 -29.480  26.138   2.104 -28.530  26.360   1.453 -27.241  25.862   1.887
 -24.708  24.565   5.313 -29.314  25.501   3.717 -30.772  26.481   1.708 -29.861
  27.102   0.138 -27.197  24.971   1.171 -24.237  26.882   2.356 -23.787  26.153
   2.510 -30.962  27.903   3.436 -24.012  26.636   1.899 -22.422  28.782   3.909
 -22.822  27.641   2.206 -21.327  29.753   4.891 -23.015  28.615   3.302 -21.579
  30.548   5.215 -21.936  29.434   3.680 -20.510  31.669   6.251 -21.999  30.410
   4.637 -20.684  32.400   6.416 -21.018  31.832   7.003 -23.138  32.791   8.097
 -23.134  33.692   8.063 -24.334  35.079   8.096 -24.188  33.154   7.976 -25.624
  35.897   8.117 -25.316  33.983   8.016 -26.750  35.370   8.115 -26.618  36.248
   8.170 -27.691  37.401   7.264 -27.799  35.651   8.488 -29.004  38.455   7.903
 -28.746  36.726   9.150 -29.888  37.902   8.270 -30.075  38.908   8.944 -30.892
  26.025   2.913 -30.392  25.610   1.544 -30.391  26.852   1.149 -27.441  26.322
  -0.289 -26.601  27.214  -0.429 -28.098  25.808   1.550 -31.119  28.194   2.800
 -24.822  28.052   3.055 -23.023  25.782   2.042 -21.792  26.466   1.862 -23.478
  27.350   2.686 -20.416  27.484   2.780 -22.216  29.004   4.613 -20.605  31.012
   5.475 -20.674  31.348   6.146 -23.137  33.134   8.923 -22.547  33.099   8.191
 -24.154  35.356   8.415 -25.130  32.561   8.568 -25.021  36.552   7.566 -25.893
  33.733   7.715 -25.795  36.455   6.902 -27.454  37.674   8.127 -27.230  35.607
   8.792 -30.029  34.706   8.069 -28.725  38.458   7.590 -27.723  39.393   8.323
 -29.042  37.656   9.576 -30.201  36.476   8.293 -30.478  37.038   7.818 -29.776
  39.829   9.392 -31.199  38.703   8.092 -31.507  38.985   8.635 -29.870
