Cpptraj Generated trajectory                                                    
   0.001  10.133   2.970   1.689  10.463   2.771   2.269  11.607   3.160   2.489
   9.400   2.186   3.617  11.759   2.954   3.793   9.574   1.950   4.388  12.829
   3.274   4.399  10.775   2.336   5.598  12.518   2.790   5.654  11.240   2.104
   6.796  10.682   1.329   7.691  11.556   1.310   7.176   9.133   1.101   7.356
   7.626   0.072   8.476   9.421   1.524   8.925   6.709  -0.248   9.174   8.199
   1.642   9.606   7.096   0.897  10.301   5.939  -0.508  11.089   6.755   1.573
  11.557   6.458  -0.015  13.018   6.520  -0.132  13.796   5.569  -0.096  13.525
   7.829  -0.096  12.664   8.997  -0.043  13.254  10.175  -0.706  13.142  10.306
  -2.086  13.881  11.144   0.064  13.790  11.351  -2.710  14.453  12.225  -0.568
  14.491  12.312  -1.965  15.271  13.255  -2.583  14.928  13.767  -3.909  16.235
  14.074  -1.836  16.221  13.965  -4.711  17.484  14.320  -2.699  17.130  14.899
  -4.012  18.317  15.155  -4.806   1.715  12.356   3.604   2.044   8.499   1.950
   4.345   8.834   1.489   6.420  13.133   2.896   6.990   7.902  -0.895   6.857
   6.917   0.700   8.448   9.918   2.471   8.963  10.063   0.820   8.600   7.713
   2.403  10.116   8.691   1.516  10.293   5.053  -1.037  14.501   7.960  -0.107
  12.479   9.238   0.982  11.762   8.754  -0.564  12.584   9.632  -2.634  13.918
  11.056   1.092  13.758  11.428  -3.739  14.861  12.985  -0.002  14.418  14.703
  -3.813  14.290  13.073  -4.414  16.517  13.562  -0.939  15.786  15.013  -1.587
  15.980  14.364  -5.674  16.711  13.020  -4.814  17.988  13.389  -2.855  18.117
  15.013  -2.186  16.661  15.794  -3.872  18.838  14.235  -4.974  18.956  15.836
  -4.284  18.033  15.581  -5.745
