Run semi-empirical minimization
 &qmmm
    qm_theory='AM1', grms_tol=0.0005,
 scfconv=1.d-10, ndiis_attempts=700,   qmcharge=1,
 /
   8    O1        1.0450        0.0510       -0.0690 
   6    C1        2.2230       -0.0010       -0.1140 
   7    N1        2.9860       -0.5560        0.9740 
   6    C2        3.0230        0.5150       -1.3300 
   6    C3        2.2850       -1.0390        2.1550 
   7    N2        4.4130        0.4340       -1.4390 
   6    C4        2.2150        1.0230       -2.3590 
   6    C5        2.6990       -0.3190        3.4290 
   6    C6        5.0430        0.7690       -2.6580 
   6    C7        2.8810        1.4760       -3.5270 
   6    C8        2.0080        0.8150        3.8770 
   6    C9        3.8060       -0.7380        4.1810 
   6   C10        4.2880        1.3560       -3.6770 
   6   C11        6.6410        0.5020       -2.9390 
   6   C12        2.3800        1.4750        5.0390 
   6   C13        4.2560        0.0200        5.2710 
   6   C14        4.9480        1.7590       -5.0010 
   7    N3        7.1610        0.4170       -4.5270 
   6   C15        3.5250        1.1130        5.7550 
   6   C16        6.5500        1.7310       -5.0730 
   6   C17        8.3560       -0.7380       -5.0490 
   7    N4        3.8630        1.7780        6.9110 
   8    O2        8.5500       -1.5280       -4.0820 
   6   C18        9.3470       -1.1750       -6.5580 
   6   C19        4.5850        1.1000        7.9850 
   6   C20        3.7060        3.2350        7.0670 
   6   C21       10.3220       -1.0930       -8.2000 
   6   C22        8.2630       -0.6660       -7.2590 
   6   C23        3.9690        1.4700        9.3500 
   6   C24        3.1450        3.5510        8.4730 
   6   C25        9.2230       -1.3270       -8.9600 
   6   C26       11.7270       -1.1500       -9.3800 
   8    O3        8.0350       -1.3210       -8.3800 
   7    N5        3.9600        2.9370        9.5510 
   6   C27        9.2090       -1.3520      -10.3100 
   6   C28       11.4940       -1.5020      -10.7280 
   6   C29        3.4480        3.2870       10.8710 
   6   C30       10.1880       -1.3450      -11.1900 
   1    H1        3.9670       -0.6080        0.9200 
   1    H2        2.4910       -2.0830        2.2710 
   1    H3        1.2420       -0.8520        2.0070 
   1    H4        1.1880        1.0650       -2.2710 
   1    H5        2.3300        1.9050       -4.2870 
   1    H6        1.2050        1.1660        3.3310 
   1    H7        4.2940       -1.6120        3.9290 
   1    H8        6.8930       -0.4270       -2.4720 
   1    H9        7.1280        1.3690       -2.5460 
   1   H10        1.7970        2.2540        5.3830 
   1   H11        5.1460       -0.2330        5.7270 
   1   H12        4.6350        2.7580       -5.2230 
   1   H13        4.6330        1.0130       -5.7000 
   1   H14        6.9310        2.5490       -4.4960 
   1   H15        6.8240        1.8060       -6.1040 
   1   H16        5.6120        1.4010        7.9670 
   1   H17        4.5150        0.0420        7.8430 
   1   H18        3.0300        3.6010        6.3230 
   1   H19        4.6590        3.7080        6.9510 
   1   H20        7.6990        0.1360       -6.9380 
   1   H21        4.5440        1.0140       10.1290 
   1   H22        2.9590        1.1170        9.3730 
   1   H23        2.1460        3.1750        8.5380 
   1   H24        3.1700        4.6130        8.6060 
   1   H25       12.6830       -0.9250       -9.0600 
   1   H26        4.9130        3.2960        9.5060 
   1   H27        8.2650       -1.3810      -10.7260 
   1   H28       12.2480       -1.8560      -11.3370 
   1   H29        2.4440        2.9310       10.9710 
   1   H30        3.4620        4.3510       10.9890 
   1   H31        4.0620        2.8380       11.6230 
   1   H32        9.9940       -1.2270      -12.1960 

