Run semi-empirical minimization
 &qmmm
    qm_theory='AM1', grms_tol=0.0005,
 scfconv=1.d-10, ndiis_attempts=700,   qmcharge=1,
 /
  16    S1        1.8800       -0.7390        0.0020 
   6    C1        2.2040        0.9400        0.0920 
   6    C2        0.1980       -0.4790        0.0260 
   6    C3        3.5420        1.5070        0.0820 
   6    C4        1.0320        1.6690        0.1680 
   6    C5       -0.1360        0.8470        0.1320 
   6    C6       -0.8070       -1.5730       -0.1310 
   8    O1        3.7340        2.7210        0.1140 
   7    N1        4.5880        0.6160        0.0330 
   6    C7       -1.5340        1.3600        0.1450 
   6    C8       -2.2120       -1.0380        0.1870 
   6    C9        5.9650        1.0490        0.0270 
   7    N2       -2.4510        0.3350       -0.3010 
   6   C10        6.6710        0.6220       -1.2330 
   6   C11       -3.7000        0.6120       -0.8460 
   6   C12        6.2180        1.0550       -2.4780 
   6   C13        7.8250       -0.1670       -1.1700 
   8    O2       -4.3870       -0.3440       -1.2300 
   6   C14       -4.2450        1.9850       -0.9700 
   6   C15        6.8890        0.6700       -3.6380 
   6   C16        8.5010       -0.5370       -2.3450 
   8    O3       -5.6260        1.9190       -1.1570 
   6   C17       -3.8560        3.1190       -1.7050 
   6   C18        8.0340       -0.1410       -3.6040 
   6   C19       -5.7900        2.2920       -2.4530 
   6   C20       -4.6970        3.0370       -2.8590 
   6   C21       -2.8030        4.1480       -1.5030 
   7    N3        8.6500       -0.4710       -4.8030 
   6   C22       -6.8460        1.9240       -3.2690 
   6   C23       -4.6680        3.5060       -4.1810 
   6   C24       10.0720       -0.8470       -4.8580 
   6   C25        7.8270       -1.2750       -5.7310 
   8    O4       -7.8730        1.1400       -2.8190 
   6   C26       -6.7450        2.2730       -4.6090 
   6   C27       -5.6690        3.0530       -5.0590 
   6   C28       10.5790       -0.6780       -6.3160 
   6   C29        8.3520       -1.0870       -7.1700 
   7    N4        9.7830       -1.4500       -7.3020 
   6   C30       10.2440       -1.1850       -8.6630 
   1    H1        1.0040        2.6980        0.2420 
   1    H2       -0.5710       -2.3720        0.5410 
   1    H3       -0.7840       -1.9320       -1.1380 
   1    H4        4.3910       -0.3480        0.0010 
   1    H5       -1.6060        2.2050       -0.5070 
   1    H6       -1.7900        1.6440        1.1440 
   1    H7       -2.3450       -1.0470        1.2480 
   1    H8       -2.9100       -1.6740       -0.3170 
   1    H9        6.4680        0.6210        0.8690 
   1   H10        5.9820        2.1180        0.0770 
   1   H11        5.3860        1.6620       -2.5410 
   1   H12        8.1820       -0.4790       -0.2530 
   1   H13        6.5320        0.9920       -4.5510 
   1   H14        9.3560       -1.1120       -2.2800 
   1   H15       -2.3210        3.9860       -0.5620 
   1   H16       -3.2490        5.1210       -1.5130 
   1   H17       -2.0810        4.0790       -2.2900 
   1   H18       -3.9370        4.1620       -4.4980 
   1   H19       10.1870       -1.8660       -4.5530 
   1   H20       10.6390       -0.2200       -4.2010 
   1   H21        6.8080       -0.9520       -5.6770 
   1   H22        7.8840       -2.3090       -5.4600 
   1   H23       -7.9260        0.9130       -1.9120 
   1   H24       -7.4650        1.9580       -5.2780 
   1   H25       -5.6100        3.2990       -6.0600 
   1   H26       11.5950       -1.0100       -6.3640 
   1   H27       10.4830        0.3570       -6.5700 
   1   H28        8.2320       -0.0600       -7.4470 
   1   H29        7.7910       -1.7350       -7.8090 
   1   H30        9.9010       -2.4460       -7.1160 
   1   H31       10.1290       -0.1440       -8.8820 
   1   H32        9.6650       -1.7610       -9.3540 
   1   H33       11.2750       -1.4560       -8.7490 

