Run semi-empirical minimization
 &qmmm
    qm_theory='AM1', grms_tol=0.0005,
 scfconv=1.d-10, ndiis_attempts=700,   qmcharge=0,
 /
   9    F1       11.8540        5.9840        3.8060 
   6    C1       11.1220        5.5980        2.7240 
   9    F2       11.7230        6.1730        1.6450 
   9    F3       11.3300        4.2570        2.5950 
   6    C2        9.6580        5.9490        2.8290 
   6    C3        9.1470        6.5930        3.9630 
   6    C4        8.7830        5.6260        1.7820 
   6    C5        7.7880        6.9120        4.0450 
   6    C6        7.4250        5.9420        1.8670 
   6    C7        6.9140        6.5970        2.9970 
   6    C8        5.4430        6.8990        3.1040 
   7    N1        4.9920        7.7650        2.0430 
   6    C9        3.6910        7.7410        1.5940 
   8    O1        2.8430        6.9470        2.0020 
   6   C10        3.3510        8.7570        0.5290 
   7    N2        4.3420        9.6230        0.1590 
   6   C11        2.0820        8.7310       -0.0250 
   6   C12        4.0520       10.4930       -0.8490 
   6   C13        1.8040        9.6330       -1.0410 
   6   C14        2.7920       10.5290       -1.4680 
   6   C15        5.1470       11.4740       -1.2760 
   6   C16        2.5120       11.4320       -2.6410 
   7    N3        4.8880       12.0950       -2.5740 
   6   C17        3.5280       12.5590       -2.7970 
   6   C18        5.9460       12.4420       -3.4210 
   8    O2        7.0710       12.6650       -2.9750 
   6   C19        5.6880       12.2380       -4.8560 
   8    O3        4.7190       11.2870       -5.1150 
   6   C20        6.5780       12.1850       -5.9330 
   6   C21        5.4040       10.2950       -5.7230 
   6   C22        6.6110       10.7810       -6.2070 
   6   C23        7.4670       13.2260       -6.5030 
   6   C24        5.0000        8.9680       -5.7600 
   6   C25        7.5190        9.8680       -6.7660 
   6   C26        5.9520        8.0630       -6.2290 
   6   C27        7.1910        8.5030       -6.7140 
   1    H1        9.7770        6.8330        4.7440 
   1    H2        9.1460        5.1490        0.9420 
   1    H3        7.4260        7.3840        4.8880 
   1    H4        6.7920        5.6910        1.0910 
   1    H5        5.2560        7.3760        4.0430 
   1    H6        4.9090        5.9750        3.0280 
   1    H7        5.6310        8.3890        1.6280 
   1    H8        1.3670        8.0650        0.3070 
   1    H9        0.8710        9.6440       -1.4820 
   1   H10        6.0760       10.9450       -1.3310 
   1   H11        5.1750       12.2580       -0.5470 
   1   H12        1.5420       11.8660       -2.5100 
   1   H13        2.5710       10.8300       -3.5230 
   1   H14        3.3040       13.3280       -2.0880 
   1   H15        3.4630       12.9290       -3.7990 
   1   H16        7.1960       14.1820       -6.1060 
   1   H17        7.3630       13.2390       -7.5680 
   1   H18        8.4820       13.0070       -6.2450 
   1   H19        4.0580        8.6700       -5.4620 
   1   H20        8.3980       10.1890       -7.2010 
   1   H21        5.7410        7.0530       -6.2180 
   1   H22        7.8790        7.8070       -7.0400 

