Run semi-empirical minimization
 &qmmm
    qm_theory='AM1', grms_tol=0.0005,
 scfconv=1.d-10, ndiis_attempts=700,   qmcharge=1,
 /
   8    O1        2.4500        1.1450        0.1090 
   6    C1        2.4450       -0.0350       -0.2230 
   7    N1        1.7140       -0.4980       -1.3110 
   6    C2        3.2330       -1.0670        0.5560 
   6    C3        0.8710        0.3720       -2.1100 
   7    N2        4.3060       -0.6210        1.2610 
   6    C4        2.8150       -2.3900        0.5830 
   6    C5       -0.5490       -0.1380       -2.1630 
   6    C6        5.0010       -1.5080        2.0300 
   6    C7        3.5260       -3.3080        1.3650 
   6    C8       -1.2940       -0.2690       -0.9880 
   6    C9       -1.1780       -0.4370       -3.3780 
   6   C10        4.6590       -2.8740        2.0950 
   6   C11        6.2090       -0.9470        2.7950 
   7    N3        3.0340       -4.6520        1.4170 
   6   C12       -2.6240       -0.7030       -1.0310 
   6   C13       -2.5180       -0.8600       -3.4110 
   6   C14        5.4980       -3.8140        2.9340 
   7    N4        6.7800       -1.8910        3.7530 
   7    N5        3.2460       -5.4530        2.4910 
   6   C15        2.2690       -5.2980        0.4740 
   6   C16       -3.2690       -1.0070       -2.2400 
   6   C17        6.8720       -3.2620        3.2950 
   6   C18        7.3900       -1.4520        4.9340 
   6   C19        2.5480       -6.5540        2.2350 
   6   C20        1.9340       -6.5270        0.9800 
   7    N6       -4.6090       -1.3590       -2.2250 
   8    O2        7.8780       -0.3260        5.0220 
   6   C21        7.1700       -2.3110        6.1060 
   6   C22       -5.4750       -1.1570       -3.3960 
   6   C23       -5.0190       -2.5160       -1.4060 
   8    O3        6.0250       -3.0770        6.0450 
   6   C24        7.4610       -2.1440        7.4620 
   6   C25       -6.9390       -0.9840       -2.9150 
   6   C26       -6.4900       -2.3380       -0.9600 
   6   C27        5.3380       -2.7660        7.1660 
   6   C28        6.1600       -2.0710        8.0430 
   6   C29        8.7470       -1.9700        8.1750 
   7    N7       -7.4200       -2.1230       -2.0950 
   6   C30        3.9950       -3.0280        7.3630 
   6   C31        5.5810       -1.5190        9.1970 
   6   C32       -8.7700       -1.8580       -1.6000 
   6   C33        3.4250       -2.4290        8.4870 
   6   C34        4.1970       -1.6670        9.3730 
   1    H1        1.7690       -1.4520       -1.5480 
   1    H2        1.2620        0.4190       -3.1050 
   1    H3        0.8660        1.3430       -1.6600 
   1    H4        1.9940       -2.6920        0.0360 
   1    H5       -0.8600       -0.0430       -0.0790 
   1    H6       -0.6500       -0.3460       -4.2600 
   1    H7        5.8970       -0.0720        3.3260 
   1    H8        6.9680       -0.7320        2.0720 
   1    H9       -3.1460       -0.8030       -0.1470 
   1   H10       -2.9580       -1.0660       -4.3210 
   1   H11        5.6340       -4.7230        2.3870 
   1   H12        4.9720       -3.9610        3.8540 
   1   H13        1.9970       -4.9250       -0.4490 
   1   H14        7.5020       -3.3010        2.4310 
   1   H15        7.2800       -3.8570        4.0850 
   1   H16        2.4680       -7.3450        2.8930 
   1   H17        1.3610       -7.2620        0.5370 
   1   H18       -5.4070       -2.0060       -4.0430 
   1   H19       -5.1630       -0.2830       -3.9300 
   1   H20       -4.3900       -2.5830       -0.5430 
   1   H21       -4.9280       -3.4120       -1.9840 
   1   H22       -7.5710       -0.8920       -3.7740 
   1   H23       -6.9710       -0.1110       -2.2990 
   1   H24       -6.5480       -1.4920       -0.3070 
   1   H25       -6.7870       -3.2430       -0.4710 
   1   H26        9.5570       -2.0790        7.4840 
   1   H27        8.8320       -2.7100        8.9440 
   1   H28        8.7820       -0.9950        8.6150 
   1   H29       -7.4490       -2.9630       -2.6710 
   1   H30        3.4510       -3.6270        6.7220 
   1   H31        6.1560       -1.0210        9.8940 
   1   H32       -8.7610       -0.9780       -0.9910 
   1   H33       -9.1060       -2.6900       -1.0170 
   1   H34       -9.4320       -1.7120       -2.4280 
   1   H35        2.4160       -2.5500        8.6680 
   1   H36        3.7380       -1.2030       10.1730 

