Run semi-empirical minimization
 &qmmm
    qm_theory='AM1', grms_tol=0.0005,
 scfconv=1.d-10, ndiis_attempts=700,   qmcharge=1,
 /
  16    S1        6.4390       -2.5480        1.1750 
   6    C1        6.0460       -4.1980        1.0030 
   6    C2        5.1590       -1.9940        0.1940 
   6    C3        6.7420       -5.2940        1.5380 
   6    C4        4.8850       -4.3690        0.2570 
   6    C5        4.3430       -3.0860       -0.1860 
   6    C6        4.9390       -0.5420       -0.0300 
   9    F1        7.8560       -5.1120        2.2580 
   6    C7        6.2830       -6.5930        1.3200 
   6    C8        4.4180       -5.7080        0.0690 
   6    C9        3.0470       -3.0610       -0.9610 
   8    O1        3.8020       -0.1710       -0.3420 
   7    N1        5.9530        0.4900        0.1010 
   6   C10        5.1230       -6.8000        0.5930 
   6   C11        7.4430        0.3140        0.1950 
   6   C12        5.4230        1.8170       -0.2020 
   6   C13        8.3600        1.5660        0.1400 
   6   C14        6.3030        3.0410       -0.0320 
   7    N2        9.7430        1.4270        0.2520 
   6   C15        7.7740        2.8250        0.0270 
   6   C16       10.4950        2.5830        0.2690 
   6   C17        8.5820        3.9660        0.0290 
   6   C18       12.0160        2.5930        0.4120 
   6   C19        9.9500        3.8520        0.1550 
   8    O2       12.6090        3.6700        0.5240 
   7    N3       12.7060        1.4050        0.3870 
   6   C20       14.1610        1.4300        0.3580 
   6   C21       14.7590        0.1670        0.9060 
   6   C22       15.6370       -0.5990        0.1400 
   6   C23       14.4610       -0.2530        2.2080 
   6   C24       16.1400       -1.7960        0.6470 
   6   C25       14.9570       -1.4650        2.7010 
   6   C26       15.7850       -2.2740        1.9190 
   7    N4       16.3010       -3.4900        2.3410 
   6   C27       16.3960       -3.8410        3.7660 
   6   C28       15.9970       -4.6570        1.4890 
   6   C29       17.4730       -4.9490        3.9400 
   6   C30       17.1110       -5.7060        1.6720 
   7    N5       17.2330       -6.1380        3.0830 
   6   C31       18.3160       -7.1080        3.2190 
   1    H1        6.8070       -7.3970        1.7000 
   1    H2        3.5470       -5.8720       -0.4610 
   1    H3        2.7970       -2.0500       -1.2050 
   1    H4        2.2670       -3.4880       -0.3650 
   1    H5        3.1590       -3.6280       -1.8620 
   1    H6        4.7780       -7.7600        0.4360 
   1    H7        7.7340       -0.3220       -0.6150 
   1    H8        7.5920       -0.0670        1.1840 
   1    H9        4.5690        1.9600        0.4280 
   1   H10        5.2530        1.7800       -1.2580 
   1   H11        6.0120        3.5210        0.8790 
   1   H12        6.1460        3.6150       -0.9210 
   1   H13        8.1520        4.8990       -0.0660 
   1   H14       10.5520        4.6900        0.1650 
   1   H15       12.2220        0.5480        0.3880 
   1   H16       14.5040        2.2560        0.9450 
   1   H17       14.4690        1.5240       -0.6620 
   1   H18       15.9140       -0.2800       -0.8020 
   1   H19       13.8680        0.3390        2.8110 
   1   H20       16.7950       -2.3470        0.0700 
   1   H21       14.7070       -1.7660        3.6560 
   1   H22       15.4500       -4.2030        4.1110 
   1   H23       16.6690       -2.9780        4.3350 
   1   H24       15.9530       -4.3530        0.4640 
   1   H25       15.0520       -5.0760        1.7680 
   1   H26       17.4760       -5.2620        4.9630 
   1   H27       18.4110       -4.5290        3.6440 
   1   H28       18.0410       -5.2800        1.3590 
   1   H29       16.8610       -6.5630        1.0820 
   1   H30       16.3690       -6.5900        3.3820 
   1   H31       19.2370       -6.6600        2.9120 
   1   H32       18.1110       -7.9600        2.6040 
   1   H33       18.3930       -7.4170        4.2410 

