Run semi-empirical minimization
 &qmmm
    qm_theory='AM1', grms_tol=0.0005,
 scfconv=1.d-10, ndiis_attempts=700,   qmcharge=1,
 /
   8    O1        1.2140       -0.0080       -0.0870 
   6    C1        2.3840       -0.0570        0.0510 
   7    N1        3.1110        0.8840        0.8270 
   6    C2        3.2190       -1.1770       -0.6290 
   6    C3        2.4300        2.0130        1.4750 
   7    N2        4.5930       -1.2670       -0.4410 
   6    C4        2.4760       -2.1050       -1.3360 
   6    C5        2.9210        3.3750        1.0000 
   6    C6        5.2600       -2.4080       -0.9270 
   6    C7        3.1780       -3.1740       -1.9160 
   6    C8        2.3000        4.0190       -0.0710 
   6    C9        4.0290        4.0010        1.5890 
   6   C10        4.5850       -3.3320       -1.7310 
   6   C11        6.8170       -2.7020       -0.5730 
   6   C12        2.7730        5.2450       -0.5520 
   6   C13        4.5660        5.1710        1.0350 
   6   C14        5.3150       -4.5350       -2.3040 
   7    N3        7.3850       -4.2630       -0.7410 
   6   C15        3.9210        5.8430       -0.0230 
   6   C16        6.9050       -4.5620       -2.1810 
   6   C17        8.3400       -5.0490        0.4760 
   7    N4        4.3610        7.0650       -0.4820 
   8    O2        8.4270       -4.2870        1.4610 
   6   C18        9.4760       -6.4890        0.5800 
   6   C19        5.0880        7.9740        0.3980 
   6   C20        4.3600        7.4240       -1.9090 
   6   C21       10.7660       -7.5210        1.2130 
   6   C22       10.1520       -6.3950       -0.6060 
   6   C23        4.5850        9.4180        0.1830 
   6   C24        3.9060        8.8930       -2.0670 
   7    N5       10.9490       -8.1930       -0.0120 
   6   C25       12.0490       -8.3670        2.2090 
   7    N6       10.2840       -7.6190       -1.0420 
   7    N7        4.7170        9.8220       -1.2400 
   6   C26       11.9290       -9.1330       -0.2590 
   7    N8       13.2380       -9.1510        1.6750 
   6   C27        4.3020       11.2040       -1.4310 
   6   C28       13.1570       -9.1370        0.2840 
   1    H1        4.0850        0.7790        0.9320 
   1    H2        2.5900        1.9450        2.5300 
   1    H3        1.3940        1.9450        1.2160 
   1    H4        1.4530       -2.0160       -1.4330 
   1    H5        2.6650       -3.8610       -2.4900 
   1    H6        1.4770        3.5830       -0.5160 
   1    H7        4.4520        3.5960        2.4390 
   1    H8        6.9700       -2.4170        0.4470 
   1    H9        7.3650       -2.1420       -1.3020 
   1   H10        2.2640        5.7180       -1.3140 
   1   H11        5.4510        5.5480        1.4090 
   1   H12        5.0730       -4.5900       -3.3450 
   1   H13        4.9820       -5.3620       -1.7120 
   1   H14        7.3140       -3.8260       -2.8410 
   1   H15        7.2380       -5.5450       -2.4410 
   1   H16        6.1330        7.9250        0.1750 
   1   H17        4.9240        7.6900        1.4160 
   1   H18        3.6870        6.7830       -2.4390 
   1   H19        5.3470        7.3100       -2.3080 
   1   H20       10.4890       -5.5330       -1.0630 
   1   H21        5.1610       10.0830        0.7900 
   1   H22        3.5500        9.4620        0.4540 
   1   H23        2.8810        8.9710       -1.7690 
   1   H24        4.0340        9.1690       -3.0930 
   1   H25       11.9560       -8.3060        3.2350 
   1   H26        5.6940        9.7670       -1.5260 
   1   H27       11.6990       -9.8970       -0.9140 
   1   H28        3.2770       11.3120       -1.1420 
   1   H29        4.4120       11.4710       -2.4610 
   1   H30        4.9120       11.8460       -0.8290 
   1   H31       14.0050       -9.1300       -0.3040 

