Run semi-empirical minimization
 &qmmm
    qm_theory='AM1', grms_tol=0.0005,
 scfconv=1.d-10, ndiis_attempts=700,   qmcharge=1,
 /
  16    S1        1.8710       -0.7230       -0.0070 
   6    C1        2.1980        0.9580        0.0840 
   6    C2        0.1900       -0.4610        0.0190 
   6    C3        3.5380        1.5270        0.0790 
   6    C4        1.0260        1.6890        0.1560 
   6    C5       -0.1390        0.8740        0.1310 
   6    C6       -0.8180       -1.5540       -0.1350 
   8    O1        3.7260        2.7420        0.1020 
   7    N1        4.5840        0.6360        0.0550 
   6    C7       -1.5410        1.3810        0.1530 
   6    C8       -2.2240       -1.0120        0.1720 
   6    C9        5.9630        1.0660        0.0840 
   7    N2       -2.4500        0.3610       -0.3200 
   6   C10        6.7020        0.6400       -1.1550 
   6   C11       -3.6670        0.6360       -0.9290 
   6   C12        6.2760        1.0750       -2.4120 
   6   C13        7.8560       -0.1500       -1.0780 
   8    O2       -4.3150       -0.3110       -1.3910 
   6   C14       -4.2160        2.0130       -1.0310 
   6   C15        6.9720        0.6950       -3.5600 
   6   C16        8.5550       -0.5180       -2.2390 
   8    O3       -5.5970        1.9460       -1.2340 
   6   C17       -3.8300        3.1260       -1.7980 
   6   C18        8.1130       -0.1210       -3.5030 
   6   C19       -5.7380        2.2350       -2.5600 
   6   C20       -4.6380        2.9780       -2.9680 
   6   C21       -2.7890        4.1700       -1.6160 
   7    N3        8.7480       -0.4540       -4.6920 
   6   C22       -6.7560        1.8150       -3.4050 
   6   C23       -4.5610        3.3890       -4.3070 
   6   C24       10.1680       -0.8350       -4.7310 
   6   C25        7.9340       -1.2290       -5.6510 
   6   C26       -7.8400        1.0460       -2.8940 
   6   C27       -6.5930        2.1090       -4.7590 
   6   C28       -5.5140        2.8840       -5.2040 
   6   C29       10.6990       -0.6360       -6.1780 
   6   C30        8.4850       -1.0080       -7.0750 
   7    N4       -8.7400        0.4370       -2.4910 
   7    N5        9.9130       -1.3840       -7.1910 
   6   C31       10.4010       -1.1040       -8.5390 
   1    H1        1.0000        2.7180        0.2220 
   1    H2       -0.5870       -2.3480        0.5450 
   1    H3       -0.7910       -1.9210       -1.1390 
   1    H4        4.3870       -0.3280        0.0170 
   1    H5       -1.6150        2.2410       -0.4800 
   1    H6       -1.8010        1.6410        1.1570 
   1    H7       -2.3660       -1.0200        1.2320 
   1    H8       -2.9210       -1.6450       -0.3370 
   1    H9        6.4430        0.6380        0.9390 
   1   H10        5.9790        2.1350        0.1320 
   1   H11        5.4430        1.6790       -2.4920 
   1   H12        8.1950       -0.4670       -0.1570 
   1   H13        6.6370        1.0240       -4.4790 
   1   H14        9.4090       -1.0910       -2.1560 
   1   H15       -2.3340        4.0560       -0.6540 
   1   H16       -3.2390        5.1380       -1.6870 
   1   H17       -2.0440        4.0670       -2.3770 
   1   H18       -3.8280        4.0430       -4.6220 
   1   H19       10.2740       -1.8610       -4.4470 
   1   H20       10.7270       -0.2260       -4.0510 
   1   H21        6.9170       -0.8990       -5.6060 
   1   H22        7.9790       -2.2690       -5.4050 
   1   H23       -7.2770        1.7500       -5.4430 
   1   H24       -5.4190        3.0870       -6.2110 
   1   H25       11.7140       -0.9720       -6.2180 
   1   H26       10.6130        0.4050       -6.4100 
   1   H27        8.3800        0.0270       -7.3280 
   1   H28        7.9270       -1.6310       -7.7420 
   1   H29       10.0190       -2.3840       -7.0200 
   1   H30       10.3010       -0.0580       -8.7440 
   1   H31        9.8280       -1.6630       -9.2490 
   1   H32       11.4310       -1.3840       -8.6110 

