Run semi-empirical minimization
 &qmmm
    qm_theory='AM1', grms_tol=0.0005,
 scfconv=1.d-10, ndiis_attempts=700,   qmcharge=1,
 /
  17   Cl1        0.0010       10.1330        2.9700 
   6    C1        1.6890       10.4630        2.7710 
   6    C2        2.2690       11.6070        3.1600 
   6    C3        2.4890        9.4000        2.1860 
   7    N1        3.6170       11.7590        2.9540 
   6    C4        3.7930        9.5740        1.9500 
   7    N2        4.3880       12.8290        3.2740 
   6    C5        4.3990       10.7750        2.3360 
   6    C6        5.5980       12.5180        2.7900 
   6    C7        5.6540       11.2400        2.1040 
   6    C8        6.7960       10.6820        1.3290 
   8    O1        7.6910       11.5560        1.3100 
   7    N3        7.1760        9.1330        1.1010 
   6    C9        7.3560        7.6260        0.0720 
   6   C10        8.4760        9.4210        1.5240 
   6   C11        8.9250        6.7090       -0.2480 
   6   C12        9.1740        8.1990        1.6420 
   6   C13        9.6060        7.0960        0.8970 
   6   C14       10.3010        5.9390       -0.5080 
  16    S1       11.0890        6.7550        1.5730 
   6   C15       11.5570        6.4580       -0.0150 
   6   C16       13.0180        6.5200       -0.1320 
   8    O2       13.7960        5.5690       -0.0960 
   7    N4       13.5250        7.8290       -0.0960 
   6   C17       12.6640        8.9970       -0.0430 
   6   C18       13.2540       10.1750       -0.7060 
   6   C19       13.1420       10.3060       -2.0860 
   6   C20       13.8810       11.1440        0.0640 
   6   C21       13.7900       11.3510       -2.7100 
   6   C22       14.4530       12.2250       -0.5680 
   6   C23       14.4910       12.3120       -1.9650 
   7    N5       15.2710       13.2550       -2.5830 
   6   C24       14.9280       13.7670       -3.9090 
   6   C25       16.2350       14.0740       -1.8360 
   6   C26       16.2210       13.9650       -4.7110 
   6   C27       17.4840       14.3200       -2.6990 
   7    N6       17.1300       14.8990       -4.0120 
   6   C28       18.3170       15.1550       -4.8060 
   1    H1        1.7150       12.3560        3.6040 
   1    H2        2.0440        8.4990        1.9500 
   1    H3        4.3450        8.8340        1.4890 
   1    H4        6.4200       13.1330        2.8960 
   1    H5        6.9900        7.9020       -0.8950 
   1    H6        6.8570        6.9170        0.7000 
   1    H7        8.4480        9.9180        2.4710 
   1    H8        8.9630       10.0630        0.8200 
   1    H9        8.6000        7.7130        2.4030 
   1   H10       10.1160        8.6910        1.5160 
   1   H11       10.2930        5.0530       -1.0370 
   1   H12       14.5010        7.9600       -0.1070 
   1   H13       12.4790        9.2380        0.9820 
   1   H14       11.7620        8.7540       -0.5640 
   1   H15       12.5840        9.6320       -2.6340 
   1   H16       13.9180       11.0560        1.0920 
   1   H17       13.7580       11.4280       -3.7390 
   1   H18       14.8610       12.9850       -0.0020 
   1   H19       14.4180       14.7030       -3.8130 
   1   H20       14.2900       13.0730       -4.4140 
   1   H21       16.5170       13.5620       -0.9390 
   1   H22       15.7860       15.0130       -1.5870 
   1   H23       15.9800       14.3640       -5.6740 
   1   H24       16.7110       13.0200       -4.8140 
   1   H25       17.9880       13.3890       -2.8550 
   1   H26       18.1170       15.0130       -2.1860 
   1   H27       16.6610       15.7940       -3.8720 
   1   H28       18.8380       14.2350       -4.9740 
   1   H29       18.9560       15.8360       -4.2840 
   1   H30       18.0330       15.5810       -5.7450 

