Run semi-empirical minimization
 &qmmm
    qm_theory='AM1', grms_tol=0.0005,
 scfconv=1.d-10, ndiis_attempts=700,   qmcharge=1,
 /
  17   Cl1        1.2470       -0.1270       -0.1450 
   6    C1        0.1970       -1.4960        0.0420 
   6    C2        0.5810       -2.8440        0.1730 
   6    C3       -1.2250       -1.2560        0.0370 
  16    S1       -0.8170       -3.7960        0.3860 
   6    C4        1.9810       -3.3230        0.0940 
   6    C5       -1.9130       -2.4500        0.2240 
   6    C6       -1.9840       -0.0550       -0.1310 
   8    O1        2.8380       -2.4440       -0.0960 
   7    N1        2.5240       -4.6620        0.1540 
   6    C7       -3.3310       -2.4620        0.2640 
   6    C8       -3.3840       -0.0700       -0.1090 
   6    C9        1.9010       -5.9880        0.5050 
   6   C10        3.9470       -4.6390       -0.2070 
   6   C11       -4.0490       -1.2680        0.0920 
   6   C12        2.7440       -7.2880        0.2480 
   6   C13        4.8130       -5.8580       -0.0410 
   7    N2        2.1740       -8.5500        0.3780 
   6   C14        4.1050       -7.1590       -0.0490 
   6   C15        3.0040       -9.6450        0.1890 
   6   C16        4.9010       -8.2920       -0.2550 
   6   C17        2.5420      -11.0760        0.3560 
   6   C18        4.3520       -9.5480       -0.1410 
   8    O2        3.3690      -11.9900        0.3000 
   7    N3        1.2130      -11.3520        0.5550 
   6   C19        0.7480      -12.7280        0.6930 
   6   C20       -0.3760      -13.0370       -0.2580 
   6   C21       -0.1820      -12.9690       -1.6380 
   6   C22       -1.6380      -13.3990        0.2110 
   6   C23       -1.2550      -13.1560       -2.5200 
   6   C24       -2.6980      -13.6040       -0.6830 
   6   C25       -2.5530      -13.4450       -2.0700 
   7    N4       -3.6300      -13.4930       -2.9370 
   6   C26       -3.5070      -13.9440       -4.3350 
   6   C27       -5.0250      -13.4460       -2.4630 
   6   C28       -4.3990      -13.0740       -5.2550 
   6   C29       -5.8820      -12.5900       -3.4250 
   7    N5       -5.8150      -13.0640       -4.8240 
   6   C30       -6.6190      -12.2110       -5.6950 
   1    H1       -1.4900        0.8410       -0.2700 
   1    H2       -3.8350       -3.3490        0.4180 
   1    H3       -3.9150        0.8050       -0.2420 
   1    H4        0.9980       -6.0760       -0.0640 
   1    H5        1.7780       -5.9540        1.5670 
   1    H6        4.3960       -3.8650        0.3800 
   1    H7        3.9160       -4.5190       -1.2700 
   1    H8       -5.0810       -1.2830        0.1170 
   1    H9        5.3280       -5.7700        0.8930 
   1   H10        5.4590       -5.8740       -0.8940 
   1   H11        5.8990       -8.1840       -0.4930 
   1   H12        4.9230      -10.3930       -0.2950 
   1   H13        0.5650      -10.6120        0.6050 
   1   H14        0.4040      -12.8780        1.6950 
   1   H15        1.5650      -13.3790        0.4640 
   1   H16        0.7610      -12.7800       -2.0130 
   1   H17       -1.7930      -13.5180        1.2250 
   1   H18       -1.0850      -13.0780       -3.5350 
   1   H19       -3.6180      -13.8820       -0.3080 
   1   H20       -3.8170      -14.9660       -4.4060 
   1   H21       -2.4870      -13.8510       -4.6450 
   1   H22       -5.0520      -13.0150       -1.4840 
   1   H23       -5.4190      -14.4410       -2.4330 
   1   H24       -4.3450      -13.4600       -6.2510 
   1   H25       -4.0350      -12.0690       -5.2040 
   1   H26       -5.5320      -11.5800       -3.3890 
   1   H27       -6.9010      -12.6670       -3.1060 
   1   H28       -6.1950      -14.0090       -4.8860 
   1   H29       -6.2470      -11.2090       -5.6550 
   1   H30       -7.6380      -12.2270       -5.3690 
   1   H31       -6.5610      -12.5730       -6.7010 

