Run semi-empirical minimization
 &qmmm
    qm_theory='AM1', grms_tol=0.0005,
 scfconv=1.d-10, ndiis_attempts=700,   qmcharge=1,
 /
   8    O1        1.2920       -0.2060        0.6510 
   6    C1        2.3080        0.1490        0.0560 
   7    N1        2.8170       -0.5450       -1.0190 
   6    C2        3.0600        1.3710        0.5080 
   6    C3        2.2160       -1.7830       -1.4740 
   7    N2        4.1580        1.7800       -0.1880 
   6    C4        2.5780        2.0170        1.6440 
   6    C5        1.8280       -1.7320       -2.9270 
   6    C6        4.8040        2.8950        0.2730 
   6    C7        3.2530        3.1280        2.1410 
   6    C8        2.3310       -2.6690       -3.8300 
   6    C9        0.9080       -0.7870       -3.3970 
   6   C10        4.4040        3.5770        1.4520 
   6   C11        6.0290        3.3790       -0.5350 
   6   C12        2.7220        3.7760        3.3420 
   6   C13        1.9460       -2.6360       -5.1740 
   6   C14        0.5300       -0.7630       -4.7490 
   6   C15        5.1770        4.7950        1.9130 
   7    N3        6.4820        4.7290       -0.1710 
   6   C16        2.6620        5.1250        3.7560 
   6   C17        2.0720        3.1030        4.3680 
   6   C18        1.0470       -1.6800       -5.6720 
   6   C19        6.5480        4.9650        1.2640 
   6   C20        6.8310        5.6750       -1.1600 
   7    N4        2.0710        5.2900        4.9420 
   7    N5        1.7090        4.0450        5.2870 
   7    N6        0.6600       -1.7340       -7.0020 
   8    O2        7.2060        5.3020       -2.2720 
   6   C21        6.5080        7.0900       -0.8650 
   6   C22        0.9990        3.8330        6.5260 
   6   C23       -0.5800       -1.1030       -7.4730 
   6   C24        1.7030       -1.7880       -8.0450 
   8    O3        5.5080        7.2510        0.0780 
   6   C25        6.3700        8.1880       -1.7230 
   6   C26       -1.0980       -1.8650       -8.7170 
   6   C27        1.1510       -2.5400       -9.2790 
   6   C28        4.4850        7.8190       -0.6040 
   6   C29        4.9540        8.3410       -1.7990 
   6   C30        7.3600        9.0430       -2.4190 
   7    N7       -0.0960       -1.9360       -9.8070 
   6   C31        3.1650        7.8260       -0.1890 
   6   C32        4.0290        8.9020       -2.6910 
   6   C33       -0.6120       -2.7210      -10.9250 
   6   C34        2.2510        8.3290       -1.1130 
   6   C35        2.6700        8.8440       -2.3470 
   1    H1        3.6070       -0.1920       -1.4900 
   1    H2        1.3400       -1.9740       -0.8900 
   1    H3        2.9420       -2.5600       -1.3570 
   1    H4        1.7260        1.6750        2.1130 
   1    H5        2.9920       -3.3920       -3.5040 
   1    H6        0.5040       -0.1000       -2.7430 
   1    H7        5.7700        3.3780       -1.5730 
   1    H8        6.8330        2.7090       -0.3150 
   1    H9        2.3370       -3.3380       -5.8220 
   1   H10       -0.1460       -0.0520       -5.0700 
   1   H11        5.3160        4.7200        2.9710 
   1   H12        4.5980        5.6470        1.6230 
   1   H13        3.0380        5.9060        3.1970 
   1   H14        1.8970        2.0880        4.4240 
   1   H15        7.2310        4.2680        1.7020 
   1   H16        6.8800        5.9700        1.4270 
   1   H17        0.7900        2.7900        6.6430 
   1   H18        0.0800        4.3810        6.5080 
   1   H19        1.6000        4.1710        7.3440 
   1   H20       -0.3860       -0.0830       -7.7330 
   1   H21       -1.3170       -1.1350       -6.6980 
   1   H22        2.5620       -2.3020       -7.6670 
   1   H23        1.9810       -0.7930       -8.3260 
   1   H24       -1.9690       -1.3640       -9.0860 
   1   H25       -1.3150       -2.8670       -8.4140 
   1   H26        0.9490       -3.5530       -9.0000 
   1   H27        1.8900       -2.4820      -10.0500 
   1   H28        8.3490        8.7050       -2.1860 
   1   H29        7.2450       10.0570       -2.0980 
   1   H30        7.2030        8.9830       -3.4760 
   1   H31        0.1030       -0.9960      -10.1480 
   1   H32        2.8770        7.4830        0.7410 
   1   H33        4.3370        9.3440       -3.5710 
   1   H34       -0.8290       -3.7150      -10.5930 
   1   H35        0.1200       -2.7570      -11.7040 
   1   H36       -1.5060       -2.2660      -11.2970 
   1   H37        1.2450        8.3220       -0.8840 
   1   H38        1.9640        9.1870       -3.0170 

