Run semi-empirical minimization
 &qmmm
    qm_theory='AM1', grms_tol=0.0005,
 scfconv=1.d-10, ndiis_attempts=700,   qmcharge=1,
 /
   8    O1        1.8670        1.1480       -0.5900 
   6    C1        2.4170        0.1380       -0.1470 
   7    N1        2.3810       -0.2090        1.1900 
   6    C2        3.1230       -0.8160       -1.0630 
   6    C3        1.6750        0.5820        2.1670 
   7    N2        4.0450       -1.6800       -0.5460 
   6    C4        2.7580       -0.7750       -2.4080 
   6    C5        2.6060        1.0280        3.2590 
   6    C6        4.6560       -2.5310       -1.4230 
   6    C7        3.3770       -1.6590       -3.2750 
   6    C8        3.3360        2.2100        3.1170 
   6    C9        2.7900        0.2600        4.4110 
   6   C10        4.3470       -2.5420       -2.7930 
   6   C11        5.7350       -3.4730       -0.8780 
   6   C12        4.2300        2.6100        4.1130 
   6   C13        3.6860        0.6740        5.4050 
   6   C14        4.9600       -3.5380       -3.7430 
   7    N3        6.0330       -4.5890       -1.7820 
   6   C15        4.4290        1.8540        5.2770 
   6   C16        6.2000       -4.2310       -3.1830 
   6   C17        6.4470       -5.8290       -1.2710 
   7    N4        5.2780        2.3210        6.2620 
   8    O2        6.9090       -5.9200       -0.1320 
   6   C18        6.0560       -7.0070       -2.0610 
   6   C19        5.1240        1.9280        7.6670 
   6   C20        6.6540        2.7160        5.9120 
   8    O3        4.9100       -6.8100       -2.8120 
   6   C21        6.0850       -8.3770       -1.7670 
   6   C22        5.5830        3.1040        8.5620 
   6   C23        7.1090        3.8640        6.8450 
   6   C24        4.0420       -7.7430       -2.3550 
   6   C25        4.7080       -8.6830       -1.5880 
   6   C26        7.2000       -9.3480       -1.6610 
   7    N5        6.9760        3.5280        8.2840 
   6   C27        2.6870       -7.7200       -2.5700 
   6   C28        3.9600       -9.6690       -0.9250 
   6   C29        7.3300        4.6790        9.1120 
   6   C30        1.9410       -8.6750       -1.8700 
   6   C31        2.5630       -9.6170       -1.0430 
   1    H1        2.8510       -1.0220        1.4840 
   1    H2        0.8890       -0.0050        2.5930 
   1    H3        1.2720        1.4470        1.6830 
   1    H4        2.0490       -0.1060       -2.7470 
   1    H5        3.1220       -1.6660       -4.2750 
   1    H6        3.2150        2.7910        2.2730 
   1    H7        2.2610       -0.6190        4.5310 
   1    H8        5.3990       -3.8720        0.0560 
   1    H9        6.6330       -2.9010       -0.7700 
   1   H10        4.7580        3.4880        3.9890 
   1   H11        3.8000        0.0960        6.2520 
   1   H12        5.2360       -3.0250       -4.6400 
   1   H13        4.2280       -4.2980       -3.9170 
   1   H14        7.0370       -3.5710       -3.2760 
   1   H15        6.3570       -5.1320       -3.7400 
   1   H16        5.7250        1.0660        7.8680 
   1   H17        4.1000        1.6920        7.8700 
   1   H18        6.6840        3.0470        4.8960 
   1   H19        7.3080        1.8770        6.0310 
   1   H20        5.5160        2.8000        9.5860 
   1   H21        4.9450        3.9370        8.3510 
   1   H22        6.5110        4.7280        6.6390 
   1   H23        8.1460        4.0420        6.6510 
   1   H24        8.1280       -8.8470       -1.8420 
   1   H25        7.0670      -10.1250       -2.3850 
   1   H26        7.2110       -9.7740       -0.6790 
   1   H27        7.6150        2.7660        8.5100 
   1   H28        2.2440       -7.0400       -3.2080 
   1   H29        4.4230      -10.4060       -0.3710 
   1   H30        6.6710        5.4930        8.8910 
   1   H31        8.3390        4.9700        8.9070 
   1   H32        7.2380        4.4160       10.1460 
   1   H33        0.9130       -8.6850       -1.9650 
   1   H34        1.9840      -10.2860       -0.5110 

