Run semi-empirical minimization
 &qmmm
    qm_theory='AM1', grms_tol=0.0005,
 scfconv=1.d-10, ndiis_attempts=700,   qmcharge=0,
 /
   8    O1       85.5710      149.0580       13.0200 
   6    C1       85.0990      149.6340       14.0030 
   7    N1       85.9410      150.3950       14.7560 
   6    C2       83.6640      149.3990       14.4520 
   6    C3       85.5580      151.3250       15.7900 
   6    C4       82.8670      150.4750       15.2050 
   6    C5       82.7690      149.0230       13.2560 
   6    C6       84.5760      152.3270       15.2420 
   6    C7       83.2760      151.9090       14.8950 
   6    C8       81.4250      150.0560       14.8800 
   7    N2       81.4940      149.7280       13.4570 
   6    C9       84.9830      153.6540       15.0070 
   6   C10       82.4210      152.8460       14.3100 
   6   C11       84.1230      154.6000       14.4350 
   6   C12       82.8380      154.1660       14.0850 
   1    H1       86.9040      150.3020       14.5760 
   7    N3       84.5520      155.9490       14.1910 
   6   C13       84.6030      156.4900       12.9010 
   6   C14       85.1710      156.7140       15.2700 
   8    O2       84.2870      155.9290       11.8540 
   7    N4       85.0680      157.7820       12.8240 
   6   C15       84.7720      158.1730       15.1990 
   6   C16       85.0830      158.7020       13.8340 
   8    O3       85.2630      159.8970       13.6140 
   1    H2       85.4250      158.0740       11.9540 
   6   C17       80.3430      148.9760       12.9580 
   6   C18       79.0750      149.2760       13.7290 
   6   C19       79.0370      150.3100       14.6740 
   6   C20       77.9150      148.5190       13.5040 
   6   C21       77.8630      150.5810       15.3800 
   6   C22       76.7420      148.7910       14.2110 
   6   C23       76.7170      149.8210       15.1480 

