Cpptraj Generated trajectory                                                    
  29.678   4.414 -21.519  29.189   4.910 -22.517  29.567   6.141 -23.015  28.090
   4.189 -23.274  30.566   6.981 -22.377  27.472   3.132 -22.666  27.781   4.611
 -24.564  31.679   7.358 -23.324  26.507   2.476 -23.382  26.816   3.917 -25.288
  31.450   7.536 -24.692  32.973   7.569 -22.835  26.170   2.823 -24.703  25.808
   1.300 -22.702  32.506   7.868 -25.548  34.024   7.906 -23.698  25.093   2.088
 -25.470  24.578   0.882 -23.375  33.815   8.040 -25.074  24.679   0.764 -24.823
  23.532   0.314 -22.628  34.820   8.368 -25.982  22.369   0.376 -23.027  23.929
  -0.538 -21.481  36.227   8.278 -25.557  34.621   7.850 -27.353  24.247  -1.831
 -21.885  23.287  -0.719 -20.248  37.105   9.071 -26.555  35.519   8.650 -28.329
  23.193  -2.568 -21.454  22.488  -1.870 -20.483  23.446  -0.049 -18.936  36.953
   8.598 -27.952  22.854  -3.829 -21.927  21.347  -2.453 -19.922  37.752   9.415
 -28.860  21.682  -4.364 -21.400  20.936  -3.696 -20.423  29.140   6.465 -23.841
  30.080   7.900 -22.017  30.080   7.900 -22.017  28.292   5.480 -25.005  26.563
   4.227 -26.313  30.435   7.414 -25.097  33.168   7.469 -21.757  26.502   0.447
 -22.683  26.502   0.447 -22.683  32.304   7.998 -26.622  35.031   8.068 -23.286
  25.468   1.879 -26.483  25.468   1.879 -26.483  25.430  -0.002 -25.067  25.430
  -0.002 -25.067  36.336   8.705 -24.549  36.336   8.705 -24.549  33.566   7.967
 -27.642  33.566   7.967 -27.642  36.819  10.132 -26.510  36.819  10.132 -26.510
  35.192   9.700 -28.329  35.192   9.700 -28.329  23.273  -0.777 -18.129  23.273
  -0.777 -18.129  23.273  -0.777 -18.129  37.285   7.636 -28.021  23.468  -4.366
 -22.665  20.791  -1.953 -19.115  38.404  10.082 -28.276  38.404  10.082 -28.276
  38.404  10.082 -28.276  21.332  -5.342 -21.763  20.011  -4.154 -20.042
