Cpptraj Generated trajectory                                                    
  84.548 153.858  14.225  84.879 152.776  13.350  84.189 153.362  15.401  84.832
 151.537  13.903  84.078 152.110  16.123  84.452 151.063  15.249  83.498 151.546
  17.197  84.206 149.886  15.887  84.330 150.430  17.170  82.277 150.953  16.985
  82.874 149.518  15.984  84.699 149.727  18.287  81.765 149.592  16.923  84.281
 150.010  19.424  84.441 155.495  11.680  84.640 156.017  12.732  84.659 155.268
  13.993  84.865 157.470  12.734  84.800 156.170  14.940  85.074 158.326  13.901
  84.977 157.324  15.020  85.323 159.512  13.900  84.898 157.988  11.864  85.364
 152.988  12.069  85.766 152.000  11.292  85.078 148.480  17.864  85.461 147.405
  18.781  85.599 146.252  17.980  84.340 147.148  19.690  86.753 147.688  19.356
  81.407 150.189  15.785  80.399 150.377  14.879  80.603 150.315  13.466  79.002
 150.581  15.263  79.671 150.258  12.676  78.150 150.430  14.381  78.505 150.454
  13.175
  84.940 153.496  14.178  85.164 152.356  13.313  84.463 153.133  15.376  84.867
 151.195  13.903  84.224 151.925  16.111  84.486 150.745  15.291  83.718 151.449
  17.270  84.200 149.634  16.033  84.511 150.274  17.243  82.467 150.918  17.201
  82.854 149.405  16.258  84.836 149.462  18.391  81.858 149.601  17.232  84.872
 149.798  19.578  85.671 154.988  11.509  85.641 155.569  12.569  85.242 154.916
  13.872  85.756 157.067  12.545  85.118 155.932  14.701  85.501 157.999  13.596
  85.212 157.135  14.757  85.637 159.208  13.462  85.964 157.418  11.618  85.673
 152.437  12.070  86.203 151.391  11.514  85.066 148.120  18.078  85.368 147.096
  19.138  85.595 145.885  18.434  84.384 146.958  20.216  86.587 147.434  19.849
  81.546 150.209  16.049  80.407 150.409  15.200  80.480 150.496  13.766  78.983
 150.338  15.565  79.465 150.370  13.041  78.075 150.190  14.755  78.349 150.435
  13.542
  84.716 153.337  14.028  84.874 152.219  13.117  84.493 152.880  15.249  84.674
 150.981  13.739  84.201 151.666  15.984  84.311 150.586  15.066  83.770 151.232
  17.167  83.888 149.486  15.716  84.396 150.008  16.913  82.416 150.880  17.167
  82.475 149.448  16.030  84.961 149.258  18.012  81.622 149.746  17.082  84.916
 149.549  19.206  85.053 155.000  11.498  85.183 155.499  12.573  84.944 154.725
  13.812  85.216 156.994  12.601  84.911 155.647  14.720  85.202 157.865  13.787
  84.976 156.820  14.811  85.241 159.092  13.854  85.293 157.356  11.658  85.189
 152.256  11.805  86.334 151.871  11.388  85.337 148.035  17.534  85.659 146.946
  18.526  86.150 145.802  17.770  84.498 146.413  19.190  86.683 147.383  19.484
  81.221 150.474  16.030  80.262 150.573  14.960  80.609 151.342  13.789  78.956
 149.887  14.794  79.953 151.254  12.744  78.419 149.921  13.709  79.028 150.397
  12.707
  84.749 153.602  14.212  84.988 152.582  13.204  84.552 152.997  15.422  84.861
 151.325  13.638  84.443 151.621  15.941  84.557 150.661  14.927  83.977 151.011
  17.074  84.148 149.449  15.482  84.594 149.787  16.708  82.667 150.692  17.090
  82.758 149.405  15.815  85.170 149.011  17.745  81.865 149.517  16.868  85.456
 149.455  18.834  84.860 155.255  11.708  85.085 155.758  12.785  84.814 154.976
  14.020  85.558 157.127  12.873  85.017 155.799  14.956  85.840 157.842  14.089
  85.412 156.864  15.113  86.154 158.996  14.215  85.793 157.702  12.072  85.394
 152.789  11.925  86.629 152.529  11.559  85.324 147.699  17.367  86.183 146.810
  18.166  86.286 145.528  17.545  85.492 146.547  19.475  87.568 147.299  18.337
  81.582 150.399  15.911  80.423 150.775  15.161  80.504 151.259  13.811  79.084
 150.420  15.532  79.492 151.469  13.170  78.112 150.562  14.751  78.352 151.188
  13.697
  85.123 153.542  14.171  85.434 152.566  13.171  84.613 152.958  15.280  85.352
 151.252  13.648  84.404 151.670  15.766  84.906 150.649  14.882  83.826 151.043
  16.850  84.556 149.447  15.383  84.699 149.912  16.712  82.674 150.364  16.692
  83.195 149.091  15.439  85.254 149.274  17.772  82.309 148.932  16.487  85.136
 149.635  18.935  84.584 155.267  11.654  84.913 155.746  12.733  85.085 154.946
  14.000  85.210 157.184  12.809  85.464 155.803  14.938  85.715 157.914  13.943
  85.714 156.946  15.005  85.974 159.127  13.986  85.158 157.707  11.943  85.726
 152.861  11.801  86.551 152.103  11.116  85.899 148.040  17.349  86.258 146.917
  18.234  86.734 145.911  17.379  85.144 146.439  18.975  87.343 147.203  19.094
  81.675 149.720  15.607  80.377 149.843  15.032  80.183 150.245  13.686  79.138
 149.717  15.778  79.001 150.529  13.296  78.041 149.927  15.242  78.016 150.267
  14.034
  84.608 153.741  14.182  85.044 152.803  13.216  84.163 153.195  15.325  84.804
 151.541  13.592  83.925 151.816  15.801  84.280 150.865  14.803  83.468 151.151
  16.884  84.089 149.570  15.285  84.376 150.019  16.598  82.266 150.420  16.768
  82.703 149.247  15.476  84.940 149.188  17.643  81.782 149.095  16.529  84.750
 149.402  18.840  84.539 155.525  11.658  84.812 156.001  12.710  84.721 155.195
  14.002  85.195 157.408  12.848  84.987 155.999  14.957  85.449 158.165  14.081
  85.346 157.140  15.150  85.795 159.355  14.089  85.092 157.929  11.985  85.688
 153.064  12.024  86.176 152.070  11.284  85.762 148.212  17.116  86.339 147.162
  18.017  86.885 146.082  17.184  85.325 146.622  18.971  87.359 147.853  18.851
  81.303 149.861  15.558  80.202 150.073  14.701  80.143 151.126  13.721  79.205
 149.059  14.571  79.386 150.918  12.760  78.596 148.980  13.466  78.868 149.811
  12.566
  84.501 154.124  14.449  85.051 153.154  13.555  83.815 153.550  15.470  84.750
 151.866  13.858  83.613 152.248  15.952  84.133 151.245  15.022  83.075 151.561
  16.938  83.944 149.982  15.472  84.063 150.549  16.789  81.964 150.753  16.716
  82.692 149.474  15.595  84.708 149.972  17.879  81.557 149.365  16.514  84.618
 150.345  19.047  83.891 155.883  12.243  84.450 156.362  13.207  84.619 155.518
  14.340  84.920 157.777  13.335  85.187 156.204  15.221  85.521 158.457  14.477
  85.569 157.281  15.445  86.046 159.532  14.532  84.891 158.328  12.485  85.789
 153.570  12.510  86.665 152.879  11.880  85.221 148.740  17.523  85.706 147.750
  18.433  86.117 146.527  17.729  84.659 147.338  19.421  86.931 148.275  19.103
  81.230 150.051  15.360  80.272 149.997  14.199  79.612 151.074  13.609  80.145
 148.822  13.359  78.961 150.973  12.560  79.388 148.796  12.353  79.012 149.895
  11.917
  84.730 153.778  14.362  85.422 152.966  13.450  84.160 153.131  15.386  85.345
 151.646  13.782  84.039 151.758  15.742  84.713 150.890  14.824  83.526 150.963
  16.736  84.590 149.629  15.262  84.628 150.036  16.634  82.473 150.168  16.379
  83.369 148.975  15.316  84.994 149.228  17.731  82.301 148.750  16.204  84.674
 149.484  18.847  84.324 155.500  12.024  84.606 155.916  13.141  84.606 155.128
  14.302  84.846 157.351  13.242  84.921 155.970  15.376  85.135 158.096  14.427
  85.115 157.107  15.489  85.413 159.248  14.325  84.897 157.925  12.408  86.114
 153.508  12.310  86.521 152.754  11.422  85.704 148.086  17.379  85.891 146.914
  18.217  86.598 145.917  17.368  84.619 146.368  18.694  86.695 147.178  19.458
  81.849 149.370  15.096  80.834 149.339  14.097  80.037 150.545  13.993  80.408
 148.303  13.218  79.016 150.592  13.282  79.384 148.422  12.596  78.759 149.533
  12.622
  84.897 153.380  14.180  85.444 152.473  13.192  84.222 152.759  15.130  85.188
 151.200  13.490  83.944 151.328  15.443  84.492 150.467  14.520  83.527 150.647
  16.550  84.433 149.214  14.999  84.589 149.735  16.302  82.421 149.815  16.355
  83.153 148.657  15.180  85.317 149.050  17.309  82.139 148.418  16.201  85.080
 149.228  18.472  84.718 155.076  11.740  84.978 155.562  12.850  84.938 154.776
  14.088  85.251 157.043  12.884  85.222 155.644  15.023  85.589 157.757  13.986
  85.476 156.762  15.114  85.914 158.903  14.099  85.182 157.579  12.027  86.091
 152.861  12.035  87.236 152.321  11.669  86.024 148.016  16.677  86.737 147.035
  17.533  87.488 146.073  16.674  85.811 146.214  18.355  87.799 147.772  18.231
  81.608 149.058  15.163  80.496 149.195  14.238  79.557 150.299  14.385  80.176
 148.425  13.065  78.584 150.384  13.630  79.250 148.670  12.348  78.436 149.619
  12.647
  84.854 153.498  14.015  85.486 152.595  13.071  84.187 152.794  14.930  85.216
 151.274  13.245  84.046 151.371  15.278  84.594 150.460  14.263  83.640 150.631
  16.333  84.484 149.203  14.747  84.678 149.692  16.048  82.515 149.827  16.077
  83.203 148.667  14.850  85.375 149.036  17.068  82.248 148.482  15.909  85.439
 149.432  18.200  84.698 155.267  11.740  84.781 155.706  12.867  84.825 154.858
  14.016  84.881 157.168  13.013  85.084 155.659  15.031  85.231 157.860  14.264
  85.259 156.834  15.279  85.449 159.047  14.358  84.961 157.706  12.158  86.363
 153.006  12.114  86.969 152.220  11.261  86.202 148.052  16.472  87.092 147.193
  17.241  87.631 146.159  16.318  86.252 146.558  18.345  88.188 147.992  17.803
  81.679 149.117  14.858  80.447 149.333  14.061  79.421 150.379  14.290  80.129
 148.585  12.822  78.331 150.294  13.736  79.048 148.783  12.209  78.212 149.657
  12.611
  84.889 153.836  13.884  85.686 153.002  12.941  84.248 153.027  14.809  85.481
 151.664  13.081  84.173 151.588  15.063  84.833 150.802  14.050  83.709 150.720
  16.047  84.777 149.476  14.417  84.761 149.833  15.804  82.726 149.740  15.728
  83.558 148.874  14.443  85.581 149.276  16.815  82.636 148.366  15.444  85.484
 149.521  18.006  84.532 155.798  11.726  84.950 156.198  12.784  85.008 155.267
  13.916  85.308 157.550  12.998  85.204 155.937  14.998  85.674 158.118  14.276
  85.523 157.029  15.291  85.943 159.285  14.497  85.313 158.184  12.207  86.593
 153.596  11.990  87.511 152.842  11.366  86.392 148.303  16.285  86.954 147.311
  17.122  87.660 146.493  16.135  85.936 146.490  17.821  87.908 147.835  18.136
  81.949 149.033  14.461  80.735 148.968  13.593  79.535 149.659  13.830  80.596
 147.985  12.650  78.483 149.308  13.302  79.514 147.674  12.160  78.497 148.305
  12.492
  85.153 154.021  13.959  85.819 153.192  12.964  84.622 153.277  14.967  85.763
 151.833  13.247  84.689 151.883  15.273  85.356 151.010  14.325  84.249 151.120
  16.298  85.261 149.708  14.762  85.340 150.183  16.108  83.262 150.205  16.069
  84.009 149.105  14.832  86.067 149.548  17.174  83.071 148.790  15.859  85.701
 149.673  18.344  84.976 156.006  11.658  85.035 156.299  12.849  85.024 155.418
  13.987  85.260 157.737  13.121  85.018 156.217  15.109  85.346 158.436  14.377
  85.150 157.395  15.343  85.627 159.644  14.453  85.331 158.346  12.315  86.504
 153.746  11.932  87.366 153.078  11.185  86.763 148.467  16.721  87.140 147.271
  17.564  87.889 146.307  16.765  86.055 146.427  18.002  88.019 147.749  18.674
  82.433 149.491  14.861  81.297 149.560  14.061  80.216 150.396  14.453  80.996
 148.845  12.861  79.114 150.337  13.850  79.822 148.848  12.350  78.909 149.537
  12.915
  85.275 153.965  14.267  85.803 153.066  13.285  84.911 153.311  15.404  85.763
 151.757  13.651  84.874 151.912  15.825  85.358 151.043  14.797  84.459 151.121
  16.902  85.300 149.752  15.242  85.491 150.161  16.632  83.344 150.269  16.750
  84.010 149.241  15.372  86.198 149.395  17.573  82.968 148.956  16.298  86.118
 149.679  18.788  84.813 155.698  11.811  85.062 156.173  12.880  85.205 155.371
  14.125  85.075 157.638  13.048  85.355 156.198  15.119  85.349 158.377  14.241
  85.474 157.372  15.301  85.454 159.585  14.238  84.977 158.196  12.208  86.308
 153.468  12.076  87.634 153.346  11.658  86.780 148.293  17.065  87.449 147.240
  17.856  87.984 146.274  16.863  86.476 146.492  18.684  88.516 147.722  18.758
  82.570 149.772  15.334  81.449 150.147  14.485  80.549 151.217  14.855  80.943
 149.285  13.499  79.413 151.231  14.349  79.859 149.495  12.989  79.071 150.368
  13.484
  85.346 154.389  14.041  85.852 153.484  13.063  84.982 153.660  15.177  85.736
 152.156  13.424  84.988 152.294  15.597  85.438 151.427  14.567  84.606 151.561
  16.670  85.383 150.153  14.970  85.605 150.543  16.314  83.548 150.686  16.499
  84.142 149.592  15.222  86.357 149.792  17.211  83.304 149.299  16.364  86.290
 149.918  18.429  84.960 156.159  11.701  85.168 156.709  12.753  85.184 155.845
  13.991  85.320 158.110  12.897  85.485 156.652  15.039  85.618 158.875  14.128
  85.686 157.815  15.141  85.576 160.103  14.223  85.092 158.653  12.072  86.436
 153.930  11.875  87.692 153.564  11.601  86.875 148.695  16.468  87.441 147.612
  17.148  87.888 146.792  16.044  86.403 146.877  17.882  88.492 147.993  18.129
  82.569 149.973  15.434  81.361 149.816  14.662  80.037 150.025  15.223  81.276
 149.327  13.273  79.079 149.803  14.549  80.200 149.326  12.677  79.129 149.651
  13.326
  85.100 153.784  13.643  85.662 152.933  12.641  84.600 153.094  14.671  85.576
 151.629  12.841  84.590 151.668  15.039  85.155 150.857  13.959  84.246 150.800
  16.073  85.162 149.483  14.371  85.287 149.875  15.809  83.204 149.952  15.777
  83.876 149.009  14.503  86.137 149.351  16.744  82.988 148.584  15.447  86.126
 149.644  17.934  84.594 155.856  11.395  85.008 156.170  12.479  85.093 155.215
  13.612  85.335 157.572  12.687  85.318 155.975  14.629  85.705 158.201  13.980
  85.587 157.079  14.841  85.903 159.389  14.194  85.167 158.276  11.978  86.357
 153.413  11.546  87.601 153.911  11.837  87.029 148.483  16.092  88.155 147.950
  16.775  88.949 147.183  15.822  87.759 146.991  17.832  89.075 148.958  17.382
  82.455 149.371  14.457  81.193 149.662  13.791  80.528 150.897  13.926  80.516
 148.781  12.846  79.341 150.976  13.446  79.418 149.048  12.429  78.881 150.125
  12.632
  85.800 154.089  13.629  86.436 153.265  12.738  85.113 153.387  14.528  86.278
 151.896  12.873  84.878 151.955  14.844  85.601 151.133  13.927  84.318 151.196
  15.797  85.540 149.897  14.354  85.438 150.311  15.700  83.368 150.257  15.411
  84.335 149.198  14.338  86.315 150.031  16.772  83.329 148.873  15.230  86.271
 150.771  17.775  86.016 156.351  11.522  86.049 156.565  12.702  85.974 155.500
  13.797  86.038 157.968  13.070  85.882 156.177  14.888  85.965 158.579  14.391
  85.957 157.302  15.200  86.103 159.756  14.671  86.144 158.598  12.284  87.102
 153.787  11.634  88.344 153.324  11.404  87.333 149.101  16.448  88.616 149.135
  17.200  89.471 148.190  16.535  88.487 148.698  18.651  89.349 150.381  17.069
  82.763 149.565  14.225  81.439 149.575  13.560  80.449 150.591  13.766  80.885
 148.475  12.837  79.237 150.405  13.442  79.633 148.386  12.557  78.939 149.370
  12.782
  85.767 154.490  13.976  86.262 153.667  12.936  85.207 153.798  14.989  86.170
 152.346  13.169  85.143 152.397  15.366  85.674 151.570  14.262  84.819 151.645
  16.457  85.628 150.292  14.686  85.903 150.700  16.036  83.795 150.834  16.214
  84.381 149.701  14.986  86.911 150.263  16.921  83.556 149.430  16.093  87.012
 150.666  18.078  85.183 156.396  11.728  85.470 156.847  12.769  85.722 155.941
  13.939  85.462 158.344  13.021  85.757 156.707  15.010  85.439 159.002  14.270
  85.628 157.877  15.226  85.443 160.169  14.426  85.100 158.898  12.254  86.903
 154.186  11.896  88.058 153.569  11.389  87.757 149.401  16.298  88.955 148.894
  17.062  89.807 148.306  16.027  88.730 147.786  18.074  89.787 150.013  17.441
  82.836 150.073  15.136  81.738 149.878  14.284  80.517 150.666  14.223  81.806
 148.836  13.351  79.559 150.260  13.432  80.816 148.561  12.609  79.812 149.298
  12.682
  85.852 154.511  13.875  86.332 153.647  12.827  85.349 153.848  14.928  86.190
 152.329  13.142  85.257 152.486  15.341  85.770 151.611  14.337  84.983 151.684
  16.423  85.870 150.335  14.773  86.052 150.793  16.128  84.016 150.727  16.428
  84.679 149.688  15.161  87.184 150.686  16.892  83.843 149.339  16.252  87.483
 151.312  17.847  85.197 156.379  11.621  85.562 156.794  12.717  85.841 155.910
  13.852  85.707 158.255  12.806  86.122 156.712  14.851  86.077 158.935  13.977
  86.261 157.873  14.987  86.376 160.124  14.073  85.525 158.839  11.998  86.841
 154.002  11.585  87.835 154.858  11.616  87.922 149.684  16.288  88.862 148.846
  16.953  89.253 147.729  16.113  88.387 148.265  18.213  90.044 149.647  17.147
  83.142 150.056  15.338  81.815 150.085  14.745  80.878 151.128  15.081  81.299
 149.092  13.846  79.673 150.949  14.833  80.067 149.067  13.622  79.347 149.974
  14.018
  85.713 154.680  14.076  86.480 153.949  13.106  85.213 153.875  15.100  86.397
 152.580  13.313  85.229 152.472  15.448  85.810 151.690  14.334  85.081 151.665
  16.502  85.756 150.396  14.725  86.099 150.769  16.045  84.009 150.830  16.384
  84.524 149.799  15.000  87.303 150.481  16.728  83.758 149.479  16.179  87.703
 151.083  17.694  85.510 156.608  11.725  85.757 157.013  12.862  85.628 156.075
  14.046  86.099 158.411  13.033  85.919 156.940  15.080  86.377 159.105  14.231
  86.189 158.089  15.213  86.758 160.211  14.334  86.093 158.903  12.147  87.246
 154.547  12.218  88.093 153.911  11.472  87.914 149.435  15.985  88.916 148.627
  16.594  89.246 147.650  15.505  88.438 147.901  17.750  90.065 149.461  16.977
  82.982 150.190  15.333  81.654 150.215  14.687  80.613 151.180  14.854  81.315
 149.265  13.714  79.713 151.299  14.012  80.374 149.386  12.950  79.680 150.462
  13.106
  86.055 154.312  14.199  86.634 153.424  13.227  85.569 153.574  15.248  86.546
 152.055  13.567  85.504 152.141  15.641  86.106 151.296  14.619  84.930 151.306
  16.580  86.075 149.971  15.035  86.029 150.369  16.450  83.915 150.411  16.254
  84.799 149.388  14.942  86.969 149.912  17.446  83.769 149.036  15.918  87.075
 150.353  18.592  85.719 156.299  11.822  85.929 156.632  12.986  85.887 155.709
  14.170  86.014 158.079  13.281  85.894 156.485  15.291  85.988 158.758  14.616
  85.878 157.633  15.552  86.206 159.938  14.783  86.201 158.709  12.510  87.239
 153.917  12.076  88.180 153.224  11.477  87.844 149.072  16.833  89.056 148.567
  17.482  89.813 147.651  16.629  88.689 147.744  18.647  90.033 149.612  17.774
  83.167 149.863  15.064  81.959 150.125  14.238  80.822 151.076  14.452  81.732
 149.349  13.078  80.102 151.326  13.469  80.841 149.617  12.283  79.957 150.404
  12.623
  85.754 154.412  13.639  86.095 153.559  12.545  85.377 153.645  14.721  86.187
 152.203  12.851  85.405 152.251  15.072  85.889 151.396  14.000  85.138 151.531
  16.165  85.920 150.134  14.536  86.126 150.657  15.869  84.081 150.666  16.169
  84.655 149.564  14.715  87.054 150.253  16.836  83.855 149.313  15.866  87.065
 150.726  17.970  85.072 156.550  11.477  85.473 156.824  12.551  85.695 155.812
  13.686  85.673 158.237  12.916  86.150 156.439  14.671  86.063 158.804  14.167
  86.321 157.603  14.988  86.258 159.983  14.366  85.467 158.918  12.195  86.407
 154.098  11.357  87.675 154.442  11.145  87.815 149.260  16.368  88.751 148.453
  17.153  89.295 147.509  16.141  88.065 147.662  18.217  89.866 149.209  17.789
  83.097 150.038  15.002  81.813 150.021  14.351  80.861 151.044  14.530  81.412
 149.088  13.320  79.965 151.217  13.745  80.358 149.284  12.717  79.597 150.218
  13.105
  85.516 154.563  13.720  85.958 153.771  12.612  85.020 153.832  14.766  85.856
 152.418  12.888  84.896 152.477  15.137  85.418 151.644  14.041  84.543 151.612
  16.147  85.407 150.367  14.494  85.622 150.797  15.808  83.523 150.713  15.995
  84.267 149.717  14.651  86.592 150.405  16.762  83.450 149.346  15.730  86.511
 150.577  17.921  85.355 156.640  11.563  85.466 156.961  12.732  85.591 155.991
  13.813  85.589 158.389  13.017  85.860 156.710  14.913  85.858 158.980  14.267
  86.019 157.850  15.175  85.995 160.196  14.445  85.505 158.992  12.207  86.540
 154.326  11.497  87.689 153.984  11.064  87.543 149.563  16.148  88.698 149.046
  16.802  89.265 148.071  15.828  88.410 148.256  17.999  89.637 150.146  17.115
  82.642 150.054  14.885  81.385 150.114  14.244  80.510 151.191  14.381  80.883
 149.179  13.324  79.327 151.186  14.014  79.760 149.264  12.872  78.980 150.193
  13.286
  85.308 154.680  13.767  85.669 153.747  12.725  84.908 153.982  14.898  85.557
 152.473  13.033  84.848 152.648  15.336  85.274 151.755  14.249  84.538 151.966
  16.417  85.161 150.478  14.692  85.496 150.984  15.925  83.435 151.158  16.446
  83.888 149.964  15.038  86.637 150.555  16.700  83.096 149.787  16.222  86.857
 150.980  17.819  85.149 156.623  11.440  85.418 156.992  12.592  85.505 156.063
  13.725  85.718 158.402  12.818  85.771 156.786  14.781  86.039 159.082  14.049
  86.063 157.900  14.984  86.290 160.249  14.185  85.774 159.081  12.067  86.280
 154.081  11.544  87.559 154.460  11.436  87.309 149.565  15.969  88.635 149.107
  16.392  88.967 148.075  15.437  88.682 148.620  17.768  89.524 150.309  16.273
  82.350 150.559  15.376  81.225 150.533  14.508  80.081 151.418  14.617  80.975
 149.526  13.511  79.054 151.166  13.994  79.919 149.428  12.874  78.990 150.170
  13.202
  85.128 154.599  14.123  85.787 153.847  13.065  84.687 153.843  15.130  85.711
 152.527  13.344  84.679 152.414  15.450  85.221 151.669  14.355  84.309 151.517
  16.450  85.090 150.327  14.635  85.326 150.568  16.009  83.223 150.673  16.304
  83.826 149.768  14.778  86.323 150.154  16.838  82.861 149.345  15.799  86.582
 150.637  17.940  84.971 156.398  11.821  85.115 156.885  12.906  85.070 156.029
  14.156  85.276 158.276  13.010  85.282 156.846  15.152  85.585 159.009  14.234
  85.428 157.985  15.281  85.965 160.158  14.307  85.192 158.840  12.173  86.475
 154.392  11.957  87.667 153.902  11.681  87.177 149.335  16.158  88.464 148.892
  16.685  89.161 148.008  15.715  88.230 148.176  17.944  89.318 149.972  16.874
  82.306 150.203  15.076  81.011 150.409  14.397  79.779 150.717  15.032  80.770
 150.226  12.985  78.702 150.671  14.441  79.620 150.072  12.538  78.648 150.532
  13.219
  85.489 154.531  13.549  86.233 153.823  12.600  84.946 153.790  14.531  86.275
 152.501  12.888  85.008 152.396  14.867  85.834 151.675  13.933  84.610 151.537
  15.884  85.845 150.363  14.371  85.807 150.799  15.711  83.685 150.592  15.589
  84.656 149.631  14.294  86.776 150.669  16.704  83.648 149.184  15.229  86.786
 151.316  17.741  85.625 156.742  11.303  85.559 157.006  12.446  85.262 156.017
  13.519  85.680 158.396  12.817  85.183 156.681  14.610  85.445 158.977  14.163
  85.162 157.824  14.988  85.721 160.146  14.555  85.980 158.909  11.996  86.977
 154.436  11.638  87.811 153.730  10.920  87.582 149.646  16.369  88.694 149.199
  17.057  89.232 148.061  16.339  88.387 148.679  18.382  89.700 150.303  17.202
  83.102 149.888  14.223  82.172 149.837  13.195  80.926 150.390  13.353  82.199
 149.040  11.948  79.943 150.102  12.606  81.179 148.816  11.296  80.110 149.376
  11.652
  85.838 154.250  13.669  86.586 153.631  12.657  85.351 153.385  14.523  86.714
 152.275  12.737  85.436 151.967  14.700  86.225 151.338  13.682  85.282 151.002
  15.704  86.521 150.046  14.042  86.554 150.413  15.409  84.522 149.908  15.572
  85.495 149.154  14.150  87.448 150.036  16.413  84.616 148.568  15.098  87.130
 150.369  17.609  85.250 156.479  11.642  85.521 156.753  12.814  85.612 155.720
  13.889  85.656 158.208  13.151  85.753 156.459  15.011  85.723 158.777  14.467
  85.848 157.585  15.347  85.723 159.959  14.701  85.725 158.821  12.347  87.157
 154.352  11.610  88.337 153.917  11.165  88.581 149.295  15.938  89.701 148.970
  16.828  90.786 148.368  15.986  89.279 148.077  17.902  90.211 150.243  17.441
  83.817 149.156  14.190  82.692 149.099  13.356  81.392 149.612  13.704  82.683
 148.533  12.122  80.469 149.628  12.872  81.663 148.537  11.382  80.626 149.037
  11.771
  85.687 154.412  13.739  86.353 153.843  12.652  85.315 153.480  14.713  86.636
 152.522  12.836  85.658 152.070  14.942  86.426 151.516  13.803  85.472 151.068
  15.880  86.622 150.243  14.027  86.693 150.528  15.453  84.587 150.073  15.529
  85.574 149.353  14.025  87.782 150.201  16.263  84.712 148.738  15.030  87.680
 150.357  17.494  84.756 156.452  11.725  85.045 156.799  12.848  85.431 155.815
  13.852  84.896 158.204  13.243  85.450 156.526  14.971  85.077 158.816  14.536
  85.368 157.619  15.342  85.132 159.996  14.765  84.632 158.848  12.508  86.807
 154.566  11.608  87.809 154.168  10.772  88.781 149.581  15.510  90.094 149.366
  15.936  90.741 148.727  14.819  90.025 148.497  17.135  90.569 150.718  16.206
  83.916 149.471  14.264  82.700 149.713  13.572  81.718 150.679  13.963  82.160
 148.928  12.444  80.701 150.919  13.247  81.111 149.268  11.846  80.367 150.105
  12.376
  85.845 154.814  13.787  86.586 154.314  12.664  85.659 153.869  14.744  86.737
 152.961  12.728  85.878 152.468  14.892  86.452 151.932  13.680  85.726 151.421
  15.817  86.599 150.597  13.908  86.803 150.781  15.290  84.740 150.477  15.515
  85.403 149.857  13.949  87.833 150.240  16.120  84.586 149.246  14.955  87.898
 150.287  17.346  84.931 156.604  11.634  85.212 157.078  12.731  85.435 156.156
  13.919  85.319 158.498  12.947  85.688 156.932  14.970  85.548 159.197  14.175
  85.720 158.135  15.137  85.690 160.384  14.267  84.964 159.016  12.152  87.129
 155.103  11.716  87.743 154.595  10.666  88.641 149.606  15.243  89.687 148.644
  15.639  90.488 148.283  14.527  89.092 147.298  16.070  90.541 149.213  16.677
  83.829 150.062  14.223  82.467 150.275  13.899  81.748 151.384  14.336  81.735
 149.497  12.917  80.621 151.549  13.928  80.696 149.950  12.422  80.144 150.907
  12.975
  85.721 155.048  14.173  86.331 154.396  13.033  85.637 154.204  15.188  86.693
 153.071  13.279  85.957 152.820  15.578  86.584 152.192  14.432  85.776 151.838
  16.551  86.793 150.910  14.769  86.962 151.192  16.118  84.804 150.908  16.197
  85.636 150.042  14.854  88.095 150.855  16.887  84.726 149.541  15.788  88.277
 151.178  18.046  84.567 156.764  12.076  84.967 157.230  13.140  85.178 156.354
  14.272  85.190 158.714  13.199  85.471 157.219  15.200  85.576 159.447  14.351
  85.610 158.396  15.428  85.905 160.699  14.378  85.078 159.194  12.314  86.445
 155.009  11.789  87.385 154.659  10.939  88.880 149.967  16.141  89.730 149.006
  16.777  90.298 148.164  15.643  88.953 148.140  17.696  90.861 149.595  17.463
  84.132 150.324  14.913  82.898 150.503  14.228  81.608 150.776  14.895  82.750
 150.214  12.845  80.573 150.992  14.220  81.588 150.288  12.388  80.574 150.346
  13.156
  86.122 154.721  14.269  86.715 153.987  13.180  85.708 153.866  15.262  86.765
 152.705  13.347  85.949 152.480  15.569  86.453 151.772  14.421  85.777 151.584
  16.601  86.530 150.471  14.744  86.796 150.782  16.124  84.792 150.644  16.451
  85.396 149.752  15.053  88.086 150.772  16.794  84.551 149.303  16.071  88.257
 151.067  17.962  85.047 156.463  12.029  85.501 156.967  13.038  85.942 156.160
  14.196  85.442 158.454  13.197  85.909 156.942  15.207  85.538 159.158  14.473
  85.721 158.071  15.449  85.579 160.351  14.613  85.456 159.064  12.389  87.239
 154.686  12.027  88.046 154.171  11.096  89.084 150.190  16.034  90.425 149.915
  16.549  91.236 149.487  15.423  90.446 148.925  17.629  91.108 151.181  17.005
  83.806 150.111  15.329  82.576 150.370  14.617  81.307 150.839  15.171  82.444
 150.089  13.226  80.213 150.722  14.550  81.304 150.105  12.672  80.250 150.524
  13.289
  85.728 154.533  13.945  86.397 153.962  12.813  85.602 153.645  14.992  86.700
 152.672  12.967  86.024 152.301  15.193  86.640 151.746  14.044  85.883 151.329
  16.140  86.663 150.393  14.226  86.945 150.550  15.601  84.820 150.503  15.891
  85.435 149.745  14.318  87.840 149.844  16.390  84.585 149.241  15.334  87.894
 150.025  17.616  84.679 156.507  11.931  84.980 156.845  13.050  85.249 155.883
  14.078  85.036 158.279  13.344  85.436 156.588  15.201  85.262 158.940  14.607
  85.454 157.728  15.500  85.169 160.115  14.839  84.933 158.856  12.517  86.792
 154.624  11.700  87.963 154.432  11.189  88.762 149.383  15.538  90.003 148.777
  16.004  90.723 148.266  14.817  89.685 147.589  16.712  90.771 149.643  16.802
  83.850 150.170  14.573  82.489 150.522  14.227  81.439 150.315  15.187  81.921
 151.041  12.990  80.298 150.079  14.797  80.715 150.802  12.680  79.968 150.428
  13.624
  85.924 154.670  13.822  86.320 153.947  12.676  85.867 153.865  14.919  86.400
 152.618  12.839  86.010 152.453  15.194  86.228 151.744  13.929  85.785 151.516
  16.180  86.061 150.445  14.178  86.621 150.600  15.462  84.582 150.827  16.142
  84.779 150.008  14.561  87.707 149.942  15.986  84.042 149.642  15.702  88.138
 150.124  17.132  85.054 156.671  11.566  85.526 156.966  12.667  85.723 156.087
  13.850  85.788 158.384  12.861  85.895 156.871  14.868  86.063 159.030  14.053
  86.062 158.028  15.088  85.953 160.251  14.183  85.699 159.020  12.078  86.769
 154.495  11.449  87.973 154.072  10.961  88.382 149.245  15.031  89.477 148.425
  15.322  89.969 147.856  14.091  89.002 147.335  16.227  90.586 149.227  15.905
  83.448 150.685  15.000  82.098 151.019  14.598  81.036 150.709  15.431  81.725
 151.353  13.245  79.913 150.650  14.935  80.529 151.339  12.933  79.681 151.038
  13.796
  86.132 154.271  14.163  86.479 153.438  13.057  85.872 153.596  15.258  86.244
 152.084  13.299  85.623 152.185  15.573  85.803 151.295  14.455  85.450 151.339
  16.714  85.523 149.952  14.790  86.116 150.285  16.072  84.194 150.642  16.827
  84.289 149.655  15.299  87.435 150.004  16.418  83.533 149.459  16.474  87.986
 150.509  17.441  85.404 155.988  11.837  85.900 156.479  12.836  86.033 155.677
  14.120  86.071 157.958  12.964  86.234 156.489  15.067  86.270 158.682  14.170
  86.327 157.646  15.179  86.394 159.856  14.187  85.878 158.459  12.105  86.922
 153.809  11.805  88.216 154.028  11.606  88.046 149.011  15.592  89.406 148.585
  15.764  89.623 147.505  14.915  89.682 148.238  17.159  90.372 149.682  15.392
  82.918 150.438  15.825  81.672 150.640  15.208  80.501 150.806  15.986  81.469
 150.689  13.838  79.422 150.952  15.470  80.316 150.850  13.407  79.341 150.943
  14.232
  86.214 154.276  14.249  86.610 153.354  13.207  85.962 153.612  15.373  86.621
 152.047  13.609  85.905 152.266  15.833  86.277 151.309  14.799  85.614 151.547
  17.002  86.274 150.038  15.331  86.623 150.587  16.640  84.502 150.693  16.987
  85.028 149.618  15.620  87.735 150.266  17.372  84.168 149.293  16.704  88.184
 150.966  18.247  85.672 156.077  11.906  85.950 156.552  13.005  86.071 155.657
  14.194  86.054 158.068  13.238  86.197 156.485  15.268  86.194 158.787  14.483
  86.311 157.660  15.436  86.210 159.981  14.681  85.907 158.641  12.416  86.811
 153.696  11.937  88.054 153.649  11.507  88.427 149.285  16.635  89.850 149.103
  16.809  90.341 148.090  15.932  90.240 148.756  18.206  90.557 150.410  16.475
  83.541 150.150  15.869  82.320 150.625  15.345  81.045 149.817  15.359  82.251
 151.836  14.562  80.216 150.106  14.532  81.283 152.031  13.893  80.409 151.145
  13.816
  85.619 154.478  14.555  86.175 153.683  13.485  85.426 153.690  15.625  86.368
 152.363  13.752  85.582 152.281  16.050  86.203 151.576  14.939  85.407 151.403
  17.054  86.349 150.286  15.284  86.577 150.656  16.632  84.461 150.489  16.824
  85.216 149.512  15.461  87.635 150.303  17.417  84.259 149.158  16.437  87.782
 150.677  18.571  84.486 156.077  12.300  84.999 156.636  13.260  85.376 155.877
  14.431  84.997 158.094  13.280  85.873 156.811  15.260  85.603 158.929  14.263
  85.960 158.008  15.303  85.635 160.149  14.190  84.654 158.621  12.485  86.533
 154.343  12.310  87.458 153.902  11.453  88.762 149.850  16.690  90.056 149.397
  17.170  91.097 149.303  16.095  90.003 148.087  17.848  90.647 150.415  17.974
  83.673 149.933  15.481  82.510 150.472  14.856  81.694 149.782  13.832  81.980
 151.762  15.187  80.737 150.359  13.326  81.039 152.222  14.593  80.533 151.532
  13.667
  86.043 154.409  14.354  86.679 153.667  13.381  85.763 153.740  15.495  86.864
 152.347  13.687  86.004 152.399  15.932  86.617 151.587  14.872  85.644 151.552
  16.905  86.655 150.313  15.293  86.790 150.687  16.637  84.629 150.672  16.701
  85.444 149.622  15.460  87.640 150.003  17.543  84.422 149.310  16.328  87.695
 150.265  18.757  84.781 156.024  12.031  85.193 156.567  13.071  85.697 155.745
  14.211  85.062 158.036  13.225  85.981 156.640  15.120  85.600 158.841  14.257
  85.997 157.829  15.251  85.676 160.067  14.357  84.661 158.494  12.415  87.118
 154.247  12.197  88.304 153.960  11.787  88.556 149.267  16.844  89.902 149.061
  17.328  90.672 148.395  16.305  89.905 148.108  18.433  90.492 150.288  17.743
  83.919 150.115  15.315  82.757 150.684  14.736  81.532 150.014  14.568  82.644
 152.088  14.300  80.492 150.598  14.306  81.586 152.467  13.732  80.557 151.749
  13.827
  86.075 154.839  14.525  86.634 153.943  13.554  85.765 154.207  15.641  86.628
 152.625  13.856  85.738 152.851  16.071  86.223 151.920  15.093  85.328 152.108
  17.171  85.990 150.652  15.590  86.290 151.055  16.873  84.214 151.309  17.136
  84.710 150.123  15.840  87.452 150.822  17.592  83.752 150.007  16.887  87.584
 151.201  18.759  85.222 156.393  12.167  85.622 156.930  13.121  86.108 156.272
  14.312  85.556 158.448  13.166  86.241 157.172  15.277  85.920 159.313  14.222
  86.217 158.353  15.369  85.827 160.563  14.226  85.279 158.921  12.314  87.382
 154.411  12.456  88.697 154.088  12.330  88.223 149.894  16.980  89.587 149.601
  17.450  90.049 148.697  16.456  89.562 148.923  18.726  90.507 150.765  17.599
  83.246 150.752  15.889  82.016 151.155  15.317  80.888 150.292  15.223  81.789
 152.490  14.751  79.879 150.751  14.658  80.753 152.753  14.159  79.886 151.842
  14.068
  86.074 154.944  14.454  86.563 154.059  13.386  85.848 154.256  15.584  86.533
 152.726  13.713  85.864 152.887  16.036  86.244 152.001  14.958  85.608 152.082
  17.124  86.099 150.734  15.315  86.526 151.185  16.602  84.364 151.386  17.047
  84.844 150.300  15.625  87.756 150.803  17.186  83.991 150.099  16.762  88.084
 151.192  18.301  85.283 156.599  12.256  85.750 157.167  13.216  86.029 156.356
  14.393  85.926 158.593  13.342  86.149 157.175  15.378  86.200 159.385  14.541
  86.198 158.332  15.565  86.258 160.565  14.640  85.618 159.129  12.539  86.875
 154.431  12.151  88.124 154.196  11.810  88.228 149.706  16.495  89.538 149.142
  16.698  89.749 148.107  15.636  89.486 148.337  17.910  90.662 150.093  16.515
  83.400 151.003  15.948  82.359 151.442  15.113  81.547 150.621  14.231  81.884
 152.842  15.086  80.654 151.137  13.532  80.939 153.138  14.356  80.220 152.234
  13.863
  86.194 154.850  14.243  86.571 154.022  13.123  86.106 154.106  15.374  86.606
 152.701  13.372  86.126 152.747  15.702  86.337 151.872  14.536  85.726 151.901
  16.720  86.106 150.542  14.870  86.481 150.847  16.188  84.494 151.290  16.577
  84.762 150.228  15.058  87.594 150.290  16.878  83.880 150.006  16.129  87.782
 150.545  18.047  85.276 156.543  12.023  85.636 157.071  13.089  86.006 156.222
  14.266  85.740 158.540  13.176  86.337 157.101  15.237  86.111 159.349  14.361
  86.392 158.276  15.356  86.186 160.578  14.315  85.465 159.074  12.361  87.006
 154.541  11.993  88.222 154.930  11.835  88.456 149.591  15.989  89.709 148.940
  16.415  90.243 148.114  15.374  89.599 148.111  17.627  90.697 149.963  16.640
  83.410 150.949  15.318  82.251 151.473  14.720  81.041 150.728  14.442  82.145
 152.803  14.382  80.074 151.237  13.890  81.039 153.257  14.002  80.075 152.492
  13.696
  85.840 155.171  14.530  86.368 154.433  13.429  85.614 154.372  15.608  86.359
 153.076  13.681  85.564 152.994  15.909  85.898 152.238  14.727  85.212 152.136
  16.883  85.813 150.897  15.031  86.148 151.101  16.408  84.009 151.441  16.641
  84.579 150.358  15.263  87.277 150.634  17.093  83.547 150.143  16.219  87.522
 150.998  18.184  84.919 157.090  12.364  85.277 157.479  13.469  85.595 156.549
  14.581  85.425 158.902  13.676  85.840 157.333  15.607  85.767 159.582  14.920
  85.936 158.499  15.864  85.767 160.820  15.021  85.361 159.480  12.846  86.775
 154.960  12.229  87.854 154.549  11.596  87.945 149.679  16.304  89.162 149.034
  16.662  89.460 148.008  15.545  89.125 148.447  17.991  90.249 150.044  16.527
  83.167 151.077  15.306  82.188 151.579  14.548  81.198 150.820  13.851  81.932
 152.965  14.552  80.186 151.383  13.437  80.974 153.430  14.003  80.228 152.666
  13.312
  86.125 155.034  14.450  86.654 154.111  13.464  85.774 154.379  15.626  86.574
 152.797  13.842  85.721 153.041  16.101  86.183 152.147  15.060  85.224 152.344
  17.142  85.923 150.891  15.484  86.162 151.298  16.838  84.061 151.597  16.947
  84.577 150.457  15.643  87.179 150.883  17.763  83.596 150.304  16.670  87.130
 151.290  18.860  84.676 156.509  12.407  85.234 157.134  13.243  86.051 156.458
  14.303  85.013 158.563  13.429  86.396 157.313  15.212  85.446 159.434  14.569
  86.169 158.498  15.441  85.333 160.592  14.757  84.460 158.987  12.694  87.181
 154.569  12.309  87.355 153.751  11.307  88.127 150.151  17.147  89.160 149.404
  17.773  90.007 148.718  16.779  88.621 148.349  18.742  90.097 150.265  18.629
  83.217 151.156  15.740  82.090 151.756  15.094  81.291 151.135  14.162  81.647
 153.078  15.291  80.544 151.758  13.473  80.881 153.641  14.535  80.187 152.914
  13.770
  86.125 154.967  14.467  86.605 154.074  13.466  85.751 154.387  15.612  86.581
 152.791  13.858  85.712 153.021  16.080  86.146 152.099  15.071  85.166 152.311
  17.086  85.860 150.815  15.447  86.066 151.212  16.820  83.999 151.634  16.877
  84.553 150.481  15.539  87.137 150.953  17.600  83.519 150.328  16.565  87.287
 151.480  18.691  85.781 156.845  12.081  85.953 157.290  13.178  86.077 156.403
  14.360  85.852 158.761  13.312  86.033 157.244  15.402  85.662 159.460  14.602
  85.868 158.363  15.570  85.453 160.640  14.601  85.793 159.338  12.481  87.212
 154.608  12.343  87.322 153.840  11.259  88.058 150.174  16.888  89.246 149.796
  17.557  89.934 148.851  16.614  89.062 148.876  18.667  90.164 150.902  17.875
  83.176 151.246  15.547  82.234 151.810  14.618  81.001 151.325  14.083  82.664
 153.028  13.956  80.456 151.938  13.112  82.003 153.528  13.076  80.852 153.098
  12.845
  86.058 154.890  14.381  86.329 153.990  13.331  86.055 154.291  15.588  86.376
 152.718  13.698  86.120 152.941  16.019  86.372 151.986  15.003  85.535 152.212
  17.061  85.909 150.745  15.383  86.279 151.060  16.747  84.219 151.835  16.813
  84.568 150.538  15.508  87.222 150.418  17.583  83.479 150.647  16.453  87.347
 150.600  18.834  84.718 156.604  12.124  85.304 157.029  13.096  85.897 156.280
  14.238  85.358 158.446  13.215  86.514 157.129  15.029  86.015 159.245  14.218
  86.526 158.282  15.130  86.237 160.447  14.175  85.162 158.911  12.336  86.544
 154.316  12.047  87.744 154.027  11.537  87.988 149.645  16.800  89.167 148.902
  17.359  89.767 148.329  16.214  88.808 147.907  18.371  90.170 149.936  17.994
  83.339 151.602  15.469  82.546 152.147  14.443  81.656 151.377  13.546  82.664
 153.523  14.116  80.902 152.001  12.807  81.697 154.035  13.443  80.976 153.256
  12.797
  86.475 154.662  14.761  87.039 153.809  13.743  86.262 153.947  15.854  87.150
 152.496  14.063  86.359 152.597  16.332  86.838 151.754  15.209  85.678 151.816
  17.179  86.334 150.483  15.464  86.501 150.662  16.855  84.437 151.459  16.774
  84.933 150.465  15.320  87.601 150.131  17.589  83.738 150.400  16.044  87.955
 150.649  18.698  85.399 156.108  12.356  85.587 156.728  13.371  86.230 156.061
  14.615  85.255 158.170  13.475  86.226 156.919  15.543  85.388 158.978  14.644
  85.887 158.046  15.666  85.398 160.182  14.699  84.807 158.581  12.664  87.476
 154.328  12.544  87.037 153.763  11.414  88.122 149.016  17.001  89.229 148.228
  17.637  89.560 147.169  16.641  88.813 147.744  18.977  90.438 149.086  17.746
  83.724 151.538  15.340  82.834 152.513  14.741  81.476 152.355  14.466  83.330
 153.767  14.331  80.776 153.273  13.949  82.551 154.636  13.956  81.352 154.418
  13.754
  86.254 154.886  14.661  86.830 154.028  13.651  86.021 154.280  15.845  86.986
 152.763  14.100  86.107 152.956  16.312  86.613 152.048  15.249  85.615 152.109
  17.337  86.354 150.773  15.683  86.511 151.103  17.034  84.420 151.543  16.928
  84.987 150.425  15.573  87.555 150.727  17.853  83.828 150.351  16.381  87.554
 151.115  19.025  84.942 156.476  12.564  85.427 157.072  13.469  85.993 156.261
  14.535  85.322 158.550  13.620  86.356 157.180  15.485  85.835 159.363  14.679
  86.318 158.363  15.684  85.871 160.567  14.803  84.862 159.044  12.864  87.180
 154.498  12.413  88.037 153.919  11.651  88.289 149.750  17.202  89.354 149.010
  17.897  89.805 148.138  16.894  88.878 148.265  19.054  90.473 149.879  18.151
  83.673 151.426  15.521  82.733 152.172  14.787  81.477 151.623  14.339  82.767
 153.565  14.521  80.546 152.296  14.012  81.784 154.222  14.092  80.735 153.532
  13.835
  86.121 155.191  14.910  86.509 154.342  13.833  86.002 154.519  16.075  86.671
 153.069  14.159  86.186 153.163  16.461  86.568 152.304  15.359  85.677 152.225
  17.435  86.385 151.013  15.693  86.622 151.208  17.061  84.462 151.590  17.131
  85.047 150.680  15.666  87.771 150.827  17.831  83.966 150.400  16.510  88.021
 151.075  19.001  84.653 156.671  12.714  85.268 157.264  13.584  85.815 156.560
  14.727  85.201 158.754  13.620  86.228 157.509  15.508  85.787 159.671  14.537
  86.330 158.710  15.629  85.838 160.912  14.475  84.754 159.184  12.818  86.880
 154.886  12.612  87.368 154.205  11.561  88.687 150.127  17.026  90.051 149.776
  17.378  90.580 149.103  16.238  90.015 148.873  18.452  90.828 150.988  17.896
  83.674 151.466  15.759  82.697 151.994  14.816  81.995 151.213  13.863  82.448
 153.372  14.621  81.031 151.701  13.181  81.725 153.764  13.725  81.041 152.969
  13.075
  86.387 155.093  14.722  86.901 154.222  13.687  86.244 154.413  15.832  87.080
 152.951  14.108  86.574 153.109  16.298  87.010 152.232  15.255  86.152 152.285
  17.292  86.760 150.972  15.645  87.020 151.200  16.987  84.903 151.711  17.117
  85.387 150.637  15.640  88.128 150.772  17.725  84.319 150.538  16.624  88.467
 151.272  18.792  85.431 156.712  12.266  85.710 157.250  13.329  86.154 156.454
  14.576  85.490 158.624  13.455  86.251 157.369  15.538  85.803 159.491  14.581
  86.138 158.522  15.641  85.676 160.702  14.606  84.945 159.017  12.697  87.294
 154.614  12.425  87.962 153.757  11.662  88.761 149.671  17.110  90.027 149.139
  17.622  90.414 148.195  16.588  89.801 148.349  18.862  91.022 150.174  17.779
  84.089 151.541  15.733  83.071 152.235  14.965  81.635 152.034  15.043  83.444
 153.372  14.094  80.965 152.807  14.392  82.584 154.104  13.557  81.385 153.820
  13.828
  86.611 154.969  14.887  87.066 154.189  13.779  86.559 154.253  16.048  87.292
 152.906  14.136  86.772 152.884  16.445  87.144 152.071  15.309  86.346 152.002
  17.380  86.956 150.768  15.553  87.314 151.062  16.940  85.146 151.389  17.121
  85.630 150.343  15.699  88.118 150.194  17.709  84.547 150.206  16.653  88.350
 150.377  18.888  85.092 156.436  12.817  85.519 157.100  13.810  86.353 156.431
  14.822  85.093 158.483  14.025  86.515 157.279  15.755  85.562 159.301  15.136
  86.312 158.341  15.973  85.344 160.450  15.364  84.493 159.001  13.393  87.336
 154.692  12.558  88.110 154.053  11.690  88.670 149.199  16.867  89.749 148.407
  17.302  90.086 147.692  16.114  89.426 147.452  18.448  90.827 149.335  17.559
  84.324 151.175  15.751  83.367 151.922  14.975  81.977 152.112  15.499  83.666
 152.906  13.963  81.273 153.027  15.119  82.884 153.791  13.756  81.796 153.894
  14.392
  86.927 154.857  14.730  87.496 154.174  13.601  86.683 154.031  15.770  87.726
 152.893  13.881  87.074 152.718  16.151  87.587 151.966  14.993  86.581 151.746
  17.020  87.370 150.657  15.247  87.519 150.726  16.653  85.386 151.283  16.544
  86.042 150.336  15.151  88.009 149.766  17.563  84.865 150.146  15.931  87.654
 149.765  18.752  85.469 156.238  12.533  85.823 156.854  13.497  86.462 156.211
  14.667  85.658 158.300  13.451  86.703 157.219  15.502  86.020 159.247  14.508
  86.581 158.411  15.500  85.799 160.465  14.482  85.457 158.669  12.529  87.840
 154.764  12.451  87.989 154.086  11.333  88.738 148.818  16.856  89.574 147.955
  17.630  90.412 147.144  16.707  88.867 147.011  18.428  90.616 148.796  18.392
  84.711 151.188  15.109  83.811 151.996  14.352  82.417 152.175  14.792  84.186
 152.987  13.410  81.680 153.021  14.302  83.404 153.892  13.165  82.185 153.838
  13.461
  87.060 154.992  14.480  87.560 154.180  13.391  86.997 154.329  15.669  87.743
 152.891  13.768  87.261 152.903  16.086  87.711 152.094  14.947  86.785 152.102
  17.079  87.389 150.785  15.305  87.617 151.003  16.694  85.548 151.522  16.812
  86.035 150.463  15.386  88.049 150.002  17.640  84.881 150.437  16.189  87.858
 150.059  18.843  85.782 156.516  12.237  86.125 157.126  13.210  86.711 156.396
  14.401  85.859 158.540  13.327  86.796 157.265  15.383  85.975 159.336  14.468
  86.470 158.400  15.563  85.791 160.547  14.505  85.633 158.932  12.420  87.938
 154.649  12.151  88.376 153.816  11.199  88.740 149.016  17.045  89.388 147.931
  17.843  90.173 147.126  16.870  88.382 147.085  18.495  90.451 148.552  18.747
  84.713 151.513  15.326  83.753 152.348  14.751  82.387 152.403  15.162  84.016
 153.394  13.769  81.600 153.211  14.698  83.113 154.146  13.418  81.978 154.039
  13.823
