#Frame       SA_00001
       1     587.5027
       2     591.6344
       3     583.1643
       4     589.3700
       5     588.7415
       6     591.4274
       7     587.3231
       8     583.0380
       9     587.5272
      10     590.3343
      11     586.2294
      12     588.6031
      13     586.2675
      14     588.3193
      15     577.5454
      16     582.5217
      17     586.7774
      18     598.9600
      19     585.5337
      20     593.9422
      21     586.4781
      22     590.5052
      23     574.5026
      24     591.1745
      25     602.7864
      26     592.1877
      27     597.5415
      28     591.5968
      29     581.9163
      30     597.6043
      31     611.8944
      32     600.0640
      33     608.2529
      34     597.7425
      35     575.9996
      36     591.5017
      37     593.1171
      38     586.6081
      39     585.0044
      40     574.6045
      41     581.5401
      42     586.9876
      43     574.7475
      44     589.8775
      45     586.5073
      46     583.0703
      47     593.7785
      48     602.1433
      49     580.6862
      50     594.8428
