#Frame       SA_00001
       1   20885.9860
       2   21915.6294
       3   22442.0165
       4   22473.0823
       5   22896.8201
       6   23479.1763
       7   23573.9448
       8   23806.8568
       9   23661.5203
      10   23769.3678
      11   23574.3580
      12   23883.2961
      13   24100.9286
      14   23956.5667
      15   23840.9382
      16   23751.8240
      17   24001.5657
      18   24139.6870
      19   24235.9578
      20   24200.1987
      21   24181.9408
      22   24023.4322
      23   23715.1779
      24   23915.7915
      25   24150.1621
      26   23888.1185
      27   23597.1620
      28   23704.3480
      29   24030.3847
      30   23960.0373
      31   24135.0920
      32   23852.9108
      33   24116.4755
      34   24359.5700
      35   24414.8975
      36   24536.3768
      37   24330.5638
      38   23790.6128
      39   23870.5994
      40   23704.6198
      41   23535.5824
      42   23625.0983
      43   23901.4305
      44   23967.7096
      45   23820.6108
      46   23933.9953
      47   24027.3349
      48   24089.7243
      49   23981.3867
      50   23736.6254
