#Frame       SA_00001
       1   21032.7155
       2   22369.6501
       3   23386.2454
       4   23327.9854
       5   23533.7539
       6   23765.9852
       7   24039.0579
       8   24181.6900
       9   23822.8186
      10   23773.3530
      11   23786.3157
      12   23962.1159
      13   24025.4086
      14   24200.9205
      15   24107.1683
      16   24221.7245
      17   24179.8627
      18   24808.8810
      19   24559.8539
      20   24446.7247
      21   24217.3860
      22   24542.1949
      23   24714.4257
      24   24637.8019
      25   24437.7499
      26   24223.6754
      27   24162.6220
      28   24566.6849
      29   25059.0104
      30   24863.2927
      31   24931.3556
      32   25259.1719
      33   24936.6505
      34   24968.5526
      35   24986.6799
      36   25329.5871
      37   24821.7760
      38   24874.7768
      39   24833.9082
      40   24822.5603
      41   24449.1444
      42   24339.2736
      43   25153.7958
      44   24763.2799
      45   24744.1138
      46   24922.3058
      47   25091.8814
      48   25144.1166
      49   25095.2219
      50   25299.1310
