Cpptraj Generated trajectory                                                    
  84.022 153.972  13.606  84.535 152.928  12.783  83.049 153.519  14.378  83.937
 151.711  13.004  82.332 152.332  14.663  82.790 151.215  13.839  81.808 151.740
  15.804  82.441 150.074  14.482  81.272 150.653  15.064  82.693 151.129  16.683
  83.166 149.739  15.574  80.030 150.066  15.287  83.096 149.847  17.004  79.700
 149.074  14.692  84.521 155.688  11.295  84.663 156.161  12.397  84.542 155.313
  13.592  84.989 157.587  12.534  84.694 156.102  14.637  85.186 158.288  13.800
  84.971 157.222  14.823  85.463 159.470  13.944  85.045 158.204  11.732  85.613
 153.122  11.917  86.276 152.083  11.436  79.334 150.654  16.318  78.068 150.081
  16.857  76.952 150.192  15.922  77.660 150.901  17.996  78.168 148.675  17.287
  84.221 150.568  16.597  85.631 150.602  16.543  86.431 151.451  15.706  86.414
 149.570  17.170  87.642 151.275  15.643  87.637 149.479  16.976  88.173 150.314
  16.208
  84.161 153.797  13.533  84.581 152.718  12.660  83.166 153.439  14.330  83.950
 151.586  12.896  82.420 152.272  14.637  82.857 151.103  13.776  81.856 151.717
  15.744  82.345 149.951  14.430  81.254 150.629  15.049  82.714 151.021  16.586
  83.095 149.518  15.528  79.996 150.016  15.286  83.107 149.665  16.927  79.683
 148.995  14.697  84.434 155.424  11.059  84.782 155.844  12.145  84.652 155.113
  13.428  85.285 157.245  12.252  85.015 155.908  14.389  85.515 157.995  13.444
  85.376 157.033  14.533  85.864 159.158  13.421  85.363 157.715  11.358  85.542
 152.796  11.714  86.604 152.023  11.745  79.199 150.676  16.082  77.900 150.211
  16.615  76.932 150.270  15.528  77.529 151.161  17.626  77.957 148.770  17.282
  84.272 150.321  16.419  85.698 150.447  16.380  86.436 151.211  15.410  86.625
 149.607  17.144  87.622 151.026  15.181  87.839 149.570  16.823  88.296 150.265
  15.901
  84.407 153.768  13.407  84.779 152.809  12.400  83.498 153.306  14.255  83.941
 151.680  12.458  82.622 152.191  14.371  82.887 151.250  13.326  81.955 151.485
  15.310  82.289 150.066  13.718  81.238 150.651  14.377  82.594 150.541  16.046
  82.866 149.279  14.696  80.024 150.087  14.564  82.790 149.180  16.072  79.657
 149.026  14.026  84.856 155.555  11.161  85.074 155.975  12.273  84.914 155.052
  13.434  85.316 157.389  12.532  84.973 155.800  14.473  85.371 158.067  13.817
  85.122 156.936  14.710  85.512 159.295  14.009  85.582 157.888  11.692  85.757
 152.923  11.458  86.986 152.814  11.814  79.172 150.724  15.516  78.057 150.083
  16.293  76.969 149.596  15.460  77.679 151.089  17.229  78.485 148.977  17.150
  83.956 149.695  15.802  85.386 149.722  16.128  86.334 150.158  15.195  85.926
 148.950  17.259  87.529 149.919  15.365  87.187 148.718  17.251  87.901 149.227
  16.363
  84.715 153.918  13.657  85.130 152.947  12.656  83.797 153.393  14.492  84.535
 151.719  12.765  83.115 152.093  14.619  83.492 151.176  13.592  82.360 151.489
  15.588  82.892 149.990  13.931  81.820 150.634  14.579  82.948 150.531  16.349
  83.343 149.270  15.061  80.473 150.208  14.478  83.116 149.119  16.453  80.145
 149.326  13.654  84.644 155.714  11.425  84.965 156.148  12.513  85.009 155.215
  13.699  85.285 157.495  12.699  85.218 155.975  14.698  85.693 158.170  13.966
  85.498 157.052  14.988  85.728 159.361  14.106  85.283 158.126  11.907  85.936
 153.230  11.624  87.060 153.766  11.902  79.694 150.655  15.430  78.377 150.050
  15.721  77.484 150.189  14.515  77.740 150.852  16.787  78.420 148.649  16.067
  84.354 149.660  16.278  85.783 149.484  16.341  86.760 150.493  15.867  86.529
 148.292  16.829  87.985 150.278  15.868  87.776 148.280  16.788  88.390 149.142
  16.131
  84.783 153.697  13.484  85.192 152.750  12.491  83.881 153.147  14.342  84.504
 151.553  12.545  83.293 151.883  14.488  83.536 151.015  13.405  82.582 151.219
  15.454  82.892 149.842  13.679  81.882 150.437  14.515  83.372 150.277  16.054
  83.593 149.106  14.629  80.610 149.905  14.704  83.543 148.857  16.031  80.104
 148.999  14.008  84.958 155.805  11.284  85.218 156.053  12.454  85.215 155.060
  13.543  85.496 157.491  12.755  85.493 155.772  14.610  85.940 158.034  14.020
  85.781 156.864  14.914  86.215 159.221  14.277  85.470 158.152  11.988  86.105
 153.007  11.417  87.255 153.422  11.706  79.994 150.473  15.835  78.708 150.005
  16.375  77.601 150.223  15.444  78.285 150.721  17.539  78.899 148.554  16.734
  84.671 149.501  15.890  86.061 149.497  16.271  87.053 150.318  15.599  86.622
 148.904  17.458  88.246 150.293  15.958  87.816 148.957  17.715  88.554 149.660
  16.963
  84.778 154.068  13.623  85.226 153.101  12.715  83.889 153.613  14.528  84.564
 151.934  12.818  83.214 152.345  14.712  83.655 151.376  13.716  82.529 151.599
  15.642  83.237 150.097  14.072  82.077 150.623  14.685  83.309 150.754  16.475
  83.816 149.520  15.204  80.743 149.998  14.687  83.567 149.353  16.598  80.351
 149.136  13.905  85.191 155.814  11.322  85.351 156.290  12.403  85.174 155.439
  13.659  85.668 157.670  12.601  85.455 156.156  14.649  85.944 158.339  13.854
  85.779 157.308  14.858  86.163 159.543  13.895  85.495 158.230  11.774  86.170
 153.275  11.691  87.169 152.487  11.649  79.968 150.363  15.789  78.573 149.960
  15.954  77.778 150.299  14.756  78.133 150.383  17.308  78.548 148.543  16.079
  84.767 149.910  16.482  86.174 149.772  16.620  87.128 150.884  16.642  86.916
 148.514  16.750  88.342 150.738  16.630  88.162 148.495  16.801  88.829 149.554
  16.770
  84.458 154.128  13.990  84.915 153.105  13.107  83.544 153.609  14.935  84.248
 151.948  13.219  82.973 152.260  15.178  83.347 151.336  14.152  82.245 151.562
  16.085  82.853 150.055  14.474  81.727 150.657  15.079  82.919 150.701  16.930
  83.338 149.439  15.585  80.381 150.179  14.910  83.101 149.273  17.050  80.057
 149.395  14.051  84.391 156.000  11.670  84.892 156.350  12.731  84.885 155.465
  13.902  85.451 157.687  13.000  85.357 156.042  14.906  85.945 158.219  14.254
  85.750 157.082  15.204  86.543 159.226  14.456  85.559 158.299  12.200  85.968
 153.231  12.243  86.739 154.292  12.100  79.623 150.651  15.967  78.372 150.013
  16.324  77.349 150.216  15.335  77.968 150.732  17.481  78.555 148.626  16.771
  84.332 149.804  16.800  85.766 149.512  16.785  86.733 150.453  16.368  86.371
 148.245  17.259  87.910 150.170  16.387  87.577 148.230  17.444  88.315 149.165
  17.066
  84.458 153.524  13.663  84.865 152.580  12.754  83.598 153.082  14.595  84.202
 151.402  12.895  82.844 151.880  14.824  83.183 150.910  13.804  82.071 151.292
  15.736  82.583 149.721  14.152  81.423 150.417  14.725  82.703 150.368  16.540
  83.115 149.093  15.246  80.100 149.925  14.899  82.717 148.904  16.619  79.579
 149.089  14.156  84.612 155.446  11.377  84.994 155.745  12.521  84.834 154.820
  13.653  85.508 157.037  12.774  85.038 155.562  14.782  85.668 157.696  14.040
  85.345 156.655  14.980  86.010 158.839  14.122  85.778 157.593  11.971  85.744
 152.787  11.689  86.873 153.346  11.890  79.496 150.408  16.030  78.228 150.087
  16.511  77.206 150.026  15.464  77.788 151.040  17.562  78.278 148.767  17.019
  84.020 149.337  16.629  85.384 148.951  16.836  86.440 149.530  16.007  85.832
 147.751  17.474  87.454 148.881  15.806  86.928 147.233  17.235  87.703 147.897
  16.459
  84.607 153.157  13.592  84.945 152.181  12.610  83.656 152.737  14.473  84.322
 151.027  12.799  82.914 151.477  14.672  83.251 150.511  13.669  82.132 150.906
  15.623  82.607 149.382  13.998  81.473 150.124  14.572  82.753 149.972  16.391
  83.134 148.741  15.107  80.105 149.671  14.613  82.863 148.603  16.469  79.646
 148.961  13.711  85.450 154.897  11.514  85.582 155.300  12.648  85.223 154.404
  13.731  86.029 156.673  12.887  85.381 155.090  14.854  86.173 157.237  14.169
  85.646 156.191  15.070  86.704 158.293  14.458  86.215 157.304  12.117  85.960
 152.343  11.767  87.010 151.635  11.839  79.383 150.094  15.655  78.035 149.734
  15.941  77.090 149.975  14.839  77.440 150.635  16.982  78.018 148.316  16.437
  84.148 149.141  16.361  85.540 148.993  16.421  86.402 149.777  15.675  86.149
 147.849  17.000  87.520 149.290  15.330  87.342 147.592  16.764  87.962 148.352
  15.991
  84.407 153.043  13.622  84.857 152.063  12.609  83.481 152.472  14.467  84.253
 150.860  12.730  82.748 151.196  14.617  83.262 150.251  13.619  82.122 150.467
  15.560  82.843 149.048  14.000  81.639 149.590  14.575  82.816 149.602  16.401
  83.495 148.523  15.065  80.367 149.022  14.512  83.264 148.257  16.445  80.116
 148.130  13.672  84.666 155.062  11.422  84.767 155.404  12.599  84.846 154.453
  13.661  84.887 156.806  12.953  85.244 155.038  14.783  85.363 157.313  14.196
  85.512 156.155  15.109  85.662 158.493  14.361  84.926 157.455  12.176  85.687
 152.315  11.619  86.981 152.276  11.797  79.484 149.803  15.221  78.039 149.757
  15.149  77.623 150.121  13.827  77.443 150.707  16.102  77.507 148.384  15.376
  84.318 149.161  16.293  85.702 149.466  16.628  86.495 150.327  15.829  86.432
 148.814  17.659  87.745 150.328  15.959  87.674 148.878  17.648  88.127 149.876
  17.070
  84.610 153.588  13.374  85.248 152.581  12.495  83.605 153.076  14.125  84.630
 151.429  12.480  82.989 151.827  14.165  83.581 150.879  13.242  82.214 151.124
  15.016  83.221 149.626  13.651  81.965 150.094  14.059  82.862 150.338  15.959
  83.711 149.144  14.867  80.750 149.332  14.057  83.303 148.997  16.241  80.556
 148.317  13.371  84.759 155.682  11.353  85.015 155.962  12.460  84.983 154.955
  13.487  85.464 157.284  12.782  85.293 155.519  14.630  85.829 157.831  14.130
  85.674 156.597  14.950  86.189 158.966  14.409  85.700 157.883  12.000  86.410
 152.745  11.779  87.513 153.196  12.331  79.812 150.032  14.783  78.478 149.480
  14.938  77.717 149.600  13.740  77.883 150.197  16.073  78.431 148.146  15.502
  84.397 149.786  16.085  85.746 149.921  16.573  86.872 150.066  15.693  86.208
 149.443  17.818  88.060 149.792  16.041  87.394 149.158  18.060  88.271 149.520
  17.232
  84.727 153.953  13.677  85.339 153.020  12.800  83.741 153.364  14.468  84.904
 151.761  12.995  83.235 152.004  14.623  83.899 151.121  13.762  82.434 151.236
  15.410  83.513 149.862  14.074  82.243 150.232  14.409  83.148 150.564  16.383
  83.932 149.363  15.267  81.078 149.426  14.241  83.487 149.194  16.593  81.127
 148.390  13.645  85.045 155.929  11.384  85.238 156.257  12.541  84.962 155.375
  13.707  85.684 157.633  12.787  85.098 156.159  14.776  85.766 158.325  14.046
  85.410 157.286  15.061  86.113 159.507  14.150  85.897 158.195  11.972  86.302
 153.307  11.919  87.370 153.930  12.320  80.048 149.892  15.086  78.764 149.201
  15.196  78.010 149.518  13.983  78.068 149.788  16.344  78.932 147.739  15.397
  84.673 149.781  16.574  86.086 149.681  16.862  86.927 150.822  16.818  86.661
 148.623  17.539  88.081 150.755  17.187  87.861 148.606  17.847  88.465 149.718
  17.811
  84.756 153.597  13.404  85.360 152.621  12.558  83.735 153.041  14.140  84.769
 151.370  12.587  83.107 151.745  14.195  83.668 150.755  13.262  82.312 150.967
  15.022  83.213 149.455  13.680  81.904 150.050  14.057  82.949 150.275  15.975
  83.776 148.989  14.863  80.717 149.308  14.197  83.434 148.989  16.264  80.748
 148.182  14.039  84.445 155.669  11.445  84.903 155.979  12.488  85.148 154.980
  13.524  85.092 157.426  12.799  85.426 155.623  14.606  85.558 157.936  14.044
  85.647 156.751  14.932  85.847 159.097  14.241  84.941 158.128  12.084  86.500
 152.820  11.786  87.407 153.764  12.119  79.722 149.971  14.809  78.444 149.395
  15.230  77.764 148.826  14.091  77.586 150.460  15.758  78.591 148.266  16.201
  84.495 149.833  16.078  85.790 150.193  16.591  86.751 150.951  15.880  86.277
 149.768  17.920  87.930 150.992  16.288  87.478 149.845  18.185  88.185 150.515
  17.451
  84.546 154.103  13.655  85.237 153.123  12.875  83.542 153.561  14.400  84.638
 151.922  12.882  83.009 152.186  14.496  83.618 151.284  13.599  82.339 151.460
  15.464  83.194 150.025  13.888  82.000 150.466  14.486  83.025 150.511  16.236
  83.764 149.486  15.020  80.837 149.796  14.324  83.429 149.153  16.364  80.738
 148.796  13.561  85.296 155.753  11.432  85.346 156.270  12.543  84.874 155.461
  13.732  85.782 157.589  12.768  85.068 156.216  14.809  85.948 158.298  14.057
  85.518 157.274  15.004  86.227 159.493  14.237  86.055 158.097  11.935  86.269
 153.379  12.038  87.523 153.252  12.398  79.861 150.176  15.203  78.605 149.526
  15.177  77.897 149.614  13.839  77.724 150.163  16.204  78.633 148.193  15.759
  84.516 149.902  16.378  85.859 150.122  16.726  86.708 151.292  16.483  86.587
 148.963  17.122  87.942 151.176  16.717  87.833 149.018  17.223  88.457 150.089
  17.026
  84.762 153.344  13.168  85.350 152.429  12.244  83.824 152.835  13.987  84.826
 151.223  12.430  83.134 151.566  14.056  83.725 150.603  13.143  82.399 150.852
  14.979  83.289 149.358  13.468  82.021 149.851  13.994  83.110 150.098  15.891
  83.795 148.871  14.670  80.762 149.153  14.032  83.615 148.752  16.098  80.653
 147.993  13.617  84.980 155.399  10.991  85.329 155.664  12.104  85.129 154.729
  13.208  85.776 156.995  12.338  85.351 155.433  14.282  86.057 157.571  13.625
  85.672 156.512  14.552  86.395 158.717  13.724  85.795 157.687  11.598  86.454
 152.712  11.356  87.642 153.285  11.823  79.855 149.925  14.687  78.517 149.500
  15.063  77.850 149.074  13.772  77.759 150.628  15.740  78.743 148.395  15.952
  84.616 149.549  15.833  85.840 150.022  16.387  86.454 151.354  16.182  86.763
 149.184  17.215  87.624 151.591  16.424  87.909 149.569  17.431  88.269 150.712
  17.098
  85.122 153.813  13.185  85.696 152.899  12.297  84.012 153.282  13.774  85.069
 151.694  12.231  83.203 152.048  13.749  83.887 151.087  12.865  82.403 151.323
  14.548  83.448 149.854  13.178  82.137 150.341  13.539  83.004 150.526  15.506
  83.810 149.297  14.419  80.891 149.674  13.352  83.432 149.207  15.784  80.664
 148.724  12.624  85.757 156.002  11.287  85.842 156.243  12.461  85.544 155.181
  13.461  86.020 157.645  12.956  85.496 155.716  14.619  85.983 158.120  14.315
  85.701 156.800  15.017  86.331 159.198  14.762  86.253 158.341  12.257  86.711
 153.184  11.422  87.908 153.184  11.954  79.971 150.112  14.329  78.723 149.440
  14.583  77.884 149.696  13.450  78.234 149.967  15.839  78.882 148.019  14.745
  84.575 149.980  15.640  85.828 150.374  16.066  86.422 151.730  15.932  86.682
 149.394  16.694  87.501 151.884  16.412  87.703 149.774  17.206  88.101 150.928
  16.948
  84.887 154.414  13.571  85.540 153.542  12.645  83.867 153.802  14.160  85.126
 152.266  12.655  83.328 152.433  14.224  84.065 151.548  13.332  82.450 151.604
  14.962  83.653 150.258  13.512  82.325 150.714  13.844  83.073 150.694  15.799
  83.942 149.697  14.717  81.181 149.884  13.679  83.452 149.414  16.013  81.186
 148.981  12.940  85.135 156.560  11.367  85.371 156.796  12.528  85.205 155.810
  13.651  85.739 158.202  12.940  85.544 156.442  14.763  85.845 158.722  14.221
  85.804 157.541  15.109  86.152 159.843  14.432  85.670 158.875  12.185  86.552
 153.955  11.809  87.679 154.367  12.375  80.098 150.406  14.336  78.851 149.820
  14.411  78.298 149.363  13.129  77.925 150.838  14.979  78.926 148.721  15.378
  84.524 150.223  16.174  85.928 150.267  16.501  86.710 151.463  16.652  86.847
 149.148  16.513  87.889 151.418  16.773  88.024 149.188  16.645  88.440 150.341
  17.021
  85.203 154.046  13.257  85.737 153.027  12.455  84.108 153.574  13.945  85.110
 151.772  12.526  83.362 152.357  14.148  83.946 151.249  13.288  82.614 151.651
  15.062  83.418 150.046  13.629  82.211 150.617  14.162  83.342 150.920  15.981
  83.908 149.628  14.840  81.103 149.733  14.279  83.646 149.596  16.236  81.026
 148.656  13.651  85.396 155.996  11.052  85.657 156.406  12.180  85.618 155.437
  13.292  85.955 157.801  12.375  85.855 156.119  14.379  86.211 158.376  13.661
  86.094 157.237  14.615  86.564 159.539  13.945  85.900 158.440  11.591  86.839
 153.236  11.641  87.954 153.472  12.264  80.183 150.302  15.093  78.969 149.640
  15.209  78.226 149.501  13.912  78.163 150.503  16.072  79.134 148.359  15.868
  84.763 150.390  16.050  86.143 150.587  16.285  86.917 151.734  15.799  87.032
 149.587  16.903  88.121 151.856  16.074  88.223 149.760  16.928  88.659 150.918
  16.680
  85.172 154.104  13.614  85.826 153.031  12.950  83.981 153.662  14.130  85.079
 151.873  12.857  83.168 152.437  14.169  83.870 151.387  13.415  82.259 151.887
  15.072  83.463 150.230  14.075  82.140 150.737  14.280  82.967 151.387  16.204
  83.881 150.048  15.369  80.985 149.965  13.945  83.457 150.171  16.754  81.118
 149.005  13.166  86.194 155.861  11.551  86.169 156.271  12.727  85.752 155.362
  13.854  86.356 157.655  13.007  85.750 156.146  14.918  86.294 158.283  14.239
  85.952 157.246  15.165  86.337 159.431  14.466  86.458 158.247  12.192  87.009
 153.053  12.444  88.090 153.567  13.065  79.758 150.579  14.276  78.528 149.866
  14.025  78.340 149.396  12.657  77.336 150.702  14.234  78.369 148.711  14.898
  84.525 150.973  16.475  85.940 151.189  16.758  86.827 151.968  15.941  86.676
 150.520  17.746  88.016 152.146  16.181  87.906 150.661  17.841  88.511 151.453
  17.083
  84.808 154.152  13.785  85.629 153.194  13.099  83.688 153.602  14.323  85.038
 151.955  13.074  83.052 152.306  14.346  83.969 151.384  13.689  82.298 151.531
  15.166  83.581 150.109  14.069  82.282 150.472  14.288  82.959 151.034  16.278
  84.063 149.838  15.372  81.136 149.557  14.202  83.622 149.862  16.762  81.147
 148.546  13.550  85.238 155.993  11.551  85.473 156.352  12.688  85.029 155.527
  13.868  86.040 157.750  12.960  85.446 156.242  14.970  86.219 158.410  14.283
  85.886 157.305  15.261  86.427 159.595  14.328  86.387 158.284  12.172  86.815
 153.507  12.509  87.816 153.621  13.395  80.081 150.107  14.846  78.782 149.456
  14.783  78.363 149.280  13.355  77.801 150.383  15.268  78.660 148.170  15.527
  84.598 150.744  16.487  85.875 151.282  16.954  86.354 152.624  16.556  87.005
 150.526  17.618  87.499 152.975  16.741  88.136 151.066  17.710  88.217 152.264
  17.494
  84.578 154.632  13.509  85.252 153.677  12.628  83.623 153.979  14.244  84.782
 152.379  12.738  83.106 152.690  14.327  83.746 151.755  13.451  82.232 151.993
  15.077  83.311 150.512  13.753  82.046 151.003  14.131  82.883 151.306  16.056
  83.906 150.066  14.984  80.836 150.306  14.093  83.423 150.034  16.363  80.559
 149.351  13.397  84.904 156.654  11.339  85.153 156.952  12.461  84.970 155.989
  13.613  85.640 158.278  12.807  85.332 156.571  14.690  85.947 158.778  14.125
  85.743 157.672  15.022  86.321 159.920  14.327  85.603 158.994  12.092  86.179
 154.086  11.692  87.356 154.176  12.237  79.838 150.952  14.880  78.492 150.427
  15.092  77.725 150.251  13.865  77.862 151.495  15.944  78.495 149.145  15.785
  84.514 150.798  16.258  85.891 151.005  16.849  86.576 152.277  17.058  86.714
 149.854  17.352  87.694 152.259  17.549  87.844 150.086  17.855  88.323 151.213
  17.696
  84.434 154.425  13.737  85.025 153.449  12.869  83.431 153.849  14.451  84.459
 152.133  12.973  82.813 152.565  14.616  83.392 151.532  13.723  81.991 151.881
  15.470  82.878 150.330  14.107  81.693 150.883  14.535  82.657 151.178  16.469
  83.426 149.888  15.256  80.455 150.271  14.326  83.072 149.815  16.685  80.276
 149.199  13.704  85.040 156.156  11.518  85.102 156.609  12.648  84.798 155.771
  13.782  85.445 158.029  12.915  85.196 156.405  14.885  85.756 158.527  14.208
  85.588 157.470  15.164  86.127 159.665  14.399  85.401 158.666  12.129  86.087
 153.667  11.976  87.121 154.349  12.385  79.455 150.763  15.097  78.183 150.127
  15.294  77.344 150.095  14.097  77.439 151.011  16.113  78.174 148.862  16.113
  84.208 150.616  16.573  85.606 150.959  16.839  86.368 151.928  16.091  86.319
 150.277  17.858  87.562 152.071  16.340  87.521 150.484  17.912  88.064 151.374
  17.255
  84.349 154.508  13.790  84.877 153.512  12.878  83.336 153.946  14.535  84.245
 152.286  12.915  82.686 152.600  14.577  83.228 151.637  13.640  81.868 151.850
  15.387  82.865 150.398  13.984  81.585 150.786  14.409  82.629 151.217  16.357
  83.424 149.964  15.193  80.451 150.005  14.545  83.194 149.879  16.602  80.414
 148.876  14.089  85.166 156.360  11.633  85.176 156.737  12.815  84.851 155.840
  13.915  85.609 158.059  13.135  85.209 156.448  15.052  85.894 158.579  14.412
  85.675 157.472  15.350  86.434 159.628  14.579  86.050 158.677  12.464  85.965
 153.741  12.064  87.212 153.666  12.553  79.334 150.723  15.016  77.995 150.203
  15.298  77.272 149.899  14.084  77.160 151.281  15.936  78.033 148.941  16.068
  84.151 150.836  16.556  85.502 151.136  16.613  86.041 152.417  16.308  86.508
 150.273  17.200  87.232 152.665  16.365  87.691 150.581  17.099  87.979 151.809
  16.869
  84.183 154.533  13.419  84.903 153.496  12.684  83.086 154.039  14.022  84.274
 152.308  12.743  82.384 152.774  14.051  83.044 151.812  13.273  81.617 152.114
  15.000  82.588 150.613  13.687  81.343 151.056  14.101  82.339 151.506  15.968
  83.239 150.223  14.882  80.132 150.299  13.965  82.887 150.191  16.227  79.941
 149.477  13.087  85.033 156.396  11.321  85.020 156.797  12.452  84.537 155.910
  13.560  85.457 158.152  12.669  84.923 156.562  14.640  85.727 158.682  14.046
  85.322 157.596  14.983  86.193 159.767  14.255  85.599 158.798  11.901  86.130
 153.674  12.034  87.254 153.919  12.725  79.153 150.834  14.729  77.877 150.116
  14.903  77.011 150.049  13.634  77.166 150.697  15.979  78.125 148.723  15.373
  83.862 151.091  16.023  85.224 151.544  16.271  85.737 152.914  16.182  86.382
 150.634  16.498  86.917 153.187  16.088  87.529 151.054  16.397  87.723 152.213
  16.038
  84.941 154.442  13.373  85.631 153.483  12.593  83.853 153.934  13.883  84.963
 152.305  12.429  83.139 152.674  13.917  83.827 151.718  13.002  82.236 151.986
  14.660  83.341 150.515  13.406  82.057 150.981  13.662  82.840 151.307  15.694
  83.789 150.078  14.633  80.882 150.281  13.437  83.329 150.045  16.038  80.778
 149.343  12.665  86.195 156.440  11.455  85.921 156.718  12.569  85.347 155.824
  13.543  86.192 158.137  13.010  85.035 156.485  14.582  85.660 158.725  14.239
  85.054 157.620  14.979  86.016 159.821  14.653  86.764 158.639  12.342  86.809
 153.693  12.003  87.792 153.110  12.533  79.882 150.904  14.155  78.610 150.158
  14.368  77.822 150.062  13.150  77.753 150.936  15.264  78.874 148.888  14.948
  84.421 150.754  15.841  85.715 151.046  16.311  86.092 152.337  16.796  86.862
 150.178  16.147  87.260 152.661  16.903  87.995 150.629  16.275  88.145 151.804
  16.629
  85.079 154.246  13.688  85.809 153.419  12.826  84.039 153.609  14.268  85.440
 152.127  12.793  83.607 152.275  14.324  84.442 151.416  13.494  82.869 151.444
  15.107  84.099 150.182  13.653  82.790 150.555  14.010  83.484 150.574  16.025
  84.503 149.607  14.770  81.636 149.825  13.607  84.042 149.224  16.082  81.577
 148.986  12.761  85.141 156.452  11.707  85.403 156.674  12.926  85.339 155.594
  13.916  85.716 158.076  13.423  85.499 156.161  15.091  85.786 158.500  14.760
  85.743 157.226  15.527  86.086 159.628  15.077  85.961 158.706  12.668  86.956
 153.884  12.156  88.035 153.183  12.291  80.559 150.154  14.410  79.292 149.483
  14.411  78.656 149.703  13.113  78.400 150.009  15.419  79.317 148.052  14.544
  85.060 150.093  16.213  86.059 150.622  17.011  86.435 152.030  17.042  87.211
 149.824  17.443  87.598 152.366  17.157  88.315 150.317  17.626  88.459 151.531
  17.444
  84.365 154.209  13.664  85.180 153.414  12.888  83.358 153.503  14.300  84.875
 152.107  12.894  83.105 152.061  14.494  83.950 151.270  13.589  82.566 151.219
  15.383  83.744 149.979  13.835  82.422 150.216  14.352  83.436 150.561  16.201
  84.338 149.456  14.979  81.274 149.701  13.748  84.026 149.336  16.367  81.333
 148.725  12.977  84.558 156.350  11.627  84.694 156.634  12.829  84.599 155.590
  13.802  84.990 158.013  13.274  84.864 156.228  14.962  85.238 158.529  14.582
  85.135 157.295  15.312  85.617 159.661  14.829  84.977 158.725  12.554  86.246
 153.899  12.200  87.257 153.138  11.769  80.106 150.284  14.263  78.763 149.935
  13.766  78.596 149.888  12.340  77.874 150.907  14.377  78.402 148.625  14.382
  85.031 150.272  16.287  86.453 150.530  16.449  87.008 151.857  16.403  87.488
 149.546  16.936  88.144 152.034  16.847  88.604 149.918  17.224  88.875 151.122
  17.239
  84.504 154.651  13.667  85.414 153.878  12.798  83.481 153.888  14.087  84.983
 152.626  12.515  82.975 152.509  13.735  83.882 151.769  12.907  82.193 151.591
  14.418  83.717 150.427  13.169  82.361 150.594  13.336  82.794 150.955  15.433
  83.988 150.004  14.454  81.432 149.603  13.072  83.400 149.754  15.694  81.614
 148.779  12.133  84.950 156.834  11.743  84.962 157.089  12.938  84.702 156.014
  13.934  85.321 158.416  13.370  84.936 156.524  15.117  85.602 158.830  14.781
  85.274 157.560  15.561  86.102 159.904  15.136  85.170 159.112  12.649  86.527
 154.339  12.184  87.681 154.499  12.872  80.224 150.018  13.458  79.020 149.294
  13.250  78.678 149.169  11.853  77.953 150.087  13.898  78.987 148.008  13.991
  84.340 150.697  15.812  85.361 151.238  16.604  86.300 152.143  16.105  85.629
 150.758  17.888  87.267 152.456  16.772  86.693 151.091  18.465  87.333 152.084
  17.984
  84.598 154.713  13.489  85.530 153.847  12.863  83.439 154.084  13.745  85.088
 152.555  12.650  82.896 152.749  13.676  83.854 151.889  13.035  82.057 151.958
  14.475  83.499 150.604  13.399  82.125 150.872  13.543  82.615 151.322  15.552
  83.785 150.283  14.773  81.059 150.023  13.130  83.186 150.140  16.029  81.297
 148.944  12.623  85.115 156.523  11.470  85.103 156.957  12.564  84.787 156.085
  13.665  85.424 158.362  12.848  85.228 156.673  14.718  85.810 158.937  14.105
  85.585 157.816  15.017  86.194 160.118  14.273  85.427 158.983  12.048  86.815
 154.111  12.370  87.544 155.097  12.824  79.824 150.511  13.322  78.602 149.837
  13.192  78.536 149.395  11.752  77.494 150.751  13.408  78.488 148.762  14.138
  84.116 151.164  16.104  85.196 151.757  16.752  86.083 152.779  16.251  85.824
 151.129  17.890  87.215 152.998  16.723  86.916 151.411  18.333  87.587 152.274
  17.692
  84.447 154.647  13.700  85.239 153.758  12.971  83.321 154.036  14.124  84.724
 152.518  12.784  82.726 152.743  14.032  83.574 151.810  13.258  81.851 151.946
  14.703  83.163 150.565  13.445  81.831 151.064  13.622  82.452 151.245  15.730
  83.436 150.071  14.702  80.705 150.373  13.187  82.911 149.989  16.006  80.769
 149.394  12.454  85.056 156.700  11.625  85.103 156.948  12.803  84.683 156.011
  13.857  85.643 158.266  13.290  85.087 156.467  15.012  85.914 158.695  14.620
  85.506 157.494  15.375  86.300 159.766  15.059  86.065 158.892  12.615  86.473
 154.086  12.450  87.440 154.127  13.398  79.512 151.062  13.503  78.140 150.634
  13.089  78.059 150.588  11.641  77.355 151.729  13.720  77.872 149.313  13.751
  83.952 150.851  16.017  85.241 151.229  16.495  85.952 152.399  15.984  85.767
 150.901  17.747  87.025 152.775  16.379  86.868 151.372  18.154  87.328 152.403
  17.552
  84.580 154.636  13.531  85.299 153.709  12.722  83.495 154.027  14.057  84.755
 152.491  12.565  82.861 152.724  13.952  83.621 151.827  13.083  81.977 151.955
  14.658  83.141 150.543  13.350  81.836 151.060  13.508  82.497 151.117  15.625
  83.417 149.973  14.600  80.672 150.323  13.114  82.844 149.792  15.918  80.735
 149.553  12.254  85.594 156.551  11.592  85.396 156.913  12.759  84.816 155.982
  13.692  85.801 158.258  13.225  84.777 156.643  14.874  85.807 158.817  14.522
  85.198 157.664  15.273  86.131 159.959  14.790  86.231 158.789  12.476  86.494
 153.993  12.237  87.495 154.421  13.005  79.663 150.674  13.954  78.441 149.953
  14.042  77.664 149.883  12.842  77.627 150.578  15.111  78.576 148.514  14.374
  83.912 150.580  15.944  85.192 150.836  16.574  86.058 151.985  16.396  85.787
 149.893  17.521  87.094 152.127  17.095  86.832 150.139  18.095  87.425 151.189
  17.865
  84.573 154.507  13.345  85.332 153.416  12.871  83.380 154.038  13.849  84.733
 152.207  12.991  82.637 152.766  14.033  83.451 151.688  13.522  81.727 152.254
  14.836  82.954 150.532  14.059  81.634 151.116  14.035  82.193 151.825  16.065
  83.154 150.346  15.432  80.490 150.383  13.617  82.643 150.659  16.731  80.568
 149.276  13.225  85.876 156.315  11.320  85.741 156.688  12.480  85.074 155.890
  13.514  86.345 157.947  12.823  85.215 156.582  14.621  86.410 158.544  14.138
  85.695 157.625  15.012  86.935 159.661  14.409  86.696 158.509  12.057  86.559
 153.582  12.293  87.622 153.921  13.034  79.372 151.150  13.812  78.074 150.652
  13.432  78.037 150.256  11.985  77.073 151.746  13.486  77.748 149.630  14.379
  83.719 151.439  16.510  85.055 151.807  16.948  85.868 152.933  16.482  85.860
 151.025  17.875  87.091 153.005  16.708  87.058 151.246  18.060  87.507 152.346
  17.659
  85.039 153.935  13.863  85.497 152.888  13.070  83.867 153.662  14.446  84.650
 151.785  13.072  82.919 152.557  14.484  83.318 151.414  13.618  82.014 152.019
  15.344  82.625 150.316  14.010  81.515 151.105  14.436  82.614 151.232  16.316
  83.104 149.829  15.252  80.166 150.750  14.278  82.909 149.931  16.660  79.796
 149.918  13.504  85.647 155.759  11.618  85.975 156.119  12.707  85.657 155.257
  13.921  86.384 157.474  12.972  85.845 155.911  14.980  86.678 158.077  14.247
  86.237 157.001  15.235  87.135 159.166  14.378  86.552 158.019  12.135  86.659
 152.887  12.313  87.860 152.821  12.871  79.393 151.608  15.026  78.000 151.419
  14.974  77.513 151.515  13.546  77.303 152.596  15.625  77.582 150.246  15.608
  84.057 150.524  16.455  85.295 151.011  16.952  86.441 151.274  16.119  85.351
 151.740  18.234  87.386 151.935  16.604  86.403 152.259  18.581  87.413 152.135
  17.859
  85.093 154.379  13.840  85.670 153.330  13.054  84.034 154.022  14.487  84.887
 152.250  13.022  83.157 152.919  14.507  83.641 151.808  13.665  82.229 152.318
  15.346  82.967 150.664  14.068  81.801 151.335  14.416  82.808 151.616  16.402
  83.438 150.220  15.290  80.611 150.534  14.584  83.147 150.247  16.686  80.353
 149.685  13.741  85.662 156.129  11.631  85.934 156.475  12.781  85.677 155.612
  13.901  86.434 157.835  13.112  85.870 156.326  15.031  86.664 158.443  14.335
  86.259 157.403  15.294  87.025 159.579  14.527  86.639 158.406  12.300  86.916
 153.461  12.512  88.004 153.670  13.190  79.725 151.190  15.407  78.411 150.555
  15.518  77.775 150.812  14.286  77.602 151.283  16.541  78.488 149.124  15.958
  84.253 151.009  16.514  85.446 151.342  17.092  86.679 151.485  16.425  85.566
 151.556  18.503  87.730 151.614  17.079  86.682 151.820  18.982  87.683 151.616
  18.304
  84.492 154.913  13.990  85.191 153.928  13.231  83.312 154.466  14.406  84.582
 152.784  13.107  82.614 153.192  14.357  83.429 152.219  13.635  81.827 152.438
  15.134  83.029 150.974  14.009  81.669 151.376  14.211  82.472 151.848  16.191
  83.453 150.544  15.230  80.617 150.375  14.227  82.924 150.582  16.516  80.613
 149.347  13.552  85.251 156.833  11.960  85.495 157.062  13.161  84.983 156.174
  14.156  86.113 158.330  13.541  85.384 156.626  15.317  86.428 158.716  14.884
  85.898 157.595  15.763  86.861 159.845  15.195  86.391 158.995  12.829  86.443
 154.158  12.741  87.445 153.746  13.464  79.591 150.866  15.011  78.332 150.157
  15.205  77.801 149.678  13.917  77.375 151.044  15.814  78.651 149.024  16.182
  83.845 151.463  16.524  84.988 151.942  17.302  86.034 152.708  16.668  85.433
 151.341  18.508  87.173 152.653  17.146  86.552 151.501  18.920  87.317 152.211
  18.287
  84.414 154.601  14.209  85.103 153.619  13.455  83.288 154.067  14.797  84.616
 152.340  13.521  82.648 152.784  14.830  83.421 151.781  14.108  81.831 152.057
  15.689  82.953 150.584  14.501  81.603 150.993  14.810  82.416 151.391  16.788
  83.371 150.173  15.799  80.588 150.088  14.757  82.970 150.127  17.169  80.635
 149.123  13.986  85.036 156.268  11.764  85.162 156.709  12.905  84.764 155.926
  14.099  85.425 158.164  13.073  85.064 156.706  15.081  85.674 158.892  14.285
  85.463 157.815  15.270  85.796 160.114  14.446  85.552 158.693  12.218  86.286
 153.785  12.808  87.366 153.683  13.492  79.515 150.475  15.526  78.232 149.853
  15.331  77.853 149.950  13.907  77.392 150.672  16.126  78.186 148.507  15.846
  83.950 151.037  17.132  85.178 151.479  17.584  85.956 152.636  17.115  85.880
 150.832  18.693  87.128 152.761  17.483  87.057 151.039  18.903  87.530 152.058
  18.409
  84.366 154.594  14.292  85.176 153.563  13.748  83.274 154.147  14.966  84.610
 152.352  13.854  82.660 152.859  15.086  83.429 151.823  14.490  81.724 152.282
  15.916  82.871 150.675  14.887  81.577 151.216  14.949  82.180 151.622  17.042
  83.041 150.174  16.136  80.390 150.490  14.637  82.472 150.260  17.459  80.435
 149.519  13.924  84.945 156.413  12.060  85.173 156.786  13.150  84.793 155.987
  14.332  85.771 158.082  13.448  85.173 156.597  15.439  86.165 158.577  14.679
  85.762 157.585  15.693  86.615 159.696  14.804  86.030 158.647  12.648  86.452
 153.741  13.257  87.394 154.269  14.042  79.284 151.184  15.150  77.914 150.581
  15.091  77.578 150.295  13.646  77.058 151.550  15.728  77.962 149.383  15.896
  83.591 150.941  17.468  84.848 151.208  18.069  86.026 151.705  17.447  85.079
 151.058  19.503  87.069 151.916  18.007  86.225 151.215  19.995  87.160 151.487
  19.197
  84.596 154.748  14.247  85.372 153.738  13.598  83.496 154.208  14.802  84.856
 152.507  13.707  82.852 152.968  14.917  83.614 151.959  14.201  81.933 152.256
  15.663  83.094 150.743  14.425  81.786 151.293  14.624  82.409 151.472  16.692
  83.401 150.251  15.663  80.616 150.634  14.270  82.817 150.148  16.960  80.629
 149.728  13.477  85.201 156.663  12.048  85.315 157.022  13.209  84.930 156.128
  14.333  85.757 158.344  13.581  85.018 156.842  15.406  85.914 158.912  14.916
  85.356 157.903  15.764  86.342 159.987  15.215  85.875 158.956  12.782  86.543
 154.011  13.003  87.720 153.747  13.562  79.534 151.285  14.780  78.157 150.906
  14.312  78.042 151.006  12.852  77.225 151.749  14.972  77.916 149.473  14.628
  83.809 150.969  17.156  84.947 151.366  17.892  86.141 151.873  17.402  85.101
 151.044  19.342  87.147 152.097  18.083  86.197 151.212  19.897  87.076 151.907
  19.332
  84.573 154.502  14.226  85.481 153.551  13.713  83.398 153.910  14.589  84.953
 152.295  13.637  82.771 152.612  14.521  83.750 151.611  14.064  81.803 151.852
  15.150  83.277 150.365  14.460  81.913 150.731  14.292  82.093 151.248  16.400
  83.460 150.123  15.798  80.874 149.936  13.901  82.669 150.030  16.963  81.035
 148.830  13.531  84.680 156.443  12.235  85.059 156.789  13.355  84.854 155.828
  14.450  85.875 157.995  13.542  85.606 156.323  15.452  86.545 158.428  14.729
  86.280 157.257  15.687  87.153 159.506  14.791  86.024 158.568  12.719  86.734
 153.930  13.280  87.644 153.063  13.111  79.664 150.524  13.961  78.494 149.816
  13.541  78.587 149.629  12.092  77.266 150.702  13.648  78.186 148.567  14.244
  83.619 150.905  17.136  84.742 151.257  17.961  86.107 151.412  17.375  84.785
 151.305  19.388  87.024 151.720  18.174  85.837 151.480  20.010  86.915 151.467
  19.375
  84.489 154.369  14.150  85.320 153.523  13.359  83.422 153.735  14.635  84.863
 152.232  13.252  82.882 152.435  14.554  83.678 151.614  13.734  81.993 151.712
  15.221  83.320 150.289  14.055  81.983 150.670  14.319  82.504 150.992  16.292
  83.582 149.839  15.342  80.797 150.190  13.700  82.995 149.706  16.670  80.865
 149.341  12.846  84.679 156.388  11.917  84.940 156.686  13.105  84.722 155.745
  14.251  85.346 158.029  13.413  84.937 156.447  15.327  85.645 158.576  14.696
  85.305 157.528  15.624  85.880 159.747  14.925  85.507 158.641  12.622  86.542
 153.927  12.761  87.501 153.039  12.534  79.711 150.514  14.426  78.379 149.897
  14.202  77.977 150.001  12.701  77.376 150.559  15.053  78.357 148.507  14.568
  84.029 150.549  16.812  85.066 150.810  17.714  86.293 151.224  17.147  84.924
 151.049  19.064  87.191 151.499  17.976  85.924 151.334  19.715  86.934 151.803
  19.130
  84.362 154.453  13.752  85.096 153.461  13.014  83.319 153.862  14.449  84.583
 152.194  13.055  82.681 152.582  14.500  83.482 151.585  13.823  81.910 151.846
  15.361  83.136 150.328  14.307  81.792 150.668  14.494  82.545 151.267  16.477
  83.529 150.009  15.605  80.638 150.047  14.090  83.179 150.064  16.921  80.678
 149.086  13.276  85.029 156.311  11.548  85.111 156.673  12.678  84.747 155.808
  13.845  85.499 158.036  13.024  84.871 156.487  14.970  85.632 158.684  14.363
  85.227 157.616  15.318  85.826 159.801  14.648  85.697 158.608  12.212  86.189
 153.844  12.302  87.168 153.015  12.067  79.515 150.543  14.773  78.188 149.985
  14.552  77.858 149.934  13.098  77.333 150.953  15.244  78.096 148.712  15.325
  84.106 151.038  16.790  85.389 151.403  17.227  86.548 151.004  16.550  85.665
 152.053  18.539  87.664 150.988  17.111  86.856 152.000  18.941  87.717 151.330
  18.340
  85.026 154.414  13.832  85.712 153.328  13.221  83.763 154.177  14.155  84.962
 152.227  13.221  82.923 152.995  14.125  83.570 151.872  13.457  82.027 152.399
  14.922  83.089 150.741  14.033  81.769 151.303  14.049  82.429 151.845  16.097
  83.350 150.415  15.330  80.568 150.577  13.757  82.749 150.564  16.662  80.646
 149.511  13.186  85.669 156.498  11.853  85.756 156.725  13.047  85.607 155.709
  14.074  85.854 158.151  13.451  85.510 156.360  15.232  85.662 158.672  14.797
  85.506 157.464  15.569  85.779 159.863  14.957  85.920 158.907  12.780  87.002
 153.452  12.804  87.384 152.595  11.886  79.360 151.146  14.255  78.088 150.468
  14.364  77.712 149.986  13.045  77.062 151.366  14.844  78.096 149.238  15.243
  83.797 151.404  16.645  85.082 151.575  17.247  86.370 151.420  16.568  85.315
 151.511  18.657  87.425 151.209  17.143  86.441 151.461  19.174  87.434 151.452
  18.390
  84.336 154.563  13.864  85.243 153.633  13.262  83.197 153.985  14.313  84.850
 152.360  13.276  82.726 152.604  14.398  83.656 151.640  13.820  81.809 151.852
  15.119  83.273 150.405  14.192  81.903 150.801  14.186  82.288 151.231  16.323
  83.539 150.046  15.516  80.824 149.932  13.843  82.851 149.974  16.774  81.007
 148.922  13.197  84.875 156.239  11.572  84.979 156.690  12.674  84.531 155.981
  13.886  85.589 158.007  12.750  85.016 156.695  14.823  85.989 158.707  13.982
  85.500 157.759  15.023  86.795 159.629  14.143  85.993 158.320  11.875  86.476
 154.025  12.787  87.069 153.437  11.779  79.618 150.507  14.204  78.411 149.746
  14.068  78.248 149.440  12.688  77.214 150.537  14.523  78.464 148.535  14.811
  83.716 150.998  16.921  84.669 151.629  17.713  85.878 152.204  17.096  84.800
 151.599  19.156  86.908 152.300  17.736  85.849 151.827  19.677  86.848 152.089
  18.972
  84.479 154.046  13.718  85.265 153.106  13.027  83.384 153.513  14.219  84.755
 151.848  13.025  82.806 152.248  14.352  83.538 151.275  13.565  81.961 151.526
  15.111  83.175 149.992  13.915  81.886 150.459  14.204  82.547 150.822  16.166
  83.589 149.582  15.189  80.708 149.874  13.680  83.041 149.521  16.498  80.672
 148.997  12.910  85.578 155.880  11.559  85.415 156.299  12.681  84.876 155.393
  13.833  85.859 157.685  13.018  84.946 156.090  14.892  85.827 158.209  14.345
  85.298 157.157  15.210  86.312 159.248  14.695  86.207 158.256  12.256  86.524
 153.480  12.564  87.235 152.806  11.673  79.633 150.297  14.414  78.323 149.682
  14.353  77.784 149.684  12.961  77.405 150.395  15.144  78.415 148.361  14.873
  84.008 150.457  16.548  85.104 151.064  17.292  86.160 151.746  16.657  85.301
 150.964  18.718  87.141 152.163  17.316  86.296 151.439  19.211  87.318 151.753
  18.474
  84.704 154.378  13.801  85.531 153.280  13.294  83.462 153.947  14.171  84.913
 152.086  13.364  82.712 152.682  14.205  83.626 151.607  13.689  81.691 152.056
  14.838  82.991 150.423  13.969  81.680 150.936  13.929  82.023 151.419  16.013
  83.127 150.016  15.275  80.552 150.167  13.641  82.390 150.044  16.495  80.554
 149.242  12.857  85.291 156.326  11.658  85.468 156.652  12.789  85.079 155.689
  13.814  85.836 158.019  13.120  85.163 156.389  14.956  85.999 158.556  14.479
  85.498 157.458  15.401  86.474 159.620  14.784  86.126 158.621  12.358  86.794
 153.514  12.808  87.688 152.575  12.951  79.443 150.591  14.393  78.208 149.920
  14.317  77.728 149.797  12.964  77.190 150.546  15.150  78.382 148.553  14.707
  83.479 150.824  16.657  84.612 151.028  17.371  85.467 152.137  16.980  85.126
 150.295  18.426  86.438 152.387  17.702  86.199 150.619  18.979  86.936 151.432
  18.366
  84.311 154.669  13.813  85.305 153.745  13.509  83.103 154.050  14.065  84.887
 152.441  13.566  82.561 152.745  14.057  83.566 151.801  13.763  81.552 152.081
  14.741  83.018 150.567  14.084  81.667 150.944  13.919  81.875 151.584  15.989
  83.083 150.315  15.402  80.635 150.010  13.710  82.319 150.326  16.581  80.894
 148.852  13.407  85.120 156.258  11.674  85.170 156.792  12.791  84.602 156.066
  13.913  85.806 158.126  13.008  84.964 156.731  15.005  86.059 158.731  14.273
  85.481 157.769  15.319  86.402 159.878  14.444  86.157 158.628  12.201  86.572
 154.232  13.462  87.557 153.382  13.672  79.484 150.575  14.105  78.232 149.925
  14.082  77.782 149.431  12.795  77.197 150.847  14.665  78.217 148.917  15.182
  83.278 151.206  16.689  84.394 151.575  17.544  85.733 151.334  17.232  84.253
 152.184  18.834  86.626 151.901  17.829  85.216 152.530  19.481  86.381 152.184
  19.065
  84.342 154.454  13.838  85.169 153.440  13.332  83.158 153.938  14.254  84.598
 152.194  13.370  82.589 152.621  14.455  83.368 151.594  13.865  81.702 151.990
  15.280  82.911 150.390  14.321  81.604 150.836  14.448  82.262 151.452  16.435
  83.258 150.066  15.603  80.393 150.111  14.147  82.802 150.232  16.940  80.506
 148.949  13.763  85.186 156.052  11.529  85.267 156.509  12.641  84.731 155.795
  13.824  85.699 157.867  12.898  84.975 156.522  14.898  85.856 158.556  14.118
  85.448 157.553  15.070  86.116 159.728  14.249  85.936 158.389  12.062  86.432
 153.680  12.921  86.790 153.308  11.664  79.337 150.742  14.696  78.105 150.022
  14.917  77.574 149.560  13.586  77.065 150.963  15.332  78.164 148.880  15.916
  83.867 151.136  16.857  84.886 151.720  17.565  86.141 152.184  16.928  84.940
 151.867  18.966  87.089 152.582  17.561  85.948 152.308  19.510  86.883 152.733
  18.801
  84.230 154.507  14.135  84.996 153.437  13.564  82.992 154.049  14.601  84.358
 152.213  13.581  82.301 152.724  14.692  83.106 151.674  14.106  81.412 152.083
  15.541  82.581 150.444  14.403  81.256 151.034  14.605  81.930 151.462  16.622
  82.878 150.055  15.650  80.092 150.481  14.108  82.345 150.122  16.993  80.104
 149.500  13.405  85.088 156.193  11.865  85.203 156.606  12.998  84.688 155.884
  14.157  85.795 157.927  13.163  84.899 156.658  15.224  86.063 158.602  14.445
  85.398 157.653  15.370  86.607 159.647  14.619  86.221 158.410  12.381  86.287
 153.601  13.088  86.867 152.505  12.549  78.973 150.983  14.747  77.631 150.275
  14.703  77.152 150.279  13.339  76.722 151.142  15.594  77.685 148.882  15.185
  83.453 150.866  16.911  84.750 151.269  17.372  85.860 151.676  16.535  85.176
 151.022  18.739  87.034 151.454  16.955  86.385 151.047  19.032  87.235 151.195
  18.138
  84.637 154.218  13.786  85.411 153.206  13.113  83.337 153.770  14.031  84.736
 152.043  13.007  82.667 152.504  13.961  83.427 151.441  13.286  81.786 151.831
  14.763  82.944 150.230  13.741  81.664 150.750  13.806  82.318 151.280  15.876
  83.194 149.869  15.032  80.534 149.877  13.785  82.609 149.987  16.358  80.710
 148.728  13.426  85.638 155.960  11.754  85.688 156.340  12.899  85.064 155.547
  13.964  86.202 157.670  13.214  85.212 156.197  15.138  86.169 158.283  14.536
  85.689 157.251  15.416  86.463 159.466  14.713  86.460 158.259  12.431  86.695
 153.418  12.702  87.641 152.579  13.072  79.559 150.385  14.581  78.523 149.581
  15.216  77.746 148.753  14.251  77.572 150.505  15.823  79.148 148.730  16.181
  83.764 150.656  16.289  84.888 151.150  17.005  85.799 152.140  16.468  85.283
 150.616  18.252  86.921 152.236  17.008  86.330 151.042  18.778  87.158 151.621
  18.044
  84.323 154.346  13.466  85.227 153.427  12.902  83.290 153.760  14.074  84.888
 152.116  13.090  82.866 152.396  14.340  83.743 151.456  13.695  82.006 151.731
  15.099  83.334 150.192  14.085  81.997 150.603  14.201  82.588 151.075  16.193
  83.595 149.839  15.392  80.849 149.852  13.783  82.988 149.815  16.673  80.991
 148.793  13.201  85.163 156.100  11.240  85.126 156.558  12.350  84.515 155.797
  13.463  85.661 157.874  12.662  84.603 156.526  14.514  85.649 158.567  13.889
  84.998 157.619  14.812  86.146 159.659  14.157  86.043 158.316  11.834  86.422
 153.785  12.368  87.085 153.057  11.499  79.673 150.296  14.336  78.426 149.531
  14.136  78.159 149.235  12.716  77.273 150.345  14.574  78.528 148.314  15.011
  84.052 150.643  16.640  85.248 151.184  17.289  86.492 151.563  16.642  85.401
 151.172  18.709  87.561 151.617  17.281  86.488 151.415  19.243  87.426 151.793
  18.485
