#Frame       SA_00001
       1     482.7307
       2     480.6153
       3     482.4487
       4     482.5271
       5     468.3345
       6     470.0723
       7     470.5733
       8     473.0823
       9     463.3809
      10     474.8066
      11     481.9572
      12     476.7536
      13     474.2634
      14     481.5026
      15     475.1344
      16     473.1635
      17     476.7246
      18     480.9466
      19     471.6087
      20     473.1082
      21     480.5349
      22     472.1406
      23     487.5486
      24     479.3515
      25     480.5138
      26     475.8823
      27     470.0765
      28     481.8547
      29     482.1370
      30     477.3434
      31     471.2195
      32     473.5112
      33     478.8996
      34     468.5123
      35     475.5457
      36     479.3935
      37     479.4476
      38     478.2604
      39     473.9364
      40     478.9947
      41     473.8528
      42     471.0144
      43     473.0409
      44     480.5247
      45     471.7621
      46     482.2510
      47     480.3379
      48     471.9037
      49     465.2064
      50     472.7408
