#Frame       SA_00001
       1   21101.4977
       2   22644.5472
       3   23870.7773
       4   24354.7423
       5   24163.4150
       6   23957.9702
       7   23728.1882
       8   23872.4536
       9   23862.9379
      10   23883.5592
      11   24047.8248
      12   24200.5394
      13   24116.8980
      14   23866.4615
      15   23997.3474
      16   24076.0109
      17   24277.4164
      18   24218.3539
      19   24228.1736
      20   24189.8383
      21   24729.6996
      22   24754.4288
      23   24432.6092
      24   24364.7487
      25   24291.1108
      26   24153.9328
      27   23968.2016
      28   24136.4833
      29   24083.7251
      30   24340.0299
      31   24404.3639
      32   24230.2391
      33   24530.0780
      34   24517.9345
      35   24121.8259
      36   24768.2343
      37   24835.8388
      38   24878.3599
      39   24900.3509
      40   25261.1118
      41   25359.0873
      42   25183.2407
      43   24887.2919
      44   25015.7746
      45   24917.9189
      46   24515.2781
      47   24452.8894
      48   24383.6091
      49   24487.8294
      50   24744.0020
