Cpptraj Generated trajectory                                                    
  83.983 154.667  13.920  84.542 153.417  14.236  82.656 154.594  13.996  83.745
 152.385  14.789  81.937 153.782  14.471  82.331 152.521  14.934  84.082 151.224
  15.408  81.908 151.401  15.612  82.862 150.584  15.057  84.012 151.244  16.777
  82.192 151.400  16.995  82.729 149.230  14.922  83.253 151.863  17.798  83.672
 148.531  14.534  84.325 156.141  11.424  84.710 156.686  12.449  84.747 155.859
  13.660  85.076 158.103  12.470  85.030 156.690  14.606  85.358 158.868  13.674
  85.281 157.820  14.731  85.659 160.068  13.755  85.045 158.647  11.616  85.859
 153.215  14.114  86.441 152.057  13.886  81.473 148.817  15.231  81.010 147.429
  14.932  81.086 147.201  13.458  79.643 147.284  15.398  81.838 146.446  15.647
  83.149 150.542  17.974  83.134 149.387  18.864  83.747 149.370  20.184  82.733
 148.049  18.544  83.796 148.330  20.878  82.804 147.085  19.241  83.435 147.247
  20.331
  84.023 154.545  14.226  84.482 153.339  14.780  82.711 154.479  14.074  83.606
 152.363  15.287  81.905 153.696  14.416  82.176 152.486  15.114  83.795 151.194
  15.929  81.611 151.307  15.628  82.783 150.539  15.293  83.406 151.146  17.232
  81.616 151.187  17.028  82.766 149.243  14.819  82.439 151.610  18.126  83.737
 148.493  14.962  84.387 155.695  11.606  84.866 156.261  12.567  84.885 155.600
  13.900  85.260 157.715  12.591  85.304 156.436  14.774  85.569 158.547  13.729
  85.588 157.577  14.846  85.895 159.724  13.565  85.207 158.190  11.697  85.888
 153.233  14.830  86.440 152.317  15.569  81.631 148.918  14.165  81.285 147.581
  13.695  82.224 147.193  12.709  80.015 147.705  13.072  81.288 146.574  14.837
  82.483 150.233  18.183  82.592 149.091  19.033  82.605 149.170  20.482  82.350
 147.802  18.590  82.775 148.170  21.142  82.413 146.825  19.379  82.393 147.069
  20.634
  83.701 154.390  14.217  84.146 153.297  14.990  82.460 154.177  13.856  83.252
 152.219  15.298  81.677 153.365  14.034  81.942 152.193  14.755  83.450 151.055
  16.014  81.379 150.998  15.117  82.638 150.329  15.146  82.718 150.992  17.143
  81.055 150.910  16.428  82.981 149.177  14.375  81.462 151.428  17.655  84.144
 148.771  14.331  84.027 155.674  11.685  84.494 156.204  12.646  84.377 155.581
  13.972  85.078 157.584  12.603  84.766 156.400  14.892  85.441 158.380  13.745
  85.212 157.497  14.907  85.793 159.552  13.693  85.129 157.950  11.659  85.448
 153.249  15.481  86.431 153.204  14.624  81.853 148.552  13.796  81.934 147.190
  13.259  82.901 147.123  12.139  80.600 146.790  12.794  82.320 146.357  14.368
  81.533 149.999  17.732  81.509 148.847  18.580  82.416 148.665  19.652  80.777
 147.701  18.296  82.753 147.517  19.970  81.104 146.617  18.716  82.034 146.576
  19.576
  83.954 154.548  14.273  84.468 153.436  14.943  82.661 154.314  14.002  83.643
 152.349  15.313  81.950 153.377  14.130  82.343 152.202  14.738  83.839 151.189
  15.991  81.818 151.032  15.218  83.039 150.355  15.287  83.207 151.048  17.201
  81.507 150.985  16.559  83.449 149.142  14.604  81.949 151.544  17.772  84.618
 148.940  14.355  84.747 156.031  11.752  84.972 156.478  12.827  84.576 155.813
  14.055  85.584 157.760  12.849  84.843 156.693  15.003  85.893 158.591  14.002
  85.370 157.731  15.097  86.233 159.762  14.073  85.741 158.209  11.954  85.824
 153.454  15.225  86.494 152.317  15.268  82.370 148.450  14.134  82.455 147.052
  13.898  83.555 146.573  13.071  81.180 146.581  13.418  82.559 146.378  15.113
  81.928 150.162  17.884  81.615 149.038  18.698  81.817 148.976  20.115  81.021
 147.810  18.210  81.394 148.029  20.736  80.694 146.892  18.977  81.158 146.963
  20.130
  84.224 154.299  14.554  84.606 153.139  15.362  83.059 154.161  14.167  83.623
 152.152  15.644  82.167 153.360  14.346  82.307 152.159  15.032  83.773 150.980
  16.357  81.643 151.088  15.554  82.887 150.272  15.525  83.103 150.867  17.525
  81.394 151.033  16.898  83.037 148.896  15.261  81.959 151.478  18.120  84.105
 148.379  15.363  84.679 155.483  11.863  85.072 156.059  12.890  85.026 155.397
  14.218  85.505 157.488  12.727  85.367 156.366  15.041  85.968 158.305  13.810
  85.779 157.464  15.018  86.307 159.496  13.804  85.566 157.895  11.801  85.921
 153.166  15.831  86.637 152.000  15.726  81.893 148.371  14.665  81.836 146.976
  14.396  82.765 146.555  13.352  80.545 146.732  13.822  82.006 146.132  15.624
  81.781 150.125  18.099  81.708 148.920  18.877  82.204 148.825  20.163  80.838
 147.710  18.596  81.885 147.935  20.976  80.724 146.872  19.434  81.077 147.093
  20.603
  83.825 154.320  14.612  84.234 153.136  15.306  82.576 154.134  14.179  83.263
 152.056  15.676  81.780 153.331  14.432  81.910 152.160  15.129  83.341 150.900
  16.416  81.304 151.025  15.474  82.500 150.259  15.504  82.519 150.898  17.568
  80.926 151.169  16.777  82.520 148.883  15.366  81.415 151.634  18.001  83.082
 148.154  16.191  84.471 155.492  11.925  84.825 156.048  12.910  84.718 155.405
  14.289  85.414 157.376  12.922  85.203 156.223  15.142  85.904 158.181  13.984
  85.707 157.309  15.149  86.351 159.318  13.864  85.150 157.945  12.127  85.584
 153.027  15.538  86.188 151.810  15.489  81.625 148.536  14.340  81.518 147.076
  14.043  82.758 146.609  13.318  80.337 146.952  13.187  81.101 146.446  15.324
  81.249 150.320  18.102  81.093 149.257  19.036  82.141 149.068  20.084  80.151
 148.149  18.999  81.955 148.245  20.968  80.182 147.299  19.949  81.104 147.338
  20.801
  83.610 154.546  14.870  83.838 153.354  15.575  82.347 154.554  14.440  82.822
 152.421  15.802  81.456 153.794  14.551  81.546 152.535  15.234  82.785 151.298
  16.423  80.708 151.504  15.584  81.887 150.715  15.512  82.057 151.312  17.635
  80.335 151.458  16.972  82.049 149.404  14.952  80.899 151.806  18.236  83.030
 148.662  15.201  84.617 155.421  12.426  84.969 156.115  13.371  84.539 155.625
  14.677  85.700 157.426  13.222  85.044 156.498  15.519  86.048 158.337  14.259
  85.564 157.580  15.493  86.612 159.424  14.096  85.846 157.738  12.270  85.145
 153.142  16.037  85.777 152.097  15.556  80.853 148.967  14.513  80.583 147.681
  13.982  81.507 147.481  12.834  79.138 147.510  13.722  80.935 146.730  15.037
  80.846 150.506  18.137  80.628 149.240  18.828  80.829 149.015  20.238  80.094
 148.110  18.161  80.764 147.801  20.640  79.963 147.040  18.723  80.044 147.009
  19.959
  83.646 154.298  14.517  84.008 153.066  15.169  82.390 154.363  14.300  83.026
 152.040  15.356  81.472 153.564  14.379  81.729 152.283  14.941  83.087 150.814
  15.972  80.980 151.193  15.207  82.100 150.309  15.033  82.389 150.666  17.163
  80.698 151.041  16.548  81.965 148.938  14.742  81.283 151.196  17.833  82.920
 148.172  14.979  84.763 155.397  11.932  84.928 155.942  13.026  84.490 155.400
  14.267  85.532 157.167  13.075  84.744 156.202  15.284  85.749 158.075  14.228
  85.266 157.233  15.366  86.371 159.102  14.115  85.963 157.402  12.189  85.366
 153.027  15.499  85.993 152.010  14.987  80.867 148.717  13.857  80.471 147.406
  13.340  81.545 146.571  12.873  79.437 147.644  12.301  79.804 146.620  14.410
  80.935 149.894  17.631  80.499 148.704  18.327  80.624 148.381  19.701  79.973
 147.642  17.541  80.161 147.317  20.125  79.502 146.619  18.036  79.521 146.594
  19.298
  83.880 153.857  14.583  84.053 152.711  15.371  82.620 153.824  14.140  83.001
 151.701  15.589  81.736 153.055  14.263  81.776 151.906  14.984  82.892 150.575
  16.312  80.894 150.950  15.389  81.919 150.027  15.360  82.168 150.565  17.478
  80.504 150.903  16.750  81.767 148.664  14.920  81.055 151.186  18.068  82.706
 147.927  14.804  84.815 154.941  12.124  85.068 155.592  13.120  84.812 154.916
  14.395  85.667 156.951  13.028  85.164 155.815  15.303  86.052 157.745  14.202
  85.564 156.891  15.283  86.623 158.795  14.227  85.821 157.453  12.161  85.325
 152.537  15.898  85.747 151.400  16.260  80.670 148.543  14.093  80.292 147.234
  13.587  81.214 146.739  12.554  79.192 147.454  12.743  79.944 146.169  14.609
  80.875 149.831  17.999  80.407 148.641  18.652  81.163 147.989  19.783  79.345
 147.798  18.188  80.748 146.930  20.282  79.081 146.727  18.746  79.764 146.373
  19.731
  83.901 154.112  14.636  84.137 152.940  15.398  82.644 154.186  14.252  83.107
 151.993  15.575  81.740 153.403  14.359  81.809 152.188  15.018  83.012 150.845
  16.355  81.078 151.070  15.375  82.176 150.232  15.372  82.195 150.913  17.519
  80.625 151.047  16.656  82.263 148.866  14.940  81.014 151.523  17.938  83.206
 148.104  15.084  84.948 155.044  12.002  85.038 155.716  13.010  84.758 155.153
  14.336  85.469 157.108  12.936  85.030 156.115  15.219  85.723 158.029  13.984
  85.441 157.220  15.206  86.175 159.150  13.824  85.733 157.547  12.063  85.367
 152.808  15.955  86.062 151.722  15.783  81.105 148.637  14.144  80.807 147.304
  13.638  81.842 146.780  12.766  79.558 147.475  12.823  80.434 146.437  14.747
  80.777 150.204  17.887  80.400 149.011  18.625  80.927 148.493  19.881  79.315
 148.244  18.132  80.404 147.484  20.437  78.965 147.221  18.758  79.453 146.933
  19.890
  84.446 154.499  14.828  84.571 153.294  15.518  83.211 154.555  14.263  83.418
 152.411  15.635  82.280 153.842  14.245  82.196 152.695  14.972  83.224 151.149
  16.233  81.411 151.548  14.944  82.566 150.714  14.993  82.173 151.069  17.186
  80.778 151.283  16.169  82.778 149.448  14.422  80.895 151.503  17.545  83.584
 148.587  14.852  85.537 155.248  12.391  85.665 156.028  13.314  85.334 155.563
  14.690  86.128 157.392  13.113  85.286 156.646  15.431  86.230 158.450  14.150
  85.653 157.773  15.357  86.684 159.573  14.058  86.447 157.614  12.177  85.742
 153.078  16.143  86.283 151.850  16.255  81.591 149.140  13.716  81.189 147.872
  13.415  82.244 147.093  12.744  80.075 147.891  12.476  80.718 147.169  14.632
  80.836 150.171  17.351  80.302 148.970  17.850  80.965 148.210  18.913  79.100
 148.399  17.491  80.692 147.029  19.173  78.883 147.224  17.849  79.513 146.651
  18.764
  84.364 154.615  14.723  84.562 153.495  15.538  83.165 154.485  14.088  83.589
 152.491  15.692  82.295 153.671  14.176  82.359 152.539  14.980  83.487 151.243
  16.346  81.630 151.394  15.221  82.810 150.576  15.315  82.628 151.163  17.454
  81.046 151.324  16.438  83.091 149.304  14.808  81.310 151.618  17.816  84.090
 148.644  15.119  85.537 155.919  12.302  85.535 156.442  13.386  85.288 155.761
  14.660  85.716 157.886  13.445  85.391 156.666  15.675  85.771 158.738  14.549
  85.612 157.863  15.761  85.860 159.958  14.463  85.845 158.303  12.531  85.783
 153.521  16.141  86.416 152.382  16.472  81.923 148.812  14.174  81.727 147.433
  13.870  82.725 146.910  12.924  80.430 147.386  13.101  81.683 146.508  15.135
  81.320 150.255  17.713  80.809 148.993  18.292  81.657 147.857  18.543  79.552
 148.854  18.974  81.286 146.897  19.210  79.315 147.806  19.613  80.148 146.849
  19.714
  83.997 154.235  14.414  84.351 153.195  15.208  82.808 153.937  13.825  83.464
 152.038  15.395  82.122 153.026  13.853  82.287 151.912  14.587  83.451 151.038
  16.319  81.674 150.737  14.950  82.943 150.141  15.310  82.420 150.965  17.230
  81.015 150.646  16.134  83.221 148.774  15.292  81.041 151.334  17.335  84.001
 148.216  16.048  84.183 155.708  11.926  84.654 156.214  12.915  84.710 155.427
  14.165  85.022 157.642  12.920  85.198 156.248  15.067  85.577 158.388  14.012
  85.577 157.415  15.046  85.951 159.566  14.024  85.088 158.093  12.015  85.546
 153.275  15.863  86.380 152.221  15.941  82.304 148.184  14.479  82.076 146.762
  14.480  83.274 146.110  13.897  80.918 146.448  13.595  81.782 146.039  15.756
  81.164 149.994  17.613  81.047 148.973  18.611  82.060 148.247  19.218  79.722
 148.658  19.253  81.795 147.333  20.009  79.654 147.972  20.257  80.668 147.295
  20.564
  84.180 154.260  14.312  84.458 153.256  15.322  83.022 153.971  13.699  83.520
 152.269  15.573  82.153 153.113  13.858  82.324 152.053  14.807  83.592 151.245
  16.563  81.683 150.927  15.273  82.937 150.326  15.615  82.570 151.234  17.532
  81.111 151.145  16.482  83.232 148.941  15.612  81.295 151.744  17.762  84.271
 148.470  16.101  85.542 155.132  11.747  85.503 155.900  12.710  85.105 155.332
  14.067  85.890 157.267  12.625  85.137 156.316  14.882  85.914 158.254  13.688
  85.437 157.436  14.787  86.183 159.449  13.579  86.102 157.539  11.672  85.691
 153.382  15.970  86.571 152.430  15.777  82.275 148.311  14.844  82.349 146.930
  14.598  83.505 146.636  13.725  81.123 146.703  13.861  82.298 146.206  15.881
  81.233 150.403  17.918  80.763 149.253  18.655  81.409 148.467  19.732  79.431
 148.784  18.475  80.834 147.554  20.258  78.976 147.793  19.051  79.671 147.304
  19.967
  84.503 153.946  14.157  84.614 153.040  15.153  83.374 153.700  13.411  83.633
 152.010  15.311  82.559 152.864  13.455  82.556 151.814  14.377  83.538 151.016
  16.233  81.914 150.604  14.710  83.128 150.029  15.238  82.448 151.061  17.070
  81.157 150.831  15.865  83.297 148.627  15.299  81.163 151.590  17.073  84.058
 148.054  16.093  84.990 155.487  11.662  85.412 155.880  12.715  85.427 155.009
  13.898  85.926 157.272  12.766  85.800 155.845  14.875  86.295 158.021  13.957
  86.120 156.958  14.988  86.445 159.226  13.955  85.781 157.899  11.983  85.778
 153.015  15.927  86.739 152.228  15.606  82.306 148.032  14.548  82.169 146.616
  14.554  83.367 145.885  14.169  81.204 146.344  13.608  81.586 146.289  15.803
  81.101 150.277  17.273  80.495 149.252  18.067  81.055 148.826  19.313  79.260
 148.598  17.780  80.452 147.967  19.992  78.850 147.686  18.464  79.373 147.500
  19.546
  84.750 154.449  14.107  84.840 153.401  15.030  83.569 154.312  13.441  83.791
 152.438  15.201  82.674 153.516  13.485  82.668 152.461  14.374  83.601 151.346
  16.093  81.968 151.290  14.634  83.102 150.550  15.061  82.528 151.393  17.006
  81.172 151.291  15.785  83.233 149.179  14.943  81.195 151.952  17.068  84.127
 148.516  15.523  85.874 155.557  11.697  86.005 156.116  12.738  85.667 155.451
  14.005  86.409 157.560  12.707  85.957 156.307  14.921  86.532 158.401  13.890
  86.331 157.440  15.000  86.809 159.556  13.967  86.725 158.019  11.861  86.000
 153.302  15.859  86.491 152.135  16.251  82.157 148.681  14.202  81.921 147.226
  14.164  82.937 146.568  13.464  80.632 146.901  13.561  81.881 146.645  15.524
  81.122 150.632  17.251  80.755 149.493  18.028  81.619 148.846  18.904  79.408
 148.981  18.072  81.204 147.973  19.679  79.081 148.194  18.984  79.981 147.657
  19.677
  84.527 154.595  14.136  84.790 153.522  15.025  83.302 154.452  13.647  83.787
 152.563  15.303  82.427 153.638  13.831  82.519 152.543  14.674  83.819 151.423
  16.114  81.885 151.386  15.069  83.117 150.645  15.213  83.060 151.452  17.233
  81.411 151.439  16.372  83.272 149.296  15.036  81.822 152.015  17.583  84.173
 148.637  15.580  85.087 156.159  11.623  85.371 156.597  12.714  85.355 155.773
  13.935  85.777 158.020  12.821  85.678 156.583  14.950  85.990 158.789  14.011
  85.899 157.746  15.065  86.365 159.925  14.027  85.790 158.507  11.932  85.991
 153.576  15.749  87.001 153.165  15.121  82.177 148.744  14.348  82.047 147.300
  14.189  83.274 146.682  13.597  80.908 146.913  13.262  81.714 146.686  15.490
  81.732 150.686  17.770  81.196 149.586  18.538  82.004 148.421  18.965  79.813
 149.434  18.968  81.422 147.368  19.368  79.441 148.378  19.531  80.187 147.351
  19.585
  84.323 154.631  14.190  84.687 153.523  14.957  83.161 154.397  13.588  83.722
 152.448  15.151  82.341 153.566  13.657  82.464 152.431  14.480  83.706 151.275
  15.922  81.726 151.358  14.885  82.923 150.556  15.021  82.868 151.247  17.038
  81.243 151.391  16.178  83.243 149.332  14.409  81.660 151.830  17.511  84.036
 148.552  14.861  84.942 156.031  11.643  85.293 156.489  12.730  85.109 155.758
  13.974  85.941 157.818  12.754  85.579 156.514  14.958  86.476 158.468  13.906
  86.157 157.543  15.009  87.132 159.497  13.976  85.966 158.374  11.907  85.960
 153.519  15.594  86.463 152.452  16.189  82.208 148.914  13.651  81.776 147.544
  13.353  82.659 146.942  12.328  80.399 147.577  12.727  81.786 146.691  14.484
  81.624 150.475  17.537  81.392 149.329  18.381  82.492 148.621  19.011  80.135
 148.946  18.946  82.271 147.776  19.905  80.065 148.133  19.879  81.152 147.731
  20.425
  84.985 154.741  14.407  85.071 153.498  15.144  83.768 154.788  13.878  83.980
 152.566  15.215  82.841 154.050  13.818  82.748 152.826  14.477  83.811 151.387
  15.847  81.942 151.794  14.731  82.992 150.838  14.799  82.945 151.482  16.912
  81.420 151.751  15.973  83.002 149.497  14.470  81.719 152.114  17.289  83.670
 148.620  14.992  86.411 155.628  11.972  86.379 156.354  12.970  85.927 155.763
  14.299  86.656 157.754  12.883  86.024 156.766  15.115  86.617 158.712  13.936
  86.260 157.909  15.111  86.770 159.893  13.854  86.727 158.100  11.933  86.225
 153.282  15.871  86.967 152.179  15.617  81.982 149.237  13.597  81.500 147.952
  13.308  82.521 147.090  12.725  80.471 148.076  12.252  80.955 147.351  14.524
  81.574 150.797  17.170  81.094 149.584  17.781  81.835 148.365  17.873  79.817
 149.498  18.490  81.387 147.382  18.515  79.538 148.423  19.025  80.404 147.534
  19.203
  85.401 154.456  14.820  85.440 153.288  15.627  84.218 154.513  14.225  84.319
 152.336  15.621  83.295 153.769  14.147  83.200 152.592  14.771  84.105 151.105
  16.221  82.356 151.532  14.885  83.451 150.668  15.058  83.081 151.170  17.231
  81.712 151.340  16.093  83.648 149.410  14.463  81.846 151.773  17.455  84.616
 148.736  14.748  86.569 155.642  12.280  86.625 156.227  13.341  86.333 155.545
  14.668  86.847 157.683  13.341  86.329 156.492  15.576  86.757 158.555  14.544
  86.454 157.638  15.631  86.751 159.787  14.459  87.195 158.114  12.493  86.567
 153.080  16.414  87.110 151.902  16.403  82.629 149.046  13.703  82.383 147.711
  13.296  83.424 147.361  12.353  81.190 147.687  12.476  82.133 146.784  14.431
  81.735 150.421  17.492  80.919 149.369  18.045  80.114 148.405  17.246  80.529
 149.315  19.395  79.159 147.801  17.757  79.687 148.490  19.768  78.894 147.990
  18.957
  85.018 154.873  14.302  85.224 153.777  15.226  83.892 154.759  13.603  84.182
 152.793  15.336  83.043 153.920  13.614  83.124 152.771  14.404  83.994 151.677
  16.154  82.455 151.585  14.598  83.614 150.978  15.034  83.000 151.560  17.054
  81.652 151.593  15.762  84.071 149.739  14.580  81.672 152.048  17.129  85.099
 149.280  14.975  86.314 155.961  11.828  86.380 156.560  12.846  85.996 155.920
  14.139  86.880 157.952  12.854  86.071 156.859  15.095  86.922 158.897  13.944
  86.409 158.040  15.039  87.161 160.048  13.832  86.976 158.392  11.946  86.344
 153.831  16.014  86.841 152.755  16.548  83.324 149.275  13.471  83.039 147.816
  13.344  84.279 147.033  13.127  82.092 147.835  12.182  82.389 147.213  14.594
  81.627 150.681  17.114  80.964 149.459  17.560  80.217 148.671  16.655  81.047
 148.850  18.863  79.851 147.520  16.937  80.630 147.742  19.022  79.999 147.142
  18.157
  84.752 154.857  14.250  85.081 153.776  14.959  83.601 154.605  13.683  84.243
 152.621  15.038  82.818 153.805  13.679  83.010 152.580  14.325  84.314 151.469
  15.760  82.485 151.388  14.537  83.683 150.759  14.753  83.365 151.349  16.783
  81.866 151.274  15.750  84.020 149.421  14.337  82.071 151.786  17.084  84.949
 148.792  14.693  85.650 156.362  11.843  85.751 156.841  12.977  85.554 155.954
  14.107  86.029 158.320  13.121  85.745 156.788  15.152  86.265 159.014  14.366
  86.012 157.940  15.369  86.596 160.184  14.522  86.086 158.837  12.252  86.260
 153.845  15.675  87.263 152.956  15.372  82.994 148.904  13.614  82.978 147.471
  13.382  84.075 146.886  12.584  81.839 147.347  12.513  82.716 146.644  14.573
  82.032 150.416  17.095  81.480 149.188  17.758  80.501 148.216  17.212  81.671
 148.961  19.108  79.842 147.512  17.965  80.997 148.185  19.830  80.142 147.466
  19.179
  84.677 154.851  14.293  85.029 153.707  15.077  83.505 154.680  13.697  84.139
 152.617  15.209  82.868 153.656  13.620  83.040 152.477  14.364  84.184 151.460
  16.006  82.525 151.249  14.608  83.670 150.633  14.956  83.138 151.431  16.958
  81.760 151.247  15.775  83.846 149.154  14.998  81.713 151.799  17.063  84.743
 148.571  15.609  85.203 156.446  11.890  85.497 156.863  12.968  85.463 156.019
  14.145  86.033 158.233  13.136  85.873 156.743  15.163  86.471 158.871  14.300
  86.361 157.832  15.364  87.027 159.948  14.279  86.153 158.757  12.277  86.225
 153.646  15.765  87.098 152.631  15.493  82.897 148.611  14.104  82.696 147.203
  14.019  83.915 146.551  13.464  81.642 146.979  13.037  82.387 146.737  15.369
  81.915 150.476  17.223  81.808 149.281  17.940  80.596 148.620  18.136  82.982
 148.447  18.304  80.558 147.415  18.547  82.820 147.309  18.685  81.643 146.849
  18.783
  84.617 154.634  14.103  84.941 153.581  15.010  83.413 154.469  13.638  83.964
 152.556  15.284  82.629 153.604  13.709  82.749 152.434  14.530  83.952 151.496
  16.130  82.107 151.271  14.909  83.343 150.652  15.128  83.073 151.465  17.152
  81.522 151.309  16.221  83.652 149.301  15.067  81.785 151.937  17.447  84.811
 148.890  15.253  85.075 155.947  11.525  85.404 156.505  12.537  85.443 155.737
  13.831  85.830 157.908  12.448  85.911 156.599  14.706  86.346 158.677  13.588
  86.230 157.713  14.741  86.624 159.813  13.633  85.634 158.443  11.610  86.092
 153.556  15.669  87.119 152.836  15.093  82.718 148.629  14.297  82.899 147.304
  13.738  83.748 147.462  12.570  81.609 146.766  13.235  83.274 146.329  14.783
  81.870 150.639  17.597  81.489 149.494  18.409  80.296 148.715  18.070  82.111
 148.988  19.560  79.993 147.721  18.749  81.694 148.009  20.172  80.736 147.347
  19.657
  85.104 154.478  14.569  85.444 153.303  15.177  83.919 154.447  13.948  84.474
 152.193  15.205  83.111 153.577  13.900  83.237 152.335  14.466  84.381 151.021
  15.910  82.519 151.195  14.661  83.716 150.416  14.817  83.386 150.979  16.924
  81.912 151.150  15.863  83.945 149.067  14.334  82.141 151.505  17.240  84.815
 148.364  14.746  86.447 155.940  12.322  86.254 156.462  13.410  85.811 155.749
  14.591  86.561 157.884  13.474  85.730 156.642  15.502  86.313 158.756  14.603
  85.925 157.811  15.657  86.546 160.012  14.596  87.015 158.263  12.650  86.632
 153.310  15.829  87.146 152.183  16.279  82.983 148.714  13.513  82.956 147.466
  12.748  84.226 147.311  11.884  81.825 147.617  11.867  82.825 146.225  13.509
  82.115 150.163  17.224  81.867 149.018  18.006  80.563 148.522  18.301  82.827
 148.234  18.800  80.302 147.803  19.210  82.471 147.471  19.724  81.256 147.324
  19.928
  85.230 154.463  14.376  85.546 153.318  15.226  84.143 154.135  13.671  84.703
 152.171  15.292  83.502 153.168  13.659  83.660 152.035  14.360  84.612 151.079
  16.091  83.031 150.819  14.619  84.240 150.257  15.024  83.548 151.000  16.957
  82.281 150.660  15.731  84.860 149.113  14.696  82.146 151.166  17.042  85.926
 148.817  15.160  85.859 156.048  11.931  86.063 156.531  13.035  86.000 155.676
  14.271  86.301 157.997  13.117  85.978 156.571  15.205  86.207 158.822  14.323
  86.131 157.722  15.373  86.214 160.059  14.311  86.424 158.438  12.213  86.654
 153.554  15.995  87.268 152.532  16.519  84.054 148.347  13.880  84.485 146.990
  13.464  85.654 147.085  12.645  83.403 146.537  12.614  84.623 146.041  14.567
  82.452 149.863  17.258  82.234 148.794  18.277  80.908 148.326  18.607  83.272
 147.864  18.641  80.730 147.186  19.008  82.975 146.763  18.916  81.808 146.509
  19.255
  84.835 154.372  14.380  85.291 153.436  15.289  83.798 153.929  13.744  84.571
 152.226  15.511  83.263 152.893  13.763  83.585 151.842  14.632  84.708 151.189
  16.416  83.143 150.582  14.942  84.381 150.178  15.501  83.640 151.062  17.291
  82.349 150.722  16.099  84.988 148.920  15.454  82.303 151.397  17.345  85.963
 148.624  16.123  85.415 156.065  11.938  85.463 156.547  13.058  85.389 155.734
  14.269  85.587 158.017  13.230  85.497 156.640  15.279  85.838 158.779  14.407
  85.696 157.784  15.458  85.986 159.971  14.498  85.557 158.513  12.347  86.450
 153.742  16.019  87.539 153.035  15.787  84.436 148.127  14.514  85.157 146.978
  13.895  86.561 147.400  13.583  84.478 146.520  12.773  85.233 145.932  14.901
  82.443 150.039  17.599  82.151 148.979  18.479  80.883 148.815  19.190  82.992
 147.907  18.799  80.728 147.854  19.910  82.635 146.928  19.457  81.395 146.880
  19.700
  85.041 154.876  14.320  85.555 153.853  15.193  84.061 154.407  13.663  84.775
 152.614  15.305  83.442 153.363  13.619  83.711 152.303  14.420  84.879 151.591
  16.175  83.326 151.029  14.704  84.637 150.655  15.118  83.857 151.416  17.073
  82.544 150.987  15.845  85.064 149.354  15.166  82.466 151.590  17.045  86.141
 149.023  15.799  85.557 156.609  11.980  85.659 157.060  13.119  85.543 156.148
  14.270  86.060 158.428  13.303  85.733 156.873  15.324  86.329 159.106  14.555
  86.061 158.025  15.533  86.768 160.236  14.716  86.020 158.961  12.442  86.618
 154.155  16.043  87.277 153.192  16.673  84.214 148.468  14.556  84.620 147.155
  14.051  85.884 147.275  13.402  83.576 146.866  13.071  84.551 146.190  15.231
  82.706 150.280  17.175  82.654 149.165  18.152  81.388 148.567  18.646  83.791
 148.658  18.911  81.372 147.802  19.628  83.646 148.027  19.917  82.529 147.606
  20.216
  84.964 155.277  14.808  85.462 154.247  15.598  83.908 154.837  14.197  84.754
 152.989  15.723  83.282 153.870  14.241  83.641 152.732  14.913  84.997 151.780
  16.404  83.230 151.467  15.228  84.513 150.927  15.461  84.111 151.593  17.454
  82.637 151.252  16.443  84.930 149.644  15.185  82.765 151.821  17.773  85.995
 149.200  15.646  86.062 156.428  12.424  85.885 157.126  13.382  85.315 156.593
  14.595  86.185 158.555  13.411  85.399 157.482  15.544  86.218 159.444  14.543
  85.761 158.602  15.635  86.506 160.623  14.598  86.476 159.012  12.555  86.627
 154.530  16.342  87.571 153.699  16.514  83.972 148.961  14.540  84.001 147.548
  14.379  85.308 147.055  13.838  83.059 147.299  13.329  83.464 146.833  15.549
  83.136 150.533  17.929  83.031 149.445  18.802  81.756 148.844  19.223  84.177
 148.603  19.215  81.672 147.749  19.702  83.909 147.520  19.795  82.751 147.066
  19.859
  85.522 154.950  14.350  85.912 153.869  15.261  84.457 154.546  13.671  84.944
 152.823  15.464  83.740 153.589  13.721  83.818 152.591  14.610  85.048 151.782
  16.356  83.297 151.340  14.986  84.579 150.905  15.393  84.041 151.738  17.287
  82.669 151.273  16.210  85.111 149.801  14.936  82.638 151.977  17.440  86.252
 149.442  15.203  85.980 156.741  12.036  86.210 157.125  13.167  86.140 156.216
  14.362  86.246 158.591  13.364  86.218 157.027  15.422  86.339 159.278  14.593
  86.209 158.205  15.559  86.594 160.466  14.791  86.139 159.177  12.545  87.131
 153.958  15.924  87.881 152.931  15.925  84.129 148.971  14.289  84.452 147.713
  13.575  85.707 147.770  12.744  83.293 147.599  12.696  84.590 146.588  14.581
  82.821 150.644  17.711  82.857 149.634  18.674  81.722 149.219  19.461  84.139
 149.027  19.081  81.816 148.277  20.258  84.081 148.177  19.977  82.962 147.843
  20.484
  85.016 154.631  14.576  85.515 153.530  15.314  83.897 154.235  13.975  84.807
 152.313  15.427  83.310 153.186  13.948  83.708 152.080  14.654  84.978 151.165
  16.150  83.188 150.881  14.941  84.490 150.281  15.154  84.006 151.154  17.162
  82.590 150.789  16.153  85.027 149.048  14.635  82.715 151.550  17.351  86.200
 148.701  14.797  86.105 156.087  12.243  86.016 156.639  13.350  85.653 155.911
  14.533  86.052 158.123  13.427  85.424 156.780  15.473  85.862 158.929  14.646
  85.548 157.912  15.638  86.104 160.115  14.775  86.205 158.529  12.512  86.776
 153.674  15.927  87.595 152.642  16.251  84.117 148.511  13.659  84.443 147.435
  12.795  85.554 147.750  11.918  83.283 147.130  11.931  84.632 146.175  13.495
  82.718 150.210  17.615  82.853 149.206  18.599  81.673 148.539  19.071  84.025
 148.711  19.222  81.769 147.704  19.987  83.956 147.685  19.943  82.879 147.460
  20.484
  84.915 155.051  14.370  85.270 153.975  15.282  83.808 154.669  13.674  84.404
 152.810  15.512  83.097 153.644  13.677  83.275 152.584  14.620  84.506 151.766
  16.397  82.797 151.344  14.999  84.122 150.914  15.315  83.527 151.564  17.331
  82.096 151.222  16.218  84.674 149.711  14.999  82.156 151.770  17.509  85.770
 149.321  15.419  85.961 156.375  11.808  86.010 156.898  12.927  85.524 156.305
  14.207  86.670 158.155  13.005  85.857 157.128  15.135  86.912 158.946  14.159
  86.399 158.181  15.287  87.534 159.961  14.201  87.023 158.546  12.139  86.346
 154.210  16.134  87.465 153.625  15.807  83.960 148.977  14.027  84.484 147.815
  13.507  85.831 147.959  12.878  83.573 147.378  12.440  84.519 146.838  14.519
  82.396 150.459  17.625  82.145 149.290  18.425  81.037 148.394  18.300  82.929
 148.889  19.577  80.902 147.375  18.958  82.751 147.825  20.177  81.749 147.203
  19.876
  85.433 154.515  14.604  85.713 153.522  15.531  84.350 154.165  13.995  84.689
 152.453  15.814  83.463 153.327  14.149  83.465 152.291  15.107  84.718 151.338
  16.638  82.730 151.233  15.525  83.902 150.510  15.735  83.812 151.420  17.688
  82.294 151.344  16.818  84.193 149.298  15.211  82.603 151.916  18.095  85.210
 148.615  15.444  85.768 155.954  11.982  86.174 156.463  12.990  86.194 155.737
  14.337  86.588 157.869  12.984  86.608 156.583  15.190  86.961 158.638  14.138
  86.863 157.704  15.280  87.366 159.763  14.170  86.723 158.378  12.118  86.961
 153.569  16.107  87.611 152.457  16.329  83.212 148.951  14.292  83.301 147.752
  13.578  84.606 147.597  12.802  82.265 147.701  12.484  83.082 146.573  14.409
  82.468 150.578  18.248  81.824 149.609  18.984  80.455 149.194  18.815  82.513
 148.808  19.995  79.981 148.281  19.482  81.846 148.004  20.675  80.737 147.670
  20.230
  85.547 154.420  14.521  85.589 153.483  15.536  84.559 154.161  13.726  84.586
 152.484  15.713  83.688 153.365  13.816  83.483 152.390  14.762  84.452 151.405
  16.463  82.696 151.308  15.037  83.852 150.601  15.464  83.392 151.445  17.350
  82.031 151.332  16.278  84.208 149.252  15.311  82.092 151.966  17.509  85.271
 148.810  15.742  86.752 155.657  12.202  86.730 156.311  13.293  86.282 155.608
  14.515  87.148 157.729  13.426  86.372 156.503  15.552  87.060 158.526  14.538
  86.643 157.634  15.618  87.222 159.729  14.479  87.362 158.212  12.561  86.622
 153.545  16.494  87.527 152.620  16.622  83.243 148.622  14.465  83.448 147.259
  14.002  84.545 147.245  13.044  82.293 146.867  13.121  83.752 146.220  15.062
  82.044 150.631  17.704  81.899 149.530  18.633  80.658 148.758  18.790  82.972
 148.912  19.397  80.718 147.745  19.453  82.806 147.973  20.137  81.707 147.431
  20.144
  84.698 155.215  14.936  85.107 154.101  15.788  83.598 154.907  14.368  84.318
 152.889  15.841  82.952 153.963  14.324  83.189 152.740  14.940  84.421 151.703
  16.514  82.665 151.489  15.106  84.005 150.942  15.386  83.397 151.446  17.457
  82.000 151.248  16.263  84.507 149.623  15.112  81.924 151.588  17.581  85.359
 149.073  15.750  85.866 156.285  12.506  86.021 156.827  13.536  85.394 156.315
  14.727  86.733 158.095  13.558  85.729 157.205  15.641  86.925 159.025  14.709
  86.293 158.249  15.781  87.301 160.165  14.565  87.175 158.365  12.687  86.165
 154.319  16.565  87.019 153.321  16.890  83.661 148.855  14.305  83.614 147.434
  14.192  84.721 146.729  13.647  82.605 147.153  13.170  83.211 146.797  15.494
  82.222 150.278  17.533  81.840 149.026  18.072  80.642 148.297  17.754  82.554
 148.355  19.134  80.422 147.177  18.223  82.246 147.247  19.547  81.131 146.759
  19.191
  84.825 154.880  14.908  85.224 153.772  15.678  83.544 154.753  14.514  84.310
 152.694  15.933  82.745 153.910  14.684  83.076 152.629  15.263  84.461 151.546
  16.713  82.550 151.421  15.485  83.816 150.815  15.696  83.577 151.242  17.781
  82.044 151.149  16.738  84.263 149.574  15.184  82.200 151.545  18.146  85.289
 149.049  15.516  85.692 156.201  12.320  85.940 156.762  13.372  85.592 156.071
  14.662  86.380 158.212  13.364  85.751 156.988  15.577  86.517 159.052  14.536
  86.057 158.144  15.664  86.797 160.280  14.557  86.558 158.654  12.469  86.400
 153.851  16.331  87.425 153.161  15.964  83.320 149.050  14.295  83.506 147.728
  13.784  84.733 147.509  12.965  82.355 147.611  12.995  83.378 146.678  14.850
  82.297 150.167  17.942  81.844 148.932  18.471  80.971 148.863  19.566  82.355
 147.606  18.131  80.609 147.761  20.034  81.813 146.597  18.548  81.072 146.696
  19.577
  84.776 154.812  14.871  85.061 153.614  15.589  83.553 154.753  14.380  84.084
 152.647  15.733  82.661 153.959  14.458  82.732 152.835  15.177  84.060 151.466
  16.350  82.065 151.651  15.350  83.243 150.890  15.336  83.299 151.313  17.466
  81.612 151.482  16.619  83.514 149.623  14.785  82.068 151.836  17.967  84.450
 148.889  15.089  85.116 156.255  12.416  85.683 156.613  13.347  85.691 155.818
  14.577  86.183 157.984  13.404  86.070 156.619  15.527  86.710 158.621  14.491
  86.582 157.706  15.641  87.129 159.780  14.487  86.132 158.501  12.534  86.247
 153.343  16.212  86.973 152.445  15.635  82.499 149.310  13.829  82.412 148.018
  13.338  83.583 147.663  12.496  81.231 148.136  12.527  82.110 147.105  14.399
  81.966 150.514  17.885  81.533 149.370  18.547  80.509 149.449  19.525  82.118
 148.102  18.469  80.354 148.485  20.296  81.733 147.182  19.186  80.900 147.396
  20.050
  85.379 154.930  15.027  85.522 153.641  15.688  84.164 155.025  14.515  84.375
 152.767  15.685  83.221 154.373  14.491  83.145 153.128  15.038  84.260 151.471
  16.010  82.317 152.020  15.161  83.440 151.162  14.949  83.491 151.251  17.156
  81.880 151.718  16.454  83.444 149.992  14.178  82.406 151.792  17.797  84.418
 149.251  14.224  86.455 156.105  12.610  86.578 156.679  13.664  86.343 155.913
  14.940  86.722 158.131  13.723  86.386 156.828  15.875  86.704 158.940  14.935
  86.511 157.962  15.971  86.839 160.123  14.992  86.794 158.574  12.814  86.714
 153.279  16.223  86.766 152.357  17.155  82.207 149.744  13.609  81.938 148.487
  12.835  82.749 148.536  11.703  80.526 148.607  12.406  82.264 147.359  13.745
  82.049 150.509  17.488  81.754 149.292  17.986  81.078 149.096  19.344  81.977
 148.059  17.358  80.936 147.972  19.768  81.618 146.974  17.901  81.185 147.005
  19.025
  85.284 154.851  14.890  85.510 153.556  15.357  84.070 154.980  14.507  84.336
 152.758  15.624  83.085 154.315  14.639  83.055 153.058  15.134  84.206 151.488
  16.090  82.327 151.987  15.151  83.453 151.126  15.029  83.429 151.267  17.229
  81.832 151.612  16.366  83.513 149.914  14.378  82.265 151.763  17.734  84.251
 149.040  14.740  86.779 155.816  12.424  86.724 156.522  13.481  86.338 155.819
  14.750  87.201 157.885  13.555  86.526 156.710  15.740  87.317 158.738  14.691
  86.869 157.830  15.855  87.648 159.890  14.568  87.540 158.280  12.686  86.826
 153.184  15.626  87.039 152.417  16.629  82.380 149.710  13.533  82.020 148.532
  12.865  82.781 148.534  11.661  80.664 148.686  12.514  82.141 147.286  13.591
  82.063 150.456  17.446  81.657 149.147  17.908  81.956 148.606  19.189  80.994
 148.208  17.083  81.588 147.453  19.503  80.681 147.108  17.433  81.023 146.755
  18.569
  84.650 155.306  14.734  85.013 154.045  15.254  83.374 155.285  14.373  84.028
 152.970  15.439  82.528 154.426  14.476  82.666 153.207  14.945  84.095 151.684
  15.890  82.000 152.030  15.076  83.164 151.255  14.902  83.380 151.342  17.013
  81.690 151.705  16.405  83.204 149.962  14.360  82.218 151.853  17.717  84.072
 149.188  14.624  85.712 156.552  12.306  85.872 157.064  13.415  85.569 156.350
  14.617  86.338 158.414  13.532  85.907 157.120  15.579  86.528 159.212  14.750
  86.262 158.229  15.808  86.807 160.402  14.759  86.679 158.911  12.718  86.268
 153.771  15.674  86.977 152.895  15.014  81.993 149.601  13.839  81.590 148.253
  13.613  82.492 147.654  12.586  80.140 148.205  13.139  81.612 147.521  14.731
  82.030 150.518  17.460  81.419 149.328  17.754  82.042 148.166  18.168  79.972
 149.265  17.813  81.352 147.194  18.445  79.415 148.217  17.946  80.094 147.258
  18.416
  84.638 155.229  14.626  85.010 153.896  14.927  83.299 155.276  14.530  83.975
 152.905  15.211  82.396 154.562  14.670  82.592 153.150  14.928  83.984 151.564
  15.575  81.905 152.046  15.197  82.981 151.274  14.705  83.548 151.282  16.842
  81.740 151.695  16.524  82.742 150.055  13.997  82.518 151.755  17.715  83.539
 149.098  14.031  85.087 156.543  12.097  85.540 157.038  13.145  85.497 156.319
  14.432  86.176 158.399  13.218  86.067 156.967  15.387  86.672 159.071  14.374
  86.494 158.053  15.482  87.063 160.203  14.437  86.210 158.960  12.376  86.305
 153.616  15.138  86.804 152.584  14.502  81.458 149.949  13.652  80.818 148.711
  13.345  81.481 148.052  12.176  79.381 149.105  13.175  80.846 147.769  14.500
  82.340 150.465  17.419  81.837 149.198  17.880  82.553 147.959  17.506  80.913
 148.993  18.956  82.360 146.981  18.162  80.918 147.933  19.573  81.451 146.951
  19.019
  84.813 155.183  14.571  85.060 153.817  14.751  83.508 155.434  14.592  83.979
 152.907  14.931  82.543 154.693  14.673  82.583 153.336  14.882  83.887 151.570
  15.205  81.793 152.254  15.143  82.732 151.381  14.492  83.594 151.280  16.492
  81.893 151.853  16.438  82.373 150.158  13.877  82.781 151.809  17.536  83.150
 149.232  13.796  86.993 155.859  12.521  86.736 156.552  13.488  85.832 156.141
  14.554  87.280 157.946  13.481  85.725 157.214  15.351  86.963 158.999  14.360
  86.103 158.343  15.314  87.363 160.147  14.233  87.959 158.196  12.772  86.359
 153.407  14.750  86.650 152.143  14.504  81.098 150.233  13.387  80.518 149.100
  12.722  81.241 148.789  11.487  79.102 149.385  12.321  80.580 147.918  13.638
  82.431 150.558  17.343  81.991 149.226  17.733  82.705 147.991  17.533  80.681
 148.945  18.149  82.247 146.841  17.705  80.284 147.764  18.334  81.029 146.797
  18.077
  84.252 155.399  14.376  84.651 154.075  14.544  82.922 155.497  14.495  83.663
 153.093  14.905  82.067 154.758  14.744  82.290 153.390  14.982  83.773 151.722
  15.178  81.639 152.221  15.166  82.594 151.433  14.465  83.487 151.349  16.502
  81.722 151.718  16.460  82.295 150.109  13.935  82.607 151.603  17.550  83.214
 149.372  13.598  84.849 156.922  11.840  85.318 157.226  12.900  85.087 156.487
  14.153  86.237 158.406  12.925  85.872 156.959  15.018  86.974 158.932  14.052
  86.529 157.905  15.111  87.754 159.818  14.154  86.474 158.788  12.017  85.937
 153.821  14.304  86.279 152.761  13.538  80.959 149.885  13.735  80.506 148.680
  13.096  80.830 148.785  11.659  79.027 148.575  13.225  81.049 147.458  13.634
  82.260 150.361  17.120  81.849 149.036  17.417  82.780 147.955  17.057  80.557
 148.533  17.698  82.425 146.754  17.088  80.350 147.276  17.736  81.236 146.467
  17.387
  84.655 155.030  14.389  84.927 153.670  14.712  83.293 155.173  14.285  83.918
 152.738  14.925  82.349 154.425  14.421  82.462 153.071  14.777  83.941 151.390
  15.170  81.780 151.911  14.959  82.827 151.162  14.342  83.517 150.992  16.445
  81.752 151.448  16.286  82.557 149.986  13.630  82.586 151.301  17.404  83.410
 149.176  13.269  85.375 156.386  11.892  85.726 156.865  12.961  85.634 156.069
  14.216  86.217 158.216  13.027  85.954 156.896  15.169  86.633 158.931  14.162
  86.350 158.005  15.283  87.131 160.078  14.234  86.298 158.714  12.149  86.203
 153.230  14.827  87.000 153.408  13.761  81.215 149.901  13.343  80.600 148.733
  12.843  81.062 148.485  11.476  79.141 148.804  12.818  80.972 147.532  13.517
  82.352 150.045  17.091  82.026 148.727  17.750  82.930 147.898  18.511  80.684
 148.119  17.432  82.512 146.801  18.911  80.434 147.035  18.039  81.425 146.375
  18.534
  84.262 155.194  14.422  84.617 153.968  14.983  82.961 155.168  14.027  83.578
 152.931  15.114  82.118 154.283  14.058  82.289 153.040  14.526  83.661 151.718
  15.698  81.666 151.842  14.654  82.929 151.222  14.605  82.803 151.509  16.744
  81.218 151.535  15.930  83.215 149.971  13.982  81.583 151.781  17.280  84.253
 149.333  14.238  85.808 156.155  12.138  85.845 156.790  13.128  85.150 156.311
  14.276  86.420 158.131  13.176  85.249 157.215  15.224  86.479 158.964  14.299
  85.736 158.280  15.409  86.909 160.069  14.370  86.884 158.441  12.330  85.871
 153.805  15.429  86.763 153.270  14.638  82.089 149.462  13.328  82.054 148.126
  12.802  83.036 148.044  11.667  80.690 147.824  12.354  82.321 147.118  13.846
  81.722 150.453  17.054  81.697 149.189  17.616  82.914 148.413  17.703  80.620
 148.595  18.331  82.865 147.323  18.447  80.747 147.618  19.035  81.889 147.076
  19.170
  84.260 155.576  14.484  84.654 154.387  15.043  83.011 155.369  14.026  83.791
 153.250  15.216  82.261 154.436  14.132  82.511 153.182  14.631  84.034 151.998
  15.812  82.038 151.947  14.881  83.328 151.414  14.742  83.296 151.614  16.894
  81.622 151.586  16.138  83.838 150.220  14.156  82.052 151.895  17.490  84.896
 149.708  14.498  85.323 156.680  12.026  85.527 157.297  13.058  84.979 156.784
  14.296  86.277 158.548  13.048  85.366 157.542  15.308  86.559 159.348  14.161
  85.946 158.567  15.354  87.078 160.437  14.129  86.706 158.846  12.180  85.927
 154.573  15.498  86.453 153.639  16.289  82.839 149.603  13.406  82.971 148.250
  12.925  84.101 148.047  12.020  81.763 147.997  12.113  82.992 147.250  14.031
  82.066 150.527  17.219  81.446 149.278  17.617  81.822 148.002  17.049  80.295
 149.214  18.475  81.242 146.985  17.485  79.660 148.156  18.549  80.208 147.064
  18.201
  85.076 154.968  14.396  85.284 153.745  15.072  83.881 155.009  13.830  84.273
 152.755  15.168  82.949 154.238  13.912  83.063 152.971  14.458  84.104 151.516
  15.783  82.294 151.830  14.604  83.376 150.927  14.710  83.185 151.511  16.809
  81.676 151.782  15.842  83.618 149.737  14.022  81.912 152.028  17.222  84.597
 149.080  14.256  86.245 156.139  12.134  86.366 156.757  13.158  86.021 156.048
  14.388  86.628 158.165  13.174  86.093 156.995  15.312  86.674 158.998  14.302
  86.362 158.130  15.402  86.903 160.188  14.266  86.937 158.553  12.291  86.538
 153.694  15.727  87.140 152.611  16.175  82.586 149.447  13.164  82.488 148.146
  12.597  83.663 147.775  11.809  81.480 148.068  11.520  82.130 147.041  13.580
  81.690 150.708  17.021  81.124 149.519  17.616  81.839 148.282  17.513  79.865
 149.405  18.288  81.558 147.340  18.260  79.637 148.308  18.892  80.478 147.417
  19.008
  85.323 154.725  14.599  85.483 153.482  15.175  84.078 154.880  14.150  84.313
 152.620  15.302  83.142 154.164  14.015  83.096 152.949  14.637  84.221 151.395
  15.869  82.305 151.833  14.870  83.381 150.888  14.836  83.428 151.343  16.998
  81.821 151.709  16.149  83.402 149.711  14.127  82.160 151.844  17.457  84.316
 148.912  14.133  86.480 155.984  12.169  86.562 156.568  13.284  86.323 155.791
  14.587  86.873 157.979  13.268  86.291 156.803  15.499  86.923 158.853  14.460
  86.465 157.908  15.563  87.178 160.020  14.557  87.108 158.480  12.419  86.653
 153.058  15.766  87.230 151.954  15.444  82.256 149.593  13.308  81.986 148.376
  12.569  83.108 148.088  11.692  80.820 148.622  11.699  81.576 147.281  13.496
  82.025 150.519  17.312  81.499 149.382  17.960  82.253 148.430  18.835  80.147
 148.995  17.851  81.644 147.528  19.417  79.705 148.133  18.592  80.421 147.676
  19.497
  85.399 154.775  14.092  85.663 153.599  14.732  84.165 154.792  13.649  84.662
 152.632  14.810  83.234 154.026  13.691  83.358 152.789  14.264  84.628 151.328
  15.399  82.630 151.679  14.544  83.703 150.779  14.407  83.912 151.345  16.603
  82.219 151.552  15.842  83.658 149.407  13.957  82.665 151.857  17.121  84.556
 148.580  14.111  86.228 156.102  11.746  86.391 156.656  12.817  86.208 155.878
  14.013  86.727 158.048  12.843  86.330 156.740  15.040  86.807 158.820  14.070
  86.482 157.873  15.155  87.125 159.977  14.135  86.932 158.590  12.012  86.861
 153.448  15.303  87.313 152.447  16.013  82.384 149.127  13.652  81.971 147.746
  13.348  82.759 147.163  12.159  80.513 147.771  12.968  82.125 146.878  14.465
  82.520 150.536  17.100  82.138 149.417  17.809  82.449 149.128  19.172  81.119
 148.464  17.359  81.973 148.152  19.786  80.611 147.712  18.154  81.130 147.508
  19.269
  84.880 154.954  14.129  85.241 153.822  14.867  83.601 154.796  13.753  84.356
 152.782  15.177  82.742 154.000  13.951  82.990 152.817  14.676  84.484 151.572
  15.808  82.347 151.638  14.985  83.583 150.922  14.887  83.810 151.497  16.992
  82.019 151.556  16.263  83.742 149.638  14.436  82.597 151.877  17.572  84.716
 148.925  14.608  85.290 156.354  11.430  85.725 156.817  12.465  85.748 156.035
  13.753  86.141 158.245  12.552  86.204 156.852  14.640  86.582 158.963  13.698
  86.575 157.970  14.785  86.912 160.105  13.798  86.153 158.731  11.663  86.543
 153.804  15.262  87.240 152.684  14.978  82.640 149.324  13.671  82.538 148.109
  12.914  83.669 147.689  12.069  81.314 148.176  12.055  82.413 147.015  13.934
  82.607 150.529  17.545  82.150 149.289  18.152  83.052 148.527  19.034  80.874
 148.684  18.095  82.756 147.363  19.331  80.603 147.597  18.653  81.540 146.976
  19.229
