#Frame       SA_00001
       1     629.1082
       2     639.3577
       3     626.1345
       4     625.5851
       5     637.8054
       6     625.9594
       7     622.3523
       8     619.5383
       9     623.6642
      10     624.1252
      11     638.4256
      12     627.5502
      13     636.6215
      14     634.9326
      15     624.0805
      16     629.3066
      17     616.9184
      18     637.6664
      19     636.3960
      20     634.2415
      21     637.5020
      22     623.1476
      23     633.0926
      24     642.0640
      25     629.2616
      26     635.0869
      27     639.9590
      28     639.0630
      29     642.1446
      30     636.0940
      31     637.7327
      32     628.7561
      33     636.8267
      34     625.2371
      35     625.8673
      36     648.0986
      37     647.4393
      38     638.7706
      39     642.9453
      40     651.0889
      41     646.8323
      42     629.3570
      43     634.3125
      44     620.5024
      45     641.4810
      46     641.0232
      47     626.3668
      48     631.9962
      49     645.6000
      50     646.1167
