#Frame       SA_00001
       1   21135.2894
       2   22141.7671
       3   22644.7947
       4   22425.8901
       5   23025.6144
       6   23410.0955
       7   23286.3822
       8   23749.5106
       9   23852.2583
      10   23752.2782
      11   23569.6370
      12   24169.5233
      13   24401.9702
      14   24024.2930
      15   23831.9729
      16   24103.2520
      17   24238.5591
      18   24350.1205
      19   24253.6635
      20   24251.9265
      21   24205.7659
      22   24328.7561
      23   24004.4046
      24   24452.3266
      25   24610.4795
      26   24385.8110
      27   24007.4717
      28   24242.7063
      29   24337.9677
      30   24353.5312
      31   24373.3530
      32   24296.3233
      33   24296.8240
      34   24526.8206
      35   24590.3112
      36   24791.5683
      37   24478.0296
      38   23952.8121
      39   24572.3177
      40   23942.9618
      41   23992.2902
      42   24367.4651
      43   23966.3861
      44   23913.9357
      45   23862.7094
      46   23962.2628
      47   23791.0234
      48   23712.9482
      49   23717.1028
      50   23493.7716
