#Frame       SA_00001
       1   20934.0191
       2   22073.0027
       3   22781.0758
       4   23198.2228
       5   23199.6239
       6   23144.5421
       7   23791.4745
       8   23275.0494
       9   23215.9114
      10   23668.8357
      11   23647.8657
      12   23706.1246
      13   23388.2107
      14   23307.9899
      15   23305.5014
      16   23287.8989
      17   23321.7172
      18   23187.2278
      19   22655.1458
      20   22681.5008
      21   22539.0482
      22   22546.4954
      23   22967.8905
      24   22814.6494
      25   22896.0267
      26   22847.8129
      27   22694.2597
      28   22880.5840
      29   23052.3883
      30   23248.2985
      31   23151.3961
      32   23538.6764
      33   23762.5957
      34   23616.1441
      35   23808.4683
      36   23679.5925
      37   23568.3539
      38   23617.5329
      39   23808.8498
      40   24031.7677
      41   23905.0936
      42   23826.4427
      43   23761.9262
      44   23506.3249
      45   23635.3619
      46   24036.0727
      47   24290.0326
      48   24238.7476
      49   23844.2983
      50   23446.6374
