#Frame       SA_00001
       1   20987.9875
       2   22543.5356
       3   23767.7178
       4   24174.6916
       5   23946.1154
       6   23663.8232
       7   23603.1930
       8   23558.0168
       9   23270.6086
      10   23377.2830
      11   23755.6937
      12   23629.6035
      13   23751.2746
      14   23455.8719
      15   23510.5993
      16   23747.5466
      17   24007.5488
      18   24233.7109
      19   24255.6830
      20   24121.6001
      21   24299.5575
      22   24324.8400
      23   24632.8046
      24   24480.2764
      25   24397.3317
      26   24251.2889
      27   24408.5805
      28   24333.8027
      29   23932.9656
      30   24478.1231
      31   24350.6566
      32   24213.6982
      33   24343.5112
      34   24388.6252
      35   24378.9649
      36   24738.7131
      37   24686.0673
      38   24615.0670
      39   24774.6567
      40   24784.8412
      41   24615.3089
      42   24652.5586
      43   24258.8949
      44   24460.7860
      45   24265.0882
      46   24095.7896
      47   24383.7091
      48   24291.0319
      49   24353.8258
      50   24778.3181
