#Frame       SA_00001
       1   20937.5040
       2   22205.1302
       3   23151.7652
       4   23181.3051
       5   23539.8142
       6   23681.7208
       7   23813.3945
       8   23991.2109
       9   23578.0817
      10   23586.5113
      11   23504.4625
      12   23421.0250
      13   23660.9129
      14   23855.8067
      15   23483.3194
      16   23505.6407
      17   23323.4598
      18   24124.8196
      19   23826.0598
      20   24113.4125
      21   23716.0393
      22   23993.5888
      23   24024.7770
      24   24034.0512
      25   23812.9687
      26   24246.0165
      27   24040.2250
      28   23943.7079
      29   24027.8094
      30   24209.0087
      31   24114.2374
      32   24477.1819
      33   24200.4486
      34   24180.5455
      35   24295.5570
      36   24087.7489
      37   23985.7638
      38   24053.2385
      39   24242.3490
      40   23944.5530
      41   23903.1691
      42   23849.8804
      43   24647.0763
      44   24278.1047
      45   24388.1222
      46   24859.0286
      47   24890.4288
      48   24688.8353
      49   24204.1946
      50   24106.6058
