#Frame       SA_00001
       1   21158.8192
       2   22804.0574
       3   24037.3823
       4   24402.4445
       5   24080.5359
       6   23650.0866
       7   23677.9216
       8   23505.8951
       9   23437.3946
      10   23749.3421
      11   24170.3213
      12   23862.8444
      13   23981.8172
      14   23605.9973
      15   23728.2646
      16   24047.1028
      17   24161.7562
      18   24236.6184
      19   24221.3386
      20   24286.5098
      21   24708.4542
      22   24608.8397
      23   24747.2993
      24   24851.6924
      25   24903.8229
      26   24694.8152
      27   24674.9541
      28   24504.0499
      29   24447.6650
      30   24832.1475
      31   25031.0178
      32   24758.3656
      33   24878.7169
      34   24900.8488
      35   24718.7254
      36   25187.0441
      37   25197.2052
      38   25290.0904
      39   25273.0779
      40   25382.6965
      41   25104.6508
      42   25369.5202
      43   25345.0931
      44   25399.7183
      45   25297.2226
      46   25054.7271
      47   24996.0623
      48   25160.6433
      49   25145.5141
      50   25474.3245
