Cpptraj Generated trajectory                                                    
  84.748 154.585  14.872  85.475 153.417  14.409  84.021 153.419  14.457  85.719
 152.016  13.834  83.374 152.341  14.087  84.289 151.565  13.859  84.870 155.824
  12.239  84.804 156.549  13.255  84.521 155.937  14.558  84.998 157.974  13.142
  84.576 156.905  15.420  84.960 158.895  14.223  84.757 158.077  15.426  85.061
 160.111  14.121  84.981 158.373  12.211  86.757 151.457  13.106  87.713 150.447
  13.037  87.405 149.174  12.413  88.010 151.308  11.973  87.658 148.865  11.109
  88.309 151.580  10.812  87.652 149.227   9.721  88.046 150.497  10.302  86.707
 149.348   9.356  86.606 148.207  13.103  86.255 148.400  14.253  85.976 147.149
  12.511  86.151 147.211  11.556
  85.631 154.350  14.287  86.296 153.289  13.651  84.897 153.194  13.910  86.515
 151.919  12.947  84.214 152.142  13.419  85.119 151.432  13.004  85.390 155.767
  11.634  85.361 156.374  12.675  85.262 155.668  14.022  85.351 157.912  12.716
  85.053 156.610  14.950  85.261 158.731  13.905  85.159 157.803  15.007  85.281
 159.962  13.937  85.471 158.411  11.842  87.657 151.386  12.278  88.473 150.311
  12.162  88.003 148.961  11.795  88.671 151.082  11.000  88.008 148.570  10.454
  88.798 151.114   9.824  88.013 148.716   9.106  88.491 150.006   9.418  87.089
 148.776   8.679  87.235 148.008  12.601  86.868 148.270  13.704  86.962 146.730
  12.290  87.391 146.537  11.439
  85.349 154.284  14.459  85.986 153.267  13.727  84.566 153.210  14.008  86.203
 152.032  12.866  83.895 152.223  13.500  84.776 151.535  12.906  85.558 155.819
  11.874  85.454 156.320  12.979  85.183 155.635  14.223  85.679 157.759  13.002
  84.997 156.519  15.099  85.529 158.626  14.138  85.112 157.718  15.201  85.688
 159.851  14.113  85.793 158.198  12.096  87.438 151.515  12.264  88.449 150.638
  12.380  88.320 149.173  12.087  88.541 151.291  11.148  88.489 148.604  10.830
  88.827 151.250   9.935  88.914 148.661   9.443  88.934 150.057   9.693  88.214
 148.388   8.754  88.199 148.259  13.175  87.964 148.631  14.292  88.310 146.903
  13.117  88.615 146.735  12.209
  85.069 153.868  14.442  85.653 152.602  14.203  84.250 152.868  13.842  85.859
 151.230  13.627  83.580 151.882  13.318  84.445 150.987  13.157  85.221 155.258
  11.812  85.292 155.872  12.879  85.260 155.191  14.167  85.495 157.312  12.783
  85.425 156.076  15.059  85.697 158.193  13.922  85.615 157.228  15.099  85.782
 159.434  13.934  85.543 157.769  11.880  87.087 150.684  13.128  88.375 150.439
  13.339  89.004 149.165  13.052  88.206 151.169  12.208  89.629 148.961  11.827
  88.548 151.443  11.035  90.010 149.332  10.496  89.198 150.445  10.774  89.608
 148.690   9.814  88.836 147.990  13.872  88.268 148.081  14.927  89.309 146.744
  13.556  89.709 146.807  12.671
  85.240 153.665  14.349  85.920 152.518  13.815  84.411 152.513  14.015  86.100
 151.107  13.287  83.795 151.432  13.760  84.679 150.683  13.341  86.787 155.115
  12.399  86.058 155.699  13.157  85.061 154.971  13.934  86.071 157.160  13.248
  84.436 155.801  14.717  85.259 157.970  14.142  84.459 156.951  14.909  85.329
 159.217  14.040  86.716 157.548  12.570  87.205 150.319  12.983  88.465 150.063
  13.302  88.930 148.661  13.499  88.439 150.262  11.920  89.468 147.932  12.450
  88.676 149.965  10.746  90.128 147.824  11.188  89.336 148.910  10.972  89.885
 146.990  10.655  88.860 147.954  14.783  88.408 148.589  15.722  89.234 146.672
  15.075  89.309 146.188  14.234
  85.224 153.498  14.233  85.800 152.317  13.672  84.329 152.479  13.751  85.892
 150.938  13.095  83.635 151.502  13.273  84.464 150.634  12.908  86.777 154.925
  12.357  86.038 155.573  13.067  85.159 154.881  13.917  85.978 157.040  13.159
  84.366 155.758  14.574  85.174 157.917  13.973  84.316 156.945  14.736  85.270
 159.136  13.940  86.463 157.510  12.404  87.111 150.163  12.901  88.261 149.587
  13.345  88.241 148.227  14.020  88.230 149.318  12.018  88.092 147.045  13.343
  88.303 148.628  11.012  88.269 146.261  12.131  88.209 147.495  11.542  87.488
 145.654  11.883  88.513 148.006  15.443  88.731 149.049  16.106  88.483 146.826
  16.102  88.530 146.142  15.412
  85.213 153.542  13.903  85.809 152.332  13.414  84.322 152.490  13.558  85.932
 150.935  12.950  83.587 151.508  13.163  84.463 150.678  12.870  86.692 154.900
  11.618  86.042 155.550  12.433  85.229 154.921  13.500  86.138 157.006  12.430
  84.600 155.894  14.141  85.475 157.943  13.318  84.589 157.044  14.149  85.606
 159.173  13.383  86.604 157.458  11.652  87.020 150.059  12.758  88.028 149.313
  13.408  87.532 148.285  14.341  87.855 148.792  12.188  87.241 146.999  13.931
  87.662 147.863  11.367  86.759 146.067  13.012  87.306 146.948  12.150  85.748
 145.952  12.956  87.274 148.532  15.820  87.578 149.656  16.212  86.726 147.727
  16.700  86.451 146.881  16.308
  85.366 153.587  14.360  85.637 152.390  13.630  84.252 152.731  14.073  85.421
 151.069  12.978  83.285 151.890  13.793  83.945 150.990  13.204  86.642 155.181
  12.045  86.162 155.727  13.025  85.508 154.988  14.157  86.241 157.199  13.088
  85.247 155.900  15.064  85.735 158.051  14.167  85.217 157.067  15.123  85.594
 159.271  14.035  86.709 157.648  12.309  86.282 150.012  12.713  87.139 149.197
  13.315  86.616 148.391  14.417  86.818 148.538  12.132  86.126 147.113  14.196
  86.482 147.565  11.449  86.081 145.902  13.485  86.258 146.690  12.351  85.161
 145.464  13.467  86.717 148.808  15.809  87.141 149.950  15.967  86.276 148.207
  16.958  85.913 147.331  16.741
  85.200 154.232  15.070  85.563 153.043  14.453  84.199 153.278  14.865  85.510
 151.682  13.891  83.352 152.300  14.580  84.067 151.476  13.972  85.731 155.329
  12.457  85.591 156.138  13.377  85.178 155.571  14.646  85.825 157.524  13.210
  85.070 156.630  15.462  85.781 158.549  14.205  85.250 157.810  15.366  86.064
 159.755  14.067  86.201 157.816  12.316  86.559 150.838  13.402  87.221 149.786
  13.852  86.571 148.697  14.685  86.984 149.486  12.531  86.366 147.478  14.089
  86.761 148.736  11.605  86.256 146.544  13.010  86.521 147.687  12.214  85.328
 146.150  12.860  86.358 148.869  16.099  86.705 149.954  16.588  85.815 148.003
  17.007  85.581 147.255  16.430
  85.567 154.520  15.132  85.711 153.213  14.532  84.416 153.705  14.986  85.379
 151.878  13.957  83.410 152.884  14.670  83.945 151.928  14.122  85.746 155.794
  12.288  85.721 156.438  13.341  85.659 155.854  14.711  85.894 157.856  13.230
  85.527 156.843  15.503  85.787 158.840  14.327  85.533 158.006  15.511  85.738
 160.018  14.226  86.122 158.268  12.333  86.220 150.732  13.880  87.311 150.068
  14.337  87.036 148.688  14.918  87.339 149.859  13.033  87.267 147.545  14.145
  87.519 149.247  11.999  87.398 146.768  12.997  87.482 148.047  12.376  86.524
 146.316  12.732  86.699 148.438  16.286  86.389 149.373  16.951  86.849 147.201
  16.881  87.050 146.503  16.234
  85.364 154.466  15.450  85.758 153.160  14.888  84.336 153.440  15.257  85.665
 151.744  14.333  83.499 152.437  15.184  84.155 151.571  14.541  85.225 155.470
  12.729  85.387 156.286  13.620  85.397 155.810  15.022  85.710 157.699  13.381
  85.621 156.867  15.834  85.947 158.753  14.338  85.822 158.016  15.629  85.961
 159.976  14.127  85.640 158.022  12.423  86.707 150.857  13.929  87.873 150.250
  14.318  87.859 148.934  14.958  87.719 150.009  12.961  88.024 147.783  14.175
  87.874 149.347  11.941  87.713 146.991  13.044  87.866 148.205  12.414  86.747
 146.690  12.921  87.733 148.619  16.426  87.864 149.658  17.135  87.549 147.417
  17.036  87.592 146.707  16.373
  85.471 154.778  15.699  85.873 153.532  15.167  84.424 153.877  15.302  85.780
 152.091  14.739  83.580 152.952  15.009  84.321 151.990  14.698  86.134 155.926
  12.959  85.889 156.644  13.921  85.655 156.117  15.305  85.750 158.132  13.740
  85.321 157.157  16.042  85.514 159.102  14.730  85.348 158.325  15.918  85.413
 160.289  14.581  85.782 158.377  12.758  86.685 151.216  14.067  87.844 150.515
  14.234  87.847 149.254  14.993  87.426 150.293  12.984  87.615 148.157  14.322
  87.233 149.554  12.038  87.851 147.284  13.234  87.435 148.439  12.584  87.221
 146.496  13.087  88.038 149.070  16.422  88.260 150.118  17.047  88.023 147.892
  17.138  87.918 147.217  16.446
  86.202 154.522  15.230  86.368 153.277  14.631  85.037 153.703  15.188  86.110
 151.852  14.238  84.111 152.846  15.156  84.638 151.843  14.612  86.366 155.865
  12.484  86.408 156.521  13.496  86.297 155.882  14.885  86.450 157.979  13.401
  85.976 156.879  15.670  86.181 158.934  14.446  85.994 158.048  15.562  86.086
 160.142  14.278  86.514 158.309  12.445  87.019 150.820  13.873  88.032 149.982
  14.200  87.762 148.818  15.009  87.660 149.703  12.937  87.545 147.592  14.452
  87.413 148.891  12.036  87.537 146.595  13.431  87.457 147.749  12.602  86.704
 146.010  13.364  87.729 148.757  16.501  87.842 149.806  17.093  87.678 147.621
  17.308  87.780 146.815  16.773
  85.415 154.197  14.944  86.109 152.991  14.597  84.632 152.999  14.681  86.371
 151.579  14.184  83.972 151.904  14.516  84.939 151.158  14.148  86.073 155.340
  12.276  85.944 156.070  13.284  85.220 155.505  14.474  86.324 157.522  13.288
  85.140 156.546  15.301  86.081 158.495  14.328  85.468 157.660  15.310  86.288
 159.674  14.287  86.584 158.000  12.433  87.554 150.894  13.890  88.485 150.000
  14.259  88.066 148.680  14.812  88.381 149.941  12.907  87.787 147.627  13.962
  88.398 149.305  11.834  88.084 146.849  12.795  88.238 148.104  12.185  87.350
 146.340  12.304  87.869 148.324  16.199  88.181 149.177  17.005  87.417 147.152
  16.674  87.006 146.755  15.887
  85.794 154.389  15.288  86.252 153.305  14.529  84.896 153.294  15.218  86.287
 151.971  13.920  84.226 152.212  15.095  84.915 151.530  14.338  85.118 155.816
  12.675  85.352 156.378  13.741  85.313 155.664  15.046  85.595 157.846  13.684
  85.345 156.708  15.924  85.680 158.736  14.763  85.546 157.872  15.941  85.707
 159.944  14.618  85.673 158.268  12.766  87.426 151.275  13.357  88.532 150.575
  13.623  88.440 149.135  13.889  88.468 150.599  12.279  88.721 148.161  12.942
  88.535 150.153  11.136  88.681 147.603  11.700  88.553 148.952  11.406  87.828
 147.086  11.486  87.978 148.711  15.187  87.777 149.533  16.080  87.710 147.397
  15.402  87.679 146.984  14.522
  86.021 154.629  15.639  86.520 153.528  14.967  85.134 153.562  15.189  86.688
 152.193  14.276  84.401 152.533  14.894  85.245 151.815  14.320  85.186 155.955
  13.054  85.442 156.599  14.038  85.704 155.979  15.382  85.450 158.047  13.934
  85.984 156.956  16.179  85.673 159.035  14.988  86.016 158.146  16.095  85.613
 160.266  14.840  85.171 158.364  13.013  87.874 151.475  13.742  88.700 150.493
  13.671  88.138 149.135  13.757  88.467 150.876  12.336  87.754 148.394  12.673
  88.197 150.672  11.151  87.288 148.174  11.352  87.844 149.475  11.222  86.280
 148.181  11.197  88.019 148.459  15.046  88.256 149.133  15.981  87.868 147.077
  15.204  87.666 146.723  14.320
  85.944 154.597  15.455  86.291 153.445  14.740  84.888 153.787  14.980  86.197
 152.158  13.997  83.989 152.912  14.564  84.676 152.050  13.973  86.622 155.984
  12.876  86.370 156.624  13.917  86.074 155.962  15.224  86.415 158.154  13.887
  85.862 156.904  16.092  86.129 159.022  15.049  85.858 158.074  16.144  86.166
 160.243  15.057  86.578 158.563  12.974  87.211 151.338  13.484  88.324 150.665
  13.757  88.432 149.197  13.645  88.581 151.205  12.527  88.702 148.574  12.414
  89.030 151.134  11.398  89.620 148.558  11.318  89.280 149.944  11.275  89.273
 148.121  10.465  88.125 148.219  14.709  87.740 148.621  15.789  88.084 146.842
  14.629  88.597 146.691  13.817
  85.815 155.159  15.133  86.493 154.186  14.417  85.013 154.054  14.668  86.762
 152.938  13.613  84.421 153.036  14.106  85.363 152.375  13.630  85.261 156.569
  12.511  85.417 157.147  13.581  85.508 156.518  14.890  85.556 158.675  13.569
  85.589 157.476  15.815  85.739 159.539  14.662  85.656 158.681  15.854  85.762
 160.721  14.539  85.449 159.138  12.674  87.972 152.240  13.280  88.849 151.472
  13.899  88.674 150.029  13.899  89.385 151.813  12.676  89.113 149.195  12.913
  89.876 151.503  11.582  90.076 148.891  11.874  89.957 150.268  11.612  89.639
 148.434  11.075  88.036 149.355  15.068  87.689 150.054  15.986  87.646 148.092
  15.038  88.084 147.703  14.262
  85.778 155.031  15.082  86.061 153.843  14.405  84.788 154.006  14.932  85.954
 152.430  13.743  83.871 153.080  14.750  84.567 152.183  14.219  86.055 156.420
  12.426  85.870 157.104  13.422  85.694 156.398  14.749  85.773 158.511  13.395
  85.447 157.326  15.609  85.579 159.422  14.524  85.381 158.517  15.698  85.523
 160.596  14.470  85.754 158.932  12.473  86.945 151.605  13.269  88.255 151.207
  13.532  88.604 149.795  13.733  88.172 151.394  12.180  89.167 149.087  12.795
  88.314 151.053  11.018  89.447 148.755  11.431  88.758 149.919  11.135  89.065
 147.858  11.134  88.289 148.974  14.964  87.790 149.593  15.896  88.560 147.678
  15.142  88.896 147.462  14.255
  85.286 154.260  15.462  85.900 153.197  14.854  84.402 153.262  14.905  86.019
 151.909  13.955  83.711 152.336  14.344  84.556 151.605  13.811  85.526 155.572
  12.683  85.608 156.228  13.688  85.263 155.633  15.016  85.824 157.657  13.611
  85.276 156.620  15.839  85.749 158.582  14.687  85.485 157.745  15.861  86.053
 159.789  14.623  86.015 158.070  12.705  87.232 151.403  13.381  88.418 150.803
  13.506  88.549 149.296  13.562  88.221 151.105  12.189  88.543 148.520  12.383
  88.227 150.891  10.977  88.888 148.402  11.014  88.461 149.683  10.946  88.333
 147.807  10.399  88.812 148.613  14.801  88.855 149.323  15.761  88.897 147.297
  14.958  88.941 146.900  14.071
  85.760 154.553  15.109  86.509 153.683  14.354  85.068 153.403  14.600  86.950
 152.462  13.573  84.587 152.314  14.096  85.625 151.879  13.469  85.069 155.985
  12.568  85.236 156.621  13.568  85.296 155.861  14.924  85.446 158.083  13.560
  85.574 156.837  15.755  85.708 158.964  14.699  85.766 157.997  15.795  86.013
 160.157  14.684  85.274 158.438  12.627  88.182 151.841  13.591  88.875 150.943
  14.328  88.276 149.598  14.488  89.394 150.984  13.100  88.369 148.612  13.518
  89.862 150.471  12.057  88.714 148.092  12.243  89.420 149.293  12.133  87.936
 148.158  11.586  87.396 149.221  15.533  87.368 149.916  16.538  86.612 148.073
  15.599  86.777 147.638  14.745
  85.288 154.745  15.167  86.068 153.790  14.585  84.596 153.507  14.787  86.520
 152.511  13.994  84.235 152.319  14.440  85.245 151.776  14.003  84.783 156.233
  12.581  84.876 156.793  13.681  85.000 156.115  14.988  85.101 158.261  13.669
  85.175 157.028  15.902  85.086 159.129  14.805  85.138 158.197  15.916  85.237
 160.279  14.705  84.960 158.736  12.785  87.769 151.962  13.810  88.695 151.167
  14.407  88.498 149.730  14.762  88.987 151.237  13.095  89.039 148.780  13.956
  89.357 150.736  12.015  89.292 148.221  12.697  89.343 149.521  12.281  88.628
 147.532  12.345  87.818 149.352  15.946  87.468 150.163  16.658  87.674 148.027
  16.351  87.899 147.387  15.654
  85.558 154.703  15.578  86.225 153.681  14.928  84.747 153.590  15.065  86.498
 152.346  14.301  84.141 152.582  14.615  85.088 151.894  14.184  84.656 155.887
  12.931  84.958 156.593  13.921  85.243 156.030  15.300  85.051 158.059  13.733
  85.580 157.012  16.027  85.356 159.052  14.745  85.647 158.196  15.911  85.516
 160.256  14.602  84.975 158.353  12.766  87.685 151.726  13.806  88.899 151.063
  14.064  89.007 149.611  14.165  88.942 151.434  12.779  89.588 148.907  13.110
  89.192 151.211  11.592  89.722 148.635  11.685  89.473 150.002  11.572  89.009
 147.987  11.351  88.764 148.872  15.349  88.234 149.535  16.320  88.790 147.570
  15.585  89.269 147.272  14.792
  85.768 154.963  15.502  86.345 153.898  14.849  84.933 153.824  15.139  86.527
 152.512  14.204  84.281 152.789  14.816  85.155 152.132  14.186  85.139 156.220
  12.989  85.372 156.878  13.945  85.473 156.294  15.264  85.471 158.332  13.826
  85.657 157.274  16.103  85.634 159.337  14.821  85.736 158.499  16.011  85.543
 160.552  14.639  85.475 158.644  12.862  87.666 151.890  13.596  88.769 151.272
  13.904  88.793 149.827  13.903  88.855 151.581  12.585  88.964 149.039  12.825
  89.109 151.368  11.381  89.591 148.832  11.509  89.182 150.133  11.357  89.039
 148.123  11.030  88.816 149.028  15.175  88.471 149.573  16.183  89.153 147.702
  15.322  89.481 147.412  14.454
  85.754 155.108  15.312  86.323 153.989  14.625  84.867 153.961  15.046  86.444
 152.608  13.945  84.204 152.904  14.771  85.011 152.230  14.096  85.411 156.415
  12.607  85.468 157.072  13.671  85.570 156.427  15.026  85.562 158.529  13.658
  85.890 157.332  15.926  85.812 159.408  14.845  85.968 158.484  15.955  85.757
 160.666  14.840  85.376 159.033  12.799  87.504 151.875  13.376  88.734 151.451
  13.754  88.843 149.976  14.057  88.679 151.524  12.405  89.187 149.052  13.040
  88.864 151.140  11.227  89.514 148.730  11.737  89.094 149.954  11.430  88.942
 147.927  11.475  88.629 149.377  15.397  88.273 150.154  16.313  88.761 148.063
  15.760  89.064 147.541  14.997
  85.470 154.704  15.511  85.980 153.596  14.908  84.556 153.709  14.984  86.140
 152.310  14.189  83.840 152.765  14.434  84.726 151.979  14.005  85.594 156.000
  12.884  85.625 156.689  13.908  85.543 156.068  15.210  85.611 158.150  13.860
  85.454 157.021  16.132  85.496 159.107  14.956  85.453 158.206  16.105  85.506
 160.297  14.904  85.500 158.568  12.944  87.328 151.848  13.612  88.607 151.514
  14.001  89.027 150.221  14.508  88.600 151.475  12.729  89.379 149.220  13.643
  89.004 151.056  11.685  90.147 148.859  12.513  89.475 149.965  12.036  89.833
 147.978  12.108  88.976 149.873  15.860  88.507 150.720  16.600  89.304 148.649
  16.437  89.734 148.257  15.658
  85.650 154.649  15.963  86.238 153.534  15.442  84.773 153.615  15.399  86.525
 152.211  14.782  84.149 152.611  14.845  85.069 151.796  14.637  85.199 155.679
  13.260  85.237 156.435  14.191  85.346 155.915  15.566  85.134 157.877  13.990
  85.429 156.952  16.349  85.200 158.846  15.034  85.342 158.102  16.277  85.236
 160.026  14.845  85.075 158.267  13.057  87.788 151.560  14.336  89.073 151.233
  14.487  89.435 149.806  14.218  88.995 151.798  13.251  89.349 149.197  12.984
  89.102 151.836  12.035  89.271 149.277  11.514  89.235 150.624  11.765  88.400
 148.937  11.107  89.946 149.021  15.278  90.083 149.515  16.366  90.396 147.746
  15.103  90.008 147.396  14.283
  86.225 154.414  16.066  86.960 153.341  15.509  85.689 153.102  16.176  87.324
 152.016  14.960  85.219 151.877  16.173  86.189 151.267  15.598  86.147 155.199
  13.370  85.834 156.087  14.158  85.622 155.637  15.533  85.646 157.467  13.841
  85.408 156.714  16.241  85.462 158.562  14.749  85.311 157.877  16.043  85.486
 159.733  14.461  85.859 157.723  12.884  88.204 151.488  14.045  89.357 150.782
  13.849  89.285 149.323  13.448  89.073 151.539  12.742  89.518 148.903  12.131
  89.038 151.672  11.537  89.277 149.158  10.769  89.251 150.524  11.087  88.377
 148.787  10.466  88.848 148.154  14.216  88.377 148.439  15.310  88.797 146.834
  13.800  89.164 146.738  12.904
  86.047 154.404  15.476  86.613 153.213  14.975  85.162 153.356  15.117  86.723
 151.871  14.290  84.408 152.380  14.764  85.255 151.548  14.270  85.267 155.543
  12.916  85.419 156.286  13.873  85.941 155.745  15.181  85.080 157.737  13.829
  86.027 156.725  16.064  85.256 158.683  14.875  85.774 157.861  16.017  85.109
 159.859  14.792  84.714 158.085  12.951  87.883 151.235  13.696  89.015 150.438
  13.844  88.854 149.086  13.298  89.260 151.207  12.741  89.252 148.743  12.034
  89.623 151.420  11.592  89.226 148.991  10.670  89.502 150.305  11.115  88.287
 148.995  10.273  88.210 148.060  14.077  87.593 148.433  15.057  88.251 146.708
  13.828  88.809 146.594  13.040
  85.433 154.862  15.890  86.057 153.834  15.182  84.662 153.758  15.401  86.364
 152.475  14.512  83.982 152.781  14.922  84.907 152.049  14.506  85.054 155.956
  13.264  85.160 156.718  14.206  85.182 156.204  15.561  85.347 158.134  13.989
  85.378 157.283  16.318  85.489 159.164  14.936  85.544 158.457  16.169  85.659
 160.385  14.711  85.321 158.393  13.010  87.437 152.004  13.697  88.647 151.479
  13.698  88.932 150.134  13.252  88.598 152.239  12.542  89.317 149.855  12.026
  88.851 152.467  11.405  89.162 149.977  10.595  89.046 151.330  10.981  88.246
 149.679  10.261  88.649 148.964  14.099  88.027 149.200  15.147  88.965 147.641
  13.848  89.429 147.599  12.994
  86.137 155.001  16.107  86.672 153.929  15.360  85.221 154.023  15.697  86.713
 152.605  14.621  84.497 153.095  15.218  85.287 152.396  14.544  85.676 156.242
  13.282  85.715 156.949  14.265  85.937 156.381  15.680  85.512 158.400  14.181
  85.769 157.339  16.506  85.323 159.390  15.278  85.524 158.516  16.439  85.192
 160.585  15.144  85.354 158.761  13.247  87.772 152.090  13.759  88.977 151.612
  13.660  89.235 150.338  12.979  88.887 152.596  12.721  89.654 150.326  11.643
  88.986 152.956  11.573  89.473 150.683  10.353  89.265 151.980  10.946  88.701
 150.191   9.904  89.083 149.051  13.643  88.894 149.038  14.886  89.284 147.819
  13.141  89.475 147.853  12.188
  85.504 154.463  15.594  86.183 153.343  15.037  84.703 153.360  15.091  86.460
 152.070  14.256  84.065 152.338  14.594  85.009 151.649  14.117  85.282 155.760
  12.793  85.470 156.463  13.839  85.371 155.853  15.176  85.546 157.925  13.752
  85.586 156.872  15.995  85.796 158.889  14.825  85.679 158.033  16.009  85.973
 160.119  14.683  85.445 158.274  12.806  87.559 151.925  13.440  88.880 151.560
  13.381  89.257 150.149  12.936  88.693 152.286  12.268  89.374 149.845  11.614
  88.824 152.577  11.103  89.830 150.246  10.329  89.236 151.484  10.690  89.382
 149.728   9.574  89.500 149.037  13.805  89.178 149.206  14.940  90.019 147.858
  13.513  90.398 147.913  12.619
  86.330 154.680  16.068  86.893 153.558  15.505  85.617 153.457  16.209  87.083
 152.131  14.962  85.081 152.256  16.305  85.846 151.599  15.582  86.586 155.931
  13.307  86.269 156.625  14.271  85.919 155.956  15.588  86.029 158.045  14.178
  85.574 156.839  16.430  85.639 158.939  15.212  85.419 158.003  16.370  85.522
 160.143  15.102  86.119 158.463  13.259  88.027 151.519  14.062  89.200 150.843
  13.851  89.269 149.564  13.197  89.118 151.808  12.874  89.680 149.484  11.841
  89.344 152.295  11.764  89.757 149.963  10.495  89.549 151.240  11.154  88.989
 149.638   9.909  89.150 148.341  13.931  89.010 148.346  15.120  89.228 147.104
  13.412  89.084 147.258  12.463
  86.341 153.867  15.881  86.969 152.735  15.401  85.465 152.749  15.726  87.000
 151.363  14.644  84.791 151.669  15.447  85.643 150.909  14.856  86.260 155.000
  13.056  86.200 155.742  14.000  86.268 155.204  15.373  85.879 157.164  13.856
  85.969 156.157  16.152  85.733 158.169  14.918  85.772 157.349  16.136  85.522
 159.329  14.659  86.024 157.619  12.963  88.062 150.956  13.791  89.150 150.126
  13.686  89.178 149.004  12.809  89.361 151.201  12.885  89.611 149.064  11.465
  89.750 151.830  11.941  90.049 149.741  10.337  89.916 150.848  11.198  89.377
 149.838   9.576  88.820 147.700  13.210  88.635 147.611  14.426  88.498 146.572
  12.406  88.834 146.770  11.515
  85.461 153.405  15.474  86.148 152.285  15.032  84.653 152.241  15.238  86.388
 150.869  14.479  84.046 151.142  15.008  84.998 150.466  14.551  86.135 154.616
  12.874  85.719 155.339  13.768  85.198 154.696  15.033  85.731 156.837  13.747
  85.118 155.646  15.969  85.438 157.688  14.871  85.079 156.805  16.000  85.513
 158.900  14.808  85.935 157.296  12.867  87.552 150.307  13.877  88.684 149.583
  14.020  89.089 148.584  13.011  89.010 150.784  13.510  89.840 148.893  11.885
  89.661 151.481  12.749  90.466 149.794  10.889  90.140 150.729  11.872  89.971
 149.852  10.000  88.567 147.145  13.022  87.838 146.790  13.931  88.952 146.130
  12.254  89.501 146.545  11.567
  86.298 153.713  16.053  87.004 152.771  15.313  85.518 152.587  15.615  87.257
 151.514  14.426  84.970 151.542  15.205  85.885 150.938  14.583  86.210 155.163
  13.526  85.900 155.752  14.515  85.887 155.067  15.826  85.687 157.191  14.477
  85.587 155.996  16.674  85.539 158.030  15.569  85.446 157.141  16.697  85.661
 159.257  15.587  85.818 157.600  13.559  88.431 151.031  13.789  89.551 150.306
  13.675  89.539 149.306  12.585  89.743 151.489  13.030  90.110 149.553  11.392
  90.085 152.166  12.046  90.398 150.323  10.244  90.232 151.330  11.113  89.644
 150.246   9.562  88.985 147.894  12.651  88.846 147.517  13.807  88.788 147.009
  11.675  89.184 147.474  10.919
  85.862 153.902  15.915  86.702 152.955  15.373  85.260 152.702  15.331  87.241
 151.733  14.684  84.849 151.546  14.856  85.948 151.030  14.512  86.649 155.501
  13.423  86.014 156.003  14.337  85.530 155.215  15.546  85.814 157.400  14.284
  85.287 156.151  16.467  85.472 158.282  15.405  85.216 157.312  16.548  85.426
 159.501  15.315  86.193 157.917  13.499  88.567 151.347  14.361  89.582 150.586
  13.878  89.452 149.649  12.769  89.744 151.773  13.371  89.722 149.992  11.400
  89.971 152.547  12.431  90.158 150.809  10.402  90.098 151.740  11.478  89.464
 151.056   9.698  89.348 148.185  12.944  89.635 147.789  14.084  89.032 147.269
  12.012  88.838 147.778  11.207
  86.470 154.250  15.964  87.001 153.167  15.290  85.633 153.082  15.842  87.234
 151.865  14.651  84.995 151.951  15.601  85.843 151.336  14.959  86.887 155.530
  13.354  86.313 156.155  14.204  86.058 155.561  15.523  86.018 157.532  13.941
  85.734 156.601  16.256  85.630 158.523  14.888  85.483 157.744  16.113  85.661
 159.738  14.755  86.207 157.863  13.002  88.343 151.361  13.836  89.607 150.921
  13.779  89.895 149.662  12.986  89.540 151.908  12.850  90.129 149.678  11.658
  89.758 152.441  11.737  90.674 150.239  10.503  90.142 151.414  11.116  90.196
 150.019   9.630  89.772 148.364  13.583  89.335 148.278  14.772  89.940 147.122
  13.018  89.974 147.271  12.058
  86.597 154.557  15.469  87.341 153.589  14.816  85.994 153.310  15.322  87.776
 152.224  14.336  85.592 152.071  15.260  86.563 151.497  14.687  86.383 155.920
  12.952  86.104 156.549  13.944  86.117 155.854  15.242  85.936 157.967  13.925
  86.167 156.730  16.200  85.914 158.834  15.054  86.107 157.930  16.280  85.918
 160.038  14.918  86.088 158.315  12.986  89.018 151.818  13.716  89.798 150.767
  13.303  89.328 149.653  12.569  90.007 151.735  12.398  89.341 149.620  11.226
  90.235 152.145  11.277  89.880 149.933   9.991  90.055 151.104  10.580  89.313
 149.945   9.144  88.814 148.410  13.177  88.905 148.330  14.375  88.192 147.409
  12.463  88.131 147.661  11.525
  86.531 154.765  15.844  87.159 153.656  15.244  85.705 153.662  15.381  87.332
 152.350  14.417  85.039 152.593  15.003  85.976 151.838  14.637  86.326 155.963
  13.230  86.091 156.621  14.238  86.206 156.032  15.545  85.698 158.031  14.175
  86.043 156.947  16.462  85.500 158.960  15.253  85.693 158.087  16.417  85.419
 160.140  15.076  85.495 158.322  13.226  88.279 151.954  13.454  89.417 151.184
  13.228  89.269 150.039  12.357  89.606 152.227  12.487  89.500 150.115  10.945
  89.914 152.800  11.455  90.091 150.765   9.782  90.012 151.920  10.593  89.465
 150.845   8.981  88.896 148.716  12.763  88.413 148.521  13.876  89.191 147.614
  12.019  89.886 147.903  11.402
  86.411 154.786  15.872  87.087 153.839  15.116  85.808 153.513  15.876  87.317
 152.549  14.423  85.377 152.317  15.737  86.241 151.831  15.053  85.847 155.786
  13.250  85.845 156.587  14.208  85.757 155.966  15.592  85.954 158.076  14.070
  85.785 156.962  16.397  85.854 158.986  15.141  85.795 158.133  16.338  85.724
 160.177  14.917  85.989 158.502  13.152  88.291 152.195  13.396  89.421 151.483
  13.234  89.408 150.304  12.377  89.656 152.522  12.458  89.788 150.280  11.064
  89.943 152.999  11.362  90.163 150.888   9.780  90.105 152.072  10.574  89.413
 150.854   9.089  88.864 149.062  12.837  88.498 148.913  14.003  88.845 147.949
  12.021  89.498 148.085  11.314
  86.068 154.580  15.491  86.673 153.654  14.615  85.463 153.315  15.369  86.891
 152.437  13.804  84.891 152.173  15.160  85.684 151.649  14.387  84.874 155.951
  13.282  85.120 156.557  14.316  85.382 155.763  15.538  85.390 157.976  14.370
  85.523 156.620  16.514  85.712 158.755  15.515  85.701 157.775  16.632  85.826
 159.984  15.551  85.437 158.490  13.497  88.106 152.011  13.133  89.263 151.259
  13.230  89.538 150.134  12.393  89.513 152.355  12.472  89.891 150.231  11.071
  89.910 152.939  11.511  90.691 150.882  10.051  90.303 152.009  10.757  90.335
 150.798   9.100  89.484 148.738  12.862  89.056 148.610  13.993  89.776 147.682
  12.095  89.844 148.083  11.212
  85.829 154.406  15.809  86.638 153.358  15.309  85.184 153.169  15.369  87.096
 152.149  14.566  84.714 152.083  14.812  85.762 151.536  14.469  84.483 155.822
  13.580  85.075 156.453  14.414  85.715 155.741  15.518  85.132 157.972  14.428
  86.265 156.598  16.310  85.755 158.754  15.380  86.371 157.758  16.334  85.794
 159.950  15.363  84.751 158.441  13.615  88.312 151.923  13.749  89.383 151.223
  13.420  89.271 150.173  12.393  89.365 152.408  12.714  89.366 150.383  11.014
  89.529 153.065  11.673  89.656 151.143   9.828  89.578 152.228  10.773  88.861
 151.078   9.193  88.969 148.777  12.768  88.863 148.546  13.994  88.776 147.741
  11.924  88.864 148.102  11.025
  86.968 154.512  15.663  87.438 153.572  14.733  86.336 153.237  15.673  87.607
 152.260  13.987  85.800 152.045  15.565  86.432 151.550  14.644  84.695 155.419
  13.948  85.209 156.203  14.753  86.268 155.740  15.671  84.934 157.643  14.679
  86.789 156.836  16.150  85.599 158.716  15.408  86.620 157.988  16.173  85.360
 159.901  15.333  84.455 157.861  13.813  88.370 151.925  12.878  89.189 150.923
  12.457  88.641 149.843  11.686  89.395 151.941  11.569  88.687 149.787  10.320
  89.590 152.336  10.440  89.216 150.183   9.045  89.381 151.369   9.777  88.496
 150.269   8.329  88.056 148.660  12.264  88.158 148.477  13.492  87.417 147.649
  11.561  87.060 148.100  10.778
  87.073 154.955  15.386  87.442 153.906  14.600  86.356 153.695  15.542  87.586
 152.586  13.954  85.852 152.472  15.588  86.585 151.884  14.744  84.975 155.748
  13.504  85.380 156.615  14.266  86.445 156.192  15.277  85.026 158.038  14.168
  86.706 157.294  15.930  85.432 159.111  15.078  86.297 158.448  16.020  85.139
 160.310  14.988  84.291 158.260  13.508  88.497 151.993  12.999  89.117 150.858
  12.601  88.429 149.769  11.857  89.470 151.816  11.718  88.517 149.611  10.512
  89.726 152.097  10.580  88.704 150.120   9.187  89.369 151.126   9.890  87.835
 150.470   8.784  87.479 148.859  12.531  87.488 148.766  13.721  86.669 148.006
  11.895  86.788 148.190  10.948
  86.523 154.764  15.750  86.971 153.761  14.949  85.678 153.586  15.644  87.112
 152.400  14.327  85.062 152.449  15.485  85.835 151.876  14.725  84.927 156.095
  13.440  85.365 156.652  14.418  86.026 156.057  15.586  85.206 158.123  14.373
  86.433 157.051  16.346  85.566 159.049  15.387  86.265 158.238  16.357  85.330
 160.246  15.244  84.671 158.477  13.589  88.126 151.814  13.541  88.928 150.770
  13.161  88.394 149.826  12.121  89.435 151.849  12.468  88.593 150.092  10.759
  89.770 152.465  11.449  88.644 150.914   9.649  89.355 151.742  10.570  87.749
 151.342   9.415  87.712 148.569  12.410  87.462 148.217  13.551  87.336 147.671
  11.474  87.655 147.925  10.591
  86.018 154.450  15.950  86.619 153.349  15.335  85.178 153.315  15.586  86.841
 151.967  14.788  84.514 152.226  15.392  85.424 151.516  14.910  84.619 155.514
  13.600  85.100 156.284  14.415  85.857 155.798  15.597  85.024 157.720  14.227
  86.172 156.826  16.297  85.520 158.779  15.097  86.104 157.991  16.149  85.565
 160.012  14.865  84.409 157.941  13.453  87.927 151.444  14.037  88.410 150.382
  13.341  87.787 149.889  12.091  89.156 151.477  13.010  88.086 150.427  10.872
  89.684 152.272  12.197  88.552 151.412   9.983  89.146 151.878  11.156  87.854
 152.063   9.625  86.981 148.755  12.028  86.657 148.320  13.123  86.537 148.075
  10.848  86.927 148.491  10.060
  85.826 154.155  15.739  86.540 153.092  15.168  85.057 153.150  15.142  86.840
 151.849  14.411  84.444 152.230  14.561  85.375 151.511  14.142  85.770 155.398
  13.028  85.698 156.032  14.040  85.743 155.464  15.424  85.621 157.496  13.853
  85.750 156.492  16.281  85.624 158.476  14.954  85.718 157.663  16.166  85.524
 159.682  14.784  85.494 157.837  12.907  88.046 151.412  13.729  88.678 150.385
  13.136  88.102 149.727  11.895  89.309 151.477  12.651  88.437 150.098  10.603
  89.843 152.224  11.842  88.754 151.077   9.645  89.360 151.711  10.749  87.912
 151.512   9.269  87.045 148.682  11.839  86.548 148.433  12.894  86.369 148.312
  10.716  86.925 148.502   9.940
  85.315 153.841  15.568  85.874 152.683  15.045  84.456 152.936  14.923  86.047
 151.426  14.197  83.728 152.084  14.276  84.608 151.295  13.855  85.135 155.223
  12.937  85.414 155.836  13.954  85.440 155.228  15.252  85.697 157.283  13.872
  85.848 156.117  16.145  86.128 158.163  14.896  86.088 157.286  16.125  86.462
 159.352  14.745  85.542 157.706  12.965  86.959 151.079  13.232  87.919 150.216
  12.790  87.857 149.593  11.392  88.362 151.493  12.571  88.486 150.098  10.279
  88.972 152.361  11.911  88.893 151.177   9.551  88.964 151.823  10.766  88.205
 151.551   8.899  87.197 148.370  11.105  86.585 147.903  12.004  87.132 147.673
   9.975  87.664 148.140   9.309
  85.072 153.503  15.417  85.730 152.443  14.777  84.257 152.476  14.841  85.964
 151.154  14.036  83.607 151.455  14.344  84.530 150.816  13.835  84.943 154.740
  12.659  85.126 155.456  13.690  85.097 154.875  15.091  85.477 156.881  13.586
  85.376 155.803  15.895  85.893 157.820  14.664  85.734 156.948  15.831  86.302
 158.986  14.635  85.402 157.258  12.648  86.944 150.862  13.028  88.071 150.180
  12.676  88.157 149.577  11.270  88.431 151.439  12.590  88.880 150.184  10.342
  88.957 152.419  12.059  89.336 151.326   9.711  89.171 151.931  10.928  88.710
 151.572   8.945  87.520 148.322  10.831  86.684 147.886  11.636  87.693 147.647
   9.662  88.080 148.347   9.108
