Cpptraj Generated trajectory                                                    
  88.135 150.496  18.316  88.253 150.784  16.870  87.474 149.352  17.649  87.963
 150.603  15.646  86.901 148.769  16.656  87.122 149.344  15.219  87.812 148.433
  14.313  85.901 149.486  14.166  86.792 148.763  13.643  85.441 150.714  13.795
  84.256 151.430  14.188  86.343 151.746  13.212  83.813 152.745  14.180  85.924
 152.905  13.285  84.847 153.630  13.719  84.678 155.013  13.640  85.070 155.946
  12.517  84.422 155.791  14.636  85.379 155.546  11.418  85.095 157.382  12.750
  84.529 156.936  14.934  84.960 158.042  13.990  85.118 159.245  14.167  85.404
 157.865  11.915  82.598 153.188  14.564  81.652 152.323  15.014  89.088 149.676
  17.899  93.418 146.545  17.536  92.439 148.018  17.802  91.073 148.033  17.719
  92.929 149.203  18.139  90.330 146.986  17.532  90.511 149.340  17.874  92.647
 150.370  18.233  91.408 150.441  18.170
  88.095 149.598  18.188  88.380 150.051  16.827  87.322 148.700  17.368  88.179
 150.093  15.586  86.804 148.329  16.278  87.124 149.172  14.965  87.646 148.396
  13.859  85.889 149.762  14.043  86.681 148.979  13.374  85.573 151.035  14.117
  84.289 151.606  14.196  86.548 152.149  13.991  83.821 152.867  14.160  86.024
 153.247  14.032  84.799 153.826  14.032  84.639 155.223  13.993  84.682 155.983
  12.761  85.104 156.034  14.946  84.491 155.468  11.645  85.085 157.435  12.831
  85.397 157.161  15.095  85.456 158.163  14.005  85.587 159.372  14.043  85.050
 157.968  11.969  82.484 153.220  14.280  81.711 152.513  14.990  89.074 148.730
  17.778  92.977 145.237  17.304  92.125 146.692  17.703  90.732 146.912  17.649
  92.705 147.809  18.044  89.914 145.879  17.314  90.367 148.242  17.961  92.566
 149.007  18.278  91.377 149.240  18.141
  88.908 149.646  17.325  89.220 150.054  15.977  88.049 148.684  16.553  88.913
 150.082  14.740  87.470 148.404  15.499  87.787 149.157  14.213  88.176 148.305
  13.035  86.509 149.673  13.340  87.177 148.876  12.591  86.220 151.000  13.396
  84.986 151.560  13.776  87.131 152.127  13.093  84.483 152.790  13.814  86.634
 153.234  13.136  85.437 153.780  13.452  85.240 155.133  13.463  85.347 156.026
  12.235  85.278 155.949  14.478  85.390 155.552  11.091  85.462 157.475  12.468
  85.378 157.070  14.681  85.531 158.174  13.723  85.709 159.347  13.883  85.522
 158.073  11.652  83.173 153.139  14.215  82.366 152.254  14.808  89.737 148.631
  16.884  92.200 143.929  17.268  91.857 145.689  17.353  90.788 146.347  16.752
  92.639 146.549  18.066  89.862 145.756  16.016  90.721 147.675  17.187  92.814
 147.643  18.471  91.782 148.187  18.061
  88.716 149.112  16.896  89.370 149.741  15.774  87.965 148.519  15.805  89.407
 150.021  14.523  87.730 148.455  14.546  88.439 149.345  13.518  89.158 148.767
  12.284  87.555 150.229  12.628  88.297 149.580  11.725  86.624 151.164  12.707
  86.248 151.629  13.977  86.129 152.083  11.672  85.758 152.839  14.359  85.624
 153.081  12.129  85.399 153.748  13.275  85.037 155.094  13.422  84.853 156.104
  12.348  85.429 155.745  14.495  84.511 155.781  11.217  85.030 157.525  12.717
  85.686 156.873  14.822  85.563 158.040  14.003  85.666 159.251  14.271  84.713
 158.160  11.993  85.787 153.167  15.676  84.743 152.816  16.381  89.507 148.141
  16.420  92.647 143.849  16.159  92.151 145.550  16.587  90.840 145.996  16.526
  92.940 146.433  17.055  89.867 145.164  16.085  90.675 147.354  16.770  93.020
 147.596  17.288  91.883 148.052  17.147
  88.478 147.951  16.387  89.281 148.998  15.826  88.164 147.862  14.951  89.661
 149.825  14.929  88.133 148.384  13.805  89.048 149.623  13.548  90.024 149.439
  12.367  88.400 150.854  12.813  89.385 150.414  12.018  87.430 151.775  12.949
  86.646 152.060  14.137  87.161 152.845  11.998  86.139 153.218  14.661  86.656
 153.781  12.481  86.143 154.202  13.688  85.749 155.594  13.874  85.240 156.316
  12.701  86.154 156.434  14.796  84.827 155.752  11.693  85.206 157.755  12.818
  86.201 157.623  14.849  85.753 158.573  13.875  85.832 159.736  13.847  84.808
 158.250  12.029  85.718 153.255  15.918  85.132 152.190  16.520  89.584 147.361
  15.856  92.477 143.130  16.776  92.235 144.847  16.521  90.936 145.323  16.298
  93.047 145.873  16.454  89.862 144.578  16.240  90.783 146.666  16.119  93.224
 147.066  16.293  92.108 147.475  16.013
  89.402 148.041  16.836  90.453 148.904  16.251  89.119 148.085  15.393  90.932
 149.659  15.329  89.158 148.577  14.217  90.164 149.698  13.910  91.149 149.641
  12.726  89.606 151.085  13.240  90.566 150.723  12.439  88.715 152.131  13.397
  87.672 152.257  14.392  88.581 153.227  12.512  86.721 153.144  14.618  87.640
 154.057  12.737  86.692 154.198  13.681  85.781 155.338  13.780  85.501 156.199
  12.619  85.751 156.122  14.796  85.504 155.713  11.461  85.357 157.662  12.840
  85.667 157.280  15.043  85.423 158.374  14.112  85.282 159.587  14.289  84.984
 158.148  12.033  85.882 153.044  15.657  85.277 151.923  15.862  90.276 147.193
  16.313  91.301 142.290  18.079  91.611 143.873  17.330  90.572 144.724  17.008
  92.754 144.401  17.007  89.265 144.442  17.170  91.027 145.961  16.488  93.339
 145.293  16.491  92.495 146.038  16.088
  88.977 148.196  16.609  89.953 149.145  16.169  88.964 147.961  15.127  90.491
 149.847  15.227  89.376 148.384  13.953  90.318 149.596  13.728  91.592 149.503
  12.818  89.895 150.818  12.882  90.942 150.492  12.279  88.879 151.690  12.933
  87.908 151.682  14.060  88.663 152.906  12.123  86.976 152.599  14.466  87.810
 153.627  12.555  86.941 153.704  13.576  86.264 154.855  13.900  85.426 155.625
  12.954  86.599 155.666  14.910  85.039 155.177  11.938  85.102 156.963  13.288
  86.371 156.719  15.191  85.519 157.729  14.437  85.159 158.857  14.701  84.470
 157.419  12.640  86.234 152.542  15.665  86.500 151.669  16.607  90.066 147.452
  16.327  90.798 142.662  18.096  91.000 143.971  17.120  90.216 145.136  17.229
  91.920 144.062  16.176  89.225 145.286  18.113  90.655 146.184  16.369  92.376
 144.800  15.379  91.787 145.876  15.439
  89.436 148.181  16.240  90.300 148.928  15.395  88.712 148.082  14.944  90.541
 149.560  14.324  88.560 148.424  13.760  89.568 149.354  13.089  90.080 148.932
  11.737  89.029 150.635  12.339  89.588 150.036  11.379  88.328 151.760  12.687
  87.846 152.078  14.015  87.904 152.910  11.853  87.000 153.004  14.593  87.165
 153.748  12.395  86.668 154.036  13.595  85.827 155.082  13.876  85.366 156.048
  12.818  86.061 155.879  14.934  84.999 155.635  11.724  85.298 157.463  13.155
  85.981 157.023  15.258  85.655 158.152  14.417  85.647 159.320  14.588  84.910
 158.089  12.459  86.523 152.943  15.903  86.782 151.882  16.681  90.118 147.237
  15.579  90.495 142.444  17.517  90.896 143.783  16.538  90.445 145.089  16.658
  91.679 143.700  15.503  89.665 145.497  17.738  90.778 145.960  15.680  92.091
 144.332  14.568  91.697 145.522  14.585
  89.134 147.933  15.937  90.048 148.702  15.041  88.324 148.107  14.750  90.239
 149.452  14.053  88.073 148.673  13.680  89.093 149.560  12.979  89.520 149.136
  11.598  88.611 150.956  12.314  89.135 150.306  11.329  87.854 152.045  12.692
  87.257 152.311  14.009  87.507 153.198  11.810  86.552 153.322  14.542  86.843
 154.070  12.385  86.283 154.345  13.553  85.575 155.517  13.792  85.190 156.440
  12.668  85.890 156.248  14.837  84.810 155.973  11.621  85.228 157.904  12.923
  85.874 157.398  15.078  85.551 158.529  14.233  85.531 159.732  14.479  84.873
 158.577  12.255  86.111 153.275  15.827  86.446 152.310  16.684  89.672 147.014
  15.067  91.715 142.345  16.675  91.209 143.720  15.639  90.510 144.855  16.007
  91.592 143.843  14.375  89.959 145.116  17.247  90.416 145.812  14.926  91.581
 144.415  13.292  91.091 145.501  13.570
  88.457 148.092  15.718  89.424 148.900  14.991  87.833 148.289  14.354  89.827
 149.607  14.065  87.708 148.915  13.294  88.930 149.767  12.815  89.525 149.444
  11.498  88.508 151.203  12.284  89.104 150.629  11.324  87.879 152.348  12.707
  87.100 152.464  13.872  87.835 153.608  11.923  86.365 153.469  14.415  87.146
 154.423  12.460  86.331 154.615  13.567  85.597 155.746  13.844  85.381 156.857
  12.859  85.579 156.310  15.043  85.066 156.666  11.725  85.395 158.196  13.335
  85.580 157.392  15.490  85.589 158.637  14.679  85.818 159.771  15.036  85.291
 158.878  12.592  85.647 153.302  15.530  85.131 152.150  15.796  89.104 147.258
  14.875  92.603 143.534  16.011  91.476 144.401  15.140  90.780 145.555  15.639
  91.124 144.078  13.919  90.958 146.154  16.777  89.832 146.009  14.696  90.414
 144.404  13.004  89.677 145.339  13.385
  87.599 147.934  15.225  88.654 148.797  14.685  87.201 148.082  13.842  89.093
 149.562  13.793  87.175 148.714  12.754  88.281 149.716  12.426  88.981 149.598
  11.081  87.939 151.194  11.943  88.639 150.775  10.945  87.271 152.256  12.391
  86.620 152.337  13.635  87.300 153.561  11.724  86.040 153.311  14.329  86.735
 154.397  12.401  86.038 154.561  13.558  85.663 155.809  14.011  85.261 156.915
  13.115  85.693 156.281  15.236  84.996 156.685  11.928  85.288 158.275  13.699
  85.625 157.358  15.733  85.453 158.590  15.042  85.478 159.763  15.480  85.089
 159.020  13.042  85.629 153.223  15.677  85.666 152.074  16.321  88.390 147.102
  14.468  92.509 143.831  15.533  91.007 144.459  14.881  90.457 145.699  15.114
  90.255 143.767  14.017  91.061 146.735  15.812  89.208 145.880  14.435  89.233
 143.675  13.412  88.632 144.777  13.599
  87.162 147.863  14.873  88.325 148.742  14.589  86.959 148.129  13.525  88.825
 149.618  13.778  87.106 148.855  12.463  88.215 149.942  12.423  89.112 149.740
  11.256  88.053 151.475  11.853  88.854 150.944  11.016  87.401 152.551  12.237
  86.499 152.541  13.412  87.316 153.943  11.675  85.812 153.540  14.075  86.579
 154.706  12.216  85.825 154.758  13.329  85.216 155.976  13.747  85.146 157.146
  12.827  85.492 156.534  14.884  84.967 156.982  11.617  85.309 158.471  13.362
  85.570 157.586  15.442  85.474 158.906  14.714  85.473 160.042  15.098  85.135
 159.178  12.658  84.955 153.352  15.139  85.394 152.826  16.266  88.124 147.079
  14.249  92.071 143.721  14.371  90.552 144.254  14.021  90.124 145.524  14.344
  89.554 143.575  13.507  90.909 146.511  14.878  88.788 145.803  14.069  88.380
 143.529  13.259  87.980 144.665  13.529
  87.338 147.867  15.346  88.574 148.565  15.045  87.152 148.055  13.886  89.300
 149.210  14.212  87.524 148.627  12.802  88.839 149.419  12.742  89.791 149.106
  11.628  88.644 150.852  12.164  89.449 150.318  11.401  88.090 152.017  12.443
  87.156 152.163  13.598  88.164 153.269  11.741  86.409 153.162  14.057  87.506
 154.193  12.217  86.720 154.368  13.293  86.125 155.596  13.630  85.563 156.654
  12.717  86.315 156.205  14.805  85.207 156.298  11.593  85.355 158.028  13.203
  86.301 157.378  15.178  85.873 158.534  14.493  85.796 159.686  14.812  85.077
 158.713  12.511  85.371 153.020  15.021  84.666 151.920  15.149  88.096 146.894
  14.714  91.992 143.233  14.082  90.400 143.879  14.411  90.059 145.242  14.381
  89.344 143.243  14.925  90.806 146.222  13.978  88.718 145.565  14.803  88.174
 143.273  15.331  87.856 144.458  15.318
  87.243 147.529  15.520  88.446 148.377  15.381  87.273 147.798  14.117  89.177
 149.226  14.708  87.630 148.557  13.119  88.828 149.509  13.227  89.959 149.274
  12.280  88.739 150.995  12.723  89.647 150.447  12.024  88.049 152.133  12.882
  87.084 152.309  13.905  88.153 153.407  12.200  86.362 153.389  14.362  87.425
 154.348  12.603  86.486 154.533  13.567  85.789 155.800  13.825  85.286 156.687
  12.767  86.013 156.536  14.909  85.099 156.271  11.657  85.037 158.120  13.077
  85.839 157.630  15.189  85.420 158.720  14.368  85.330 159.873  14.731  84.636
 158.735  12.379  85.556 153.405  15.554  85.763 152.562  16.529  88.278 146.742
  15.026  91.503 142.718  13.732  90.360 143.658  14.650  89.955 144.967  14.383
  89.582 143.171  15.615  90.578 145.728  13.439  88.873 145.418  15.165  88.661
 143.302  16.335  88.290 144.508  16.210
  87.502 148.031  15.611  88.783 148.653  15.102  87.185 148.347  14.239  89.452
 149.302  14.233  87.393 149.012  13.151  88.747 149.744  12.961  89.566 149.411
  11.721  88.787 151.240  12.517  89.448 150.648  11.586  88.220 152.444  12.867
  87.380 152.641  13.950  88.312 153.695  12.158  86.658 153.656  14.443  87.722
 154.625  12.688  86.881 154.906  13.719  86.248 156.150  13.991  85.786 157.001
  12.913  86.565 156.957  14.981  85.528 156.563  11.824  85.678 158.396  13.157
  86.542 158.065  15.219  86.062 159.159  14.270  85.992 160.361  14.338  85.203
 158.918  12.430  85.949 153.651  15.566  84.678 153.334  15.434  87.961 146.995
  14.830  91.103 143.432  12.564  90.044 144.151  13.761  89.483 145.400  13.664
  89.680 143.546  14.863  89.592 146.247  12.649  88.668 145.719  14.736  89.003
 143.616  15.890  88.496 144.726  15.852
  87.064 148.045  15.069  88.276 148.853  14.956  87.052 148.391  13.661  89.027
 149.630  14.305  87.375 149.209  12.758  88.665 150.074  12.871  89.766 149.838
  11.781  88.657 151.605  12.485  89.579 151.131  11.706  88.069 152.790  12.862
  87.003 152.980  13.820  88.447 154.105  12.284  86.360 154.054  14.330  87.771
 155.042  12.731  86.819 155.232  13.681  86.270 156.497  13.953  85.673 157.351
  12.901  86.541 157.204  15.003  85.403 156.821  11.791  85.477 158.761  13.259
  86.432 158.330  15.361  85.831 159.433  14.566  85.758 160.664  14.798  85.022
 159.311  12.541  85.345 153.952  15.302  85.202 152.830  15.956  88.044 147.227
  14.565  91.021 143.113  12.775  90.007 144.163  13.848  89.358 145.339  13.519
  89.752 143.901  15.121  89.496 145.896  12.306  88.661 145.943  14.574  89.211
 144.256  16.113  88.663 145.327  15.866
  87.093 148.258  15.573  88.389 148.971  15.231  86.914 148.673  14.101  89.136
 149.633  14.496  87.283 149.327  13.105  88.635 150.012  13.082  89.585 149.563
  11.943  88.688 151.480  12.454  89.416 150.790  11.602  88.128 152.621  12.765
  87.243 152.701  13.915  88.225 153.940  12.119  86.417 153.704  14.364  87.475
 154.747  12.599  86.551 154.856  13.555  85.985 156.108  13.786  85.647 157.197
  12.788  86.148 156.798  14.891  85.446 156.998  11.595  85.487 158.583  13.232
  86.168 157.957  15.234  85.841 159.135  14.445  85.899 160.367  14.611  85.222
 159.187  12.462  85.582 153.488  15.486  84.946 152.310  15.709  87.754 147.313
  14.802  90.994 143.412  12.941  89.856 144.285  14.027  89.408 145.587  13.830
  89.408 143.815  15.156  89.781 146.255  12.758  88.469 146.047  14.818  88.789
 144.089  16.150  88.245 145.152  15.985
  87.506 148.226  15.566  88.750 148.913  15.214  87.359 148.540  14.130  89.474
 149.674  14.471  87.709 149.120  13.040  89.050 149.921  13.021  90.016 149.671
  11.881  88.929 151.366  12.520  89.819 150.913  11.677  88.181 152.487  12.784
  87.161 152.655  13.815  88.255 153.789  12.038  86.378 153.675  14.235  87.534
 154.648  12.509  86.570 154.839  13.470  85.991 156.053  13.713  85.801 157.015
  12.617  86.234 156.812  14.764  85.653 156.667  11.470  85.925 158.494  12.899
  86.311 157.969  15.064  86.255 159.130  14.163  86.560 160.326  14.350  85.775
 159.084  12.089  85.385 153.573  15.154  85.171 152.447  15.816  88.199 147.307
  14.874  91.361 143.240  14.194  89.888 144.110  14.469  89.827 145.457  14.398
  88.721 143.616  14.888  90.791 146.295  14.070  88.536 145.952  14.728  87.613
 143.806  15.253  87.520 145.012  15.139
  87.357 147.622  15.561  88.531 148.378  15.095  87.070 147.953  14.122  89.186
 149.164  14.344  87.228 148.652  13.095  88.561 149.505  12.943  89.297 149.132
  11.731  88.504 151.047  12.432  89.162 150.426  11.563  87.911 152.200  12.766
  87.198 152.489  13.898  87.993 153.439  11.927  86.496 153.516  14.307  87.415
 154.428  12.392  86.662 154.702  13.504  85.996 155.932  13.743  85.814 157.034
  12.691  86.042 156.527  14.911  85.870 156.875  11.480  85.669 158.380  13.210
  85.913 157.636  15.341  85.662 158.891  14.560  85.639 160.040  14.835  85.503
 159.098  12.515  85.717 153.577  15.477  84.771 152.626  15.485  88.163 146.775
  14.904  92.427 143.851  14.892  90.738 144.192  14.963  90.233 145.496  15.015
  89.743 143.314  14.912  91.097 146.588  15.153  88.875 145.568  14.908  88.526
 143.200  14.729  88.044 144.317  14.871
  86.903 148.109  15.660  87.955 149.052  15.308  86.694 148.270  14.276  88.544
 149.824  14.500  86.890 148.881  13.170  88.126 149.882  13.018  89.144 149.582
  12.002  87.926 151.341  12.320  88.784 150.749  11.608  87.245 152.490  12.513
  86.385 152.685  13.712  87.248 153.762  11.723  85.760 153.768  14.202  86.627
 154.671  12.256  85.907 154.959  13.349  85.434 156.299  13.554  85.311 157.344
  12.483  85.779 157.038  14.570  85.118 157.058  11.347  85.586 158.761  12.717
  86.020 158.210  14.897  85.798 159.394  13.982  85.987 160.551  14.173  85.607
 159.389  11.922  85.070 153.689  15.403  84.629 152.566  15.904  87.918 147.302
  15.116  92.228 144.291  15.215  90.527 144.740  15.185  90.019 145.959  14.988
  89.568 143.872  15.417  90.840 146.963  14.703  88.606 146.062  15.079  88.354
 143.686  15.498  87.831 144.815  15.325
  86.848 149.019  15.466  88.089 149.483  14.995  86.567 149.131  14.048  88.771
 150.113  14.117  86.858 149.663  12.898  88.214 150.322  12.646  89.060 149.796
  11.561  88.273 151.768  11.969  88.940 151.051  11.236  87.774 152.989  12.305
  86.833 153.293  13.401  88.006 154.305  11.667  86.349 154.376  14.004  87.577
 155.280  12.284  86.812 155.548  13.369  86.462 156.815  13.748  86.251 157.931
  12.803  86.349 157.323  14.936  86.252 157.707  11.631  86.023 159.242  13.279
  86.087 158.389  15.341  85.903 159.649  14.614  85.890 160.795  15.055  86.022
 159.987  12.592  85.479 154.328  15.077  85.095 153.159  15.602  87.418 147.917
  14.926  91.349 144.428  14.665  89.851 145.147  15.194  89.291 146.363  14.687
  88.965 144.624  16.065  89.901 147.030  13.706  88.116 146.707  15.230  87.936
 144.811  16.649  87.532 145.897  16.290
  87.487 149.632  15.591  88.744 150.067  15.048  87.247 149.421  14.166  89.453
 150.497  14.075  87.594 149.617  12.969  88.845 150.436  12.626  89.752 150.029
  11.515  88.755 151.895  12.021  89.528 151.288  11.245  88.129 153.055  12.334
  87.349 153.284  13.520  88.422 154.354  11.709  86.793 154.419  14.105  87.875
 155.276  12.315  87.070 155.579  13.396  86.481 156.846  13.678  86.232 157.927
  12.652  86.438 157.406  14.869  86.394 157.708  11.441  85.875 159.242  13.200
  86.083 158.437  15.328  85.685 159.671  14.567  85.506 160.817  14.940  85.720
 159.936  12.478  85.967 154.349  15.183  85.448 153.268  15.636  88.173 148.465
  15.319  90.012 143.592  14.818  89.208 144.957  15.512  89.040 146.136  14.889
  88.675 144.986  16.742  89.480 146.471  13.690  88.390 147.111  15.697  88.215
 145.656  17.621  88.123 146.780  17.111
  87.655 149.544  16.219  88.912 149.957  15.566  87.328 149.417  14.810  89.607
 150.361  14.567  87.546 149.617  13.570  88.877 150.309  13.175  89.605 149.637
  12.038  88.718 151.591  12.271  89.378 150.786  11.506  88.072 152.784  12.436
  87.252 153.087  13.546  88.028 153.884  11.468  86.472 154.151  13.897  87.236
 154.795  11.843  86.479 155.205  12.926  85.780 156.454  13.068  85.638 157.405
  12.014  85.974 157.123  14.170  85.300 157.066  10.905  85.712 158.801  12.376
  85.926 158.241  14.541  85.770 159.385  13.638  85.825 160.611  13.791  85.820
 159.402  11.567  85.869 154.201  15.134  86.019 153.145  15.969  88.342 148.450
  15.839  90.103 143.550  14.847  89.328 144.845  15.771  89.202 146.163  15.297
  88.916 144.813  17.045  89.603 146.496  14.042  88.620 147.059  16.160  88.490
 145.471  17.991  88.235 146.553  17.520
  87.103 148.827  15.728  88.338 149.314  15.083  86.737 148.859  14.350  88.909
 149.851  14.098  86.826 149.240  13.168  88.168 149.914  12.742  88.903 149.298
  11.575  88.093 151.250  12.035  88.760 150.495  11.229  87.601 152.466  12.228
  86.811 152.935  13.325  87.668 153.640  11.238  86.281 154.096  13.756  87.121
 154.680  11.673  86.471 155.158  12.792  86.067 156.425  13.004  86.006 157.499
  11.969  86.176 156.966  14.134  85.622 157.350  10.810  86.264 158.896  12.453
  86.273 158.076  14.547  86.376 159.323  13.780  86.422 160.520  14.144  86.301
 159.620  11.745  85.659 154.124  14.921  85.465 153.039  15.630  87.585 147.681
  15.209  90.734 143.509  14.827  89.492 144.481  15.432  89.089 145.663  14.830
  88.861 144.323  16.593  89.691 146.118  13.665  88.105 146.394  15.567  88.083
 144.787  17.321  87.644 145.822  16.817
  86.601 148.524  15.611  87.867 149.026  15.052  86.251 148.629  14.205  88.542
 149.541  14.142  86.453 149.017  13.032  87.850 149.700  12.750  88.581 149.208
  11.518  87.858 151.127  12.073  88.476 150.412  11.204  87.430 152.382  12.358
  86.600 152.843  13.409  87.625 153.621  11.522  86.093 154.024  13.825  87.268
 154.700  11.954  86.469 155.151  13.009  86.141 156.504  13.271  86.017 157.466
  12.199  86.107 157.164  14.383  85.714 157.171  11.061  85.979 158.820  12.558
  85.977 158.293  14.814  85.899 159.452  13.896  85.932 160.630  14.087  85.775
 159.462  11.801  85.318 154.248  14.950  85.085 153.210  15.716  87.260 147.464
  15.063  90.346 143.503  14.183  89.085 144.347  15.020  88.794 145.656  14.719
  88.213 143.866  15.876  89.513 146.337  13.863  87.686 146.181  15.363  87.193
 144.051  16.517  86.963 145.231  16.310
  86.062 148.347  15.594  87.400 148.858  15.212  85.877 148.600  14.208  88.072
 149.527  14.379  86.183 149.127  13.129  87.572 149.812  12.957  88.465 149.451
  11.726  87.709 151.328  12.445  88.443 150.734  11.598  87.281 152.603  12.787
  86.462 153.030  13.879  87.642 153.832  12.035  85.993 154.243  14.233  87.102
 154.855  12.417  86.360 155.299  13.435  86.005 156.626  13.689  85.909 157.613
  12.570  86.189 157.243  14.791  85.555 157.207  11.494  86.035 159.036  12.935
  86.234 158.378  15.113  86.109 159.554  14.225  86.277 160.689  14.557  85.853
 159.610  12.120  85.199 154.411  15.377  84.613 153.335  15.986  86.603 147.275
  14.953  90.272 143.606  14.234  88.800 144.280  14.848  88.424 145.555  14.532
  87.871 143.690  15.659  89.171 146.273  13.695  87.224 145.973  15.157  86.760
 143.796  16.121  86.388 144.979  15.913
  86.063 149.059  16.008  87.373 149.504  15.568  85.860 149.146  14.530  88.152
 149.943  14.668  86.257 149.618  13.390  87.674 150.155  13.189  88.525 149.616
  12.136  87.838 151.550  12.538  88.510 150.815  11.745  87.465 152.782  12.883
  86.649 153.213  14.023  87.810 154.028  12.152  85.882 154.345  14.261  87.184
 155.001  12.508  86.255 155.426  13.416  85.755 156.660  13.574  85.706 157.664
  12.450  86.071 157.334  14.675  85.554 157.403  11.301  85.991 159.009  12.801
  86.211 158.469  14.959  86.218 159.617  14.067  86.492 160.789  14.222  85.926
 159.546  11.944  84.947 154.465  15.341  84.552 153.466  16.047  86.697 147.998
  15.439  89.349 143.446  14.884  88.023 144.512  15.213  88.082 145.925  14.969
  86.866 144.172  15.786  89.114 146.614  14.434  86.883 146.572  15.337  85.740
 144.533  16.052  85.786 145.742  15.854
  85.509 148.826  15.782  86.958 149.115  15.520  85.528 148.896  14.375  87.845
 149.588  14.769  86.092 149.299  13.299  87.468 149.879  13.257  88.478 149.392
  12.288  87.757 151.325  12.735  88.557 150.601  12.067  87.289 152.576  12.861
  86.135 152.906  13.657  87.768 153.744  12.167  85.533 154.072  13.956  87.149
 154.744  12.531  86.142 155.162  13.287  85.694 156.475  13.358  86.005 157.596
  12.376  85.746 157.112  14.507  86.119 157.283  11.193  86.176 158.935  12.818
  86.001 158.214  14.915  86.253 159.384  14.201  86.722 160.437  14.565  86.489
 159.579  12.100  84.418 154.275  14.661  83.570 153.338  15.020  85.993 147.633
  15.341  88.394 142.996  15.781  87.173 144.161  15.978  87.309 145.465  15.501
  86.054 144.098  16.607  88.342 145.915  14.757  86.177 146.268  15.705  85.081
 144.658  16.976  85.089 145.783  16.493
  84.749 148.436  16.567  86.147 148.914  16.395  84.865 148.585  15.049  87.107
 149.436  15.723  85.523 149.030  14.059  86.921 149.648  14.237  88.116 149.046
  13.444  87.353 151.034  13.597  88.222 150.235  13.121  86.916 152.250  13.670
  85.836 152.685  14.497  87.445 153.405  12.930  85.171 153.881  14.619  86.824
 154.422  13.146  85.808 154.928  13.911  85.437 156.297  13.966  85.900 157.269
  13.012  85.315 156.942  15.091  86.122 156.842  11.906  85.981 158.695  13.360
  85.451 158.089  15.489  85.915 159.283  14.684  86.182 160.443  15.004  86.199
 159.410  12.676  84.047 154.101  15.402  83.157 153.147  15.634  85.444 147.373
  16.162  88.305 143.029  14.887  87.052 143.985  15.710  86.894 145.389  15.571
  86.090 143.577  16.508  87.764 146.128  14.813  85.770 145.950  16.234  85.139
 143.859  17.254  84.885 145.057  17.019
  85.291 148.104  17.011  86.624 148.624  16.595  85.105 148.296  15.599  87.402
 149.145  15.711  85.503 148.735  14.477  86.887 149.332  14.302  87.664 148.664
  13.212  87.124 150.655  13.501  87.697 149.836  12.789  86.784 151.962  13.681
  85.951 152.564  14.636  87.169 153.059  12.708  85.494 153.793  14.834  86.775
 154.181  12.966  85.934 154.726  13.872  85.556 156.085  13.779  85.771 156.931
  12.519  85.625 156.906  14.780  85.888 156.447  11.433  85.826 158.392  12.760
  85.746 158.071  14.968  85.860 159.099  13.943  85.881 160.314  13.989  85.897
 158.924  11.901  84.562 154.064  15.867  84.129 153.086  16.681  85.942 147.091
  16.474  88.308 142.579  14.942  87.363 143.674  15.918  86.978 144.942  15.540
  86.923 143.448  17.094  87.329 145.472  14.319  86.332 145.704  16.571  86.254
 143.779  18.064  86.029 144.976  17.827
  86.428 148.659  17.285  87.516 149.045  16.306  85.748 148.704  15.920  87.944
 149.431  15.187  85.696 149.028  14.667  86.992 149.534  13.951  87.499 148.785
  12.700  86.870 150.858  13.135  87.303 149.995  12.271  86.467 152.133  13.341
  85.917 152.591  14.525  86.486 153.197  12.355  85.505 153.792  14.914  86.012
 154.293  12.712  85.495 154.788  13.869  85.122 156.078  14.026  85.237 157.206
  13.012  85.338 156.714  15.195  85.116 157.048  11.823  85.571 158.541  13.449
  85.581 157.801  15.612  85.782 159.049  14.811  86.005 160.240  15.102  85.773
 159.100  12.628  84.965 154.026  16.185  84.129 153.173  16.681  86.758 147.472
  16.696  85.662 142.587  15.067  86.418 143.846  16.093  86.175 145.215  15.868
  87.324 143.723  17.066  85.367 145.678  14.923  86.851 146.072  16.750  87.969
 144.278  17.908  87.585 145.460  17.842
  85.773 148.355  16.989  86.999 148.831  16.277  85.305 148.550  15.611  87.640
 149.333  15.332  85.503 148.976  14.427  86.872 149.581  13.989  87.597 148.954
  12.844  87.169 150.952  13.254  87.747 150.124  12.384  86.908 152.216  13.389
  86.278 152.813  14.525  87.256 153.336  12.479  85.708 154.009  14.817  86.686
 154.401  12.776  85.998 154.932  13.776  85.776 156.354  13.886  85.452 157.345
  12.821  85.759 156.992  15.055  85.341 156.942  11.640  85.484 158.791  13.183
  85.685 158.127  15.359  85.582 159.296  14.520  85.635 160.440  14.909  85.623
 159.461  12.436  84.970 154.235  15.888  84.960 153.353  16.888  86.160 147.251
  16.293  84.549 142.207  15.388  85.559 143.596  15.834  85.240 144.959  15.827
  86.778 143.452  16.364  84.067 145.396  15.333  86.273 145.787  16.249  87.700
 144.042  16.863  87.398 145.227  16.819
  85.463 148.470  15.878  86.671 148.738  15.186  85.045 148.512  14.453  87.370
 149.097  14.200  85.285 148.879  13.256  86.640 149.334  12.839  87.141 148.656
  11.559  86.875 150.691  12.139  87.192 149.915  11.223  86.615 151.960  12.406
  86.008 152.502  13.629  86.932 153.136  11.576  85.798 153.734  14.193  86.671
 154.249  12.092  86.194 154.781  13.276  86.061 156.181  13.527  85.620 157.218
  12.619  86.428 156.786  14.601  85.214 156.900  11.492  85.704 158.562  13.014
  86.562 157.836  15.040  86.162 159.013  14.298  86.335 160.210  14.506  85.555
 159.263  12.297  85.315 153.984  15.450  84.503 153.190  16.185  85.843 147.260
  15.382  84.244 142.319  15.161  85.266 143.729  15.422  85.011 145.053  15.131
  86.372 143.601  16.146  84.047 145.400  14.241  85.964 145.942  15.725  87.301
 144.171  16.666  87.029 145.359  16.560
  85.940 148.193  16.031  87.195 148.346  15.265  85.493 148.260  14.672  87.872
 148.730  14.283  85.620 148.613  13.465  87.019 149.055  12.942  87.651 148.408
  11.676  87.244 150.418  12.313  87.689 149.653  11.411  87.054 151.737  12.564
  86.604 152.230  13.829  87.216 152.941  11.693  86.281 153.450  14.351  86.971
 154.054  12.220  86.415 154.508  13.392  86.314 155.862  13.645  86.302 156.935
  12.602  86.226 156.426  14.793  86.422 156.669  11.414  86.169 158.350  13.099
  86.062 157.488  15.213  86.155 158.774  14.456  86.234 159.912  14.855  85.965
 159.101  12.450  85.696 153.603  15.649  85.443 152.594  16.483  86.079 146.965
  15.442  83.970 142.160  14.784  85.219 143.328  15.101  84.991 144.697  15.236
  86.496 143.114  15.276  83.736 145.073  15.138  86.130 145.509  15.396  87.593
 143.654  15.496  87.433 144.852  15.667
  86.252 147.539  16.000  87.504 147.847  15.353  85.806 147.806  14.569  88.171
 148.464  14.450  86.058 148.351  13.480  87.373 148.977  13.087  87.994 148.476
  11.804  87.487 150.411  12.529  87.992 149.715  11.549  87.279 151.646  12.879
  86.628 152.097  14.118  87.551 152.823  12.084  86.375 153.276  14.562  87.168
 153.848  12.591  86.640 154.353  13.678  86.416 155.766  13.790  86.551 156.792
  12.694  86.101 156.415  14.920  86.667 156.588  11.504  86.480 158.174  13.061
  86.051 157.564  15.244  86.303 158.801  14.408  86.380 160.004  14.665  86.447
 158.830  12.289  86.025 153.566  15.846  85.338 152.754  16.640  86.648 146.418
  15.248  83.695 142.172  14.967  85.115 143.097  14.742  85.185 144.430  15.012
  86.329 142.625  14.482  84.043 145.180  15.424  86.442 145.018  14.911  87.487
 142.927  14.246  87.590 144.105  14.628
  85.484 147.723  15.409  86.827 148.287  15.116  85.395 147.890  13.989  87.639
 148.877  14.362  85.833 148.366  12.906  87.198 149.025  12.858  88.143 148.394
  11.915  87.455 150.417  12.123  88.190 149.613  11.460  87.072 151.730  12.277
  86.366 152.153  13.459  87.516 152.916  11.568  86.022 153.382  13.931  87.114
 153.958  12.026  86.506 154.423  13.125  86.148 155.825  13.349  85.909 156.832
  12.326  86.286 156.493  14.481  85.554 156.554  11.180  85.981 158.263  12.742
  86.370 157.612  14.889  86.276 158.790  14.050  86.383 160.003  14.391  85.678
 158.900  12.014  85.331 153.475  15.076  84.074 153.164  14.981  86.196 146.697
  14.996  84.051 141.881  14.406  85.270 143.114  14.488  84.990 144.488  14.711
  86.546 142.890  14.354  83.760 145.025  14.808  86.133 145.307  14.729  87.633
 143.416  14.325  87.448 144.620  14.619
  84.685 147.832  14.890  86.037 148.324  14.813  84.773 148.221  13.489  86.953
 149.060  14.303  85.355 148.879  12.533  86.819 149.439  12.837  87.853 148.902
  11.906  87.198 150.881  12.330  87.918 150.147  11.571  86.848 152.187  12.569
  85.954 152.632  13.611  87.331 153.378  11.853  85.571 153.861  14.017  86.980
 154.433  12.310  86.175 154.915  13.301  86.097 156.236  13.701  86.212 157.395
  12.751  86.126 156.760  14.917  86.165 157.338  11.500  86.352 158.732  13.319
  86.142 157.806  15.458  86.220 159.090  14.729  85.990 160.233  15.044  86.382
 159.523  12.687  84.832 153.941  15.182  83.931 153.047  15.447  85.322 146.780
  14.322  84.762 141.530  15.102  85.365 143.038  14.634  84.802 144.333  14.655
  86.596 143.150  14.224  83.459 144.564  14.895  85.691 145.415  14.332  87.496
 143.849  13.900  87.046 145.022  14.047
  84.629 148.080  14.789  85.920 148.588  14.393  84.336 148.466  13.423  86.648
 149.273  13.601  84.606 149.109  12.379  86.043 149.710  12.209  86.778 149.221
  11.008  86.412 151.209  11.799  86.981 150.490  10.904  86.189 152.491  12.272
  85.478 152.859  13.427  86.641 153.740  11.665  85.235 153.999  14.061  86.441
 154.750  12.310  85.822 155.131  13.409  85.610 156.541  13.753  85.534 157.665
  12.811  86.079 157.065  14.860  85.123 157.437  11.703  86.016 159.021  13.181
  86.459 158.133  15.208  86.474 159.358  14.544  86.828 160.431  14.918  85.958
 159.736  12.466  84.312 154.079  15.090  83.765 153.026  15.650  85.089 147.092
  14.017  84.697 141.892  14.602  85.287 143.340  14.065  84.688 144.626  14.298
  86.384 143.511  13.354  83.522 144.869  14.974  85.441 145.668  13.786  87.127
 144.303  12.776  86.677 145.389  13.013
  85.282 147.821  15.185  86.510 148.313  14.470  84.684 148.533  14.098  87.044
 149.035  13.621  84.784 149.390  13.114  86.146 149.838  12.581  86.400 149.457
  11.137  86.258 151.335  12.098  86.418 150.721  10.977  86.136 152.604  12.616
  85.901 153.099  13.989  86.305 153.789  11.827  85.691 154.309  14.553  86.216
 154.849  12.394  85.866 155.349  13.594  85.677 156.741  13.871  85.298 157.674
  12.794  86.142 157.415  14.909  84.828 157.312  11.762  85.562 159.087  13.045
  86.290 158.525  15.165  86.003 159.648  14.247  86.181 160.831  14.375  85.274
 159.734  12.320  85.259 154.430  15.855  84.675 153.462  16.495  85.487 146.995
  14.126  83.927 141.883  14.096  84.736 143.340  13.583  84.787 144.586  14.332
  85.435 143.454  12.479  84.231 144.792  15.551  85.388 145.667  13.587  86.084
 144.174  11.757  86.052 145.330  12.290
  84.855 148.221  14.726  86.208 148.580  14.551  84.818 148.736  13.358  87.166
 149.211  13.913  85.365 149.351  12.432  86.918 149.708  12.435  87.765 149.112
  11.354  87.436 151.138  11.978  87.995 150.346  11.102  87.259 152.427  12.382
  86.209 152.746  13.390  87.862 153.671  11.879  85.696 153.926  13.788  87.215
 154.649  12.212  86.279 155.026  13.098  86.040 156.375  13.346  85.574 157.432
  12.424  86.144 156.918  14.525  85.174 157.126  11.307  85.562 158.843  12.871
  86.105 157.992  15.024  85.872 159.319  14.267  85.891 160.510  14.571  85.107
 159.466  12.214  84.796 154.063  14.826  84.737 153.110  15.781  85.402 147.256
  13.958  84.782 142.020  14.026  85.019 143.587  13.313  85.149 144.797  14.122
  85.269 143.971  12.084  85.036 144.812  15.452  85.403 145.943  13.412  85.584
 144.805  11.299  85.698 145.825  11.986
  84.502 148.346  14.361  85.963 148.643  14.481  84.907 148.690  13.001  87.016
 149.166  14.091  85.700 149.254  12.189  87.096 149.689  12.600  88.252 149.256
  11.670  87.488 151.192  12.309  88.338 150.517  11.655  87.116 152.487  12.628
  85.981 152.900  13.393  87.787 153.772  12.146  85.436 154.075  13.748  87.272
 154.779  12.652  86.251 155.165  13.356  85.916 156.474  13.758  85.089 157.361
  12.944  86.603 157.240  14.549  84.279 156.952  12.130  85.129 158.850  13.306
  86.696 158.414  14.839  85.952 159.541  14.201  86.028 160.747  14.330  84.470
 159.419  12.788  84.233 154.264  14.438  83.404 153.208  14.569  85.028 147.229
  13.865  85.322 141.901  14.895  85.142 143.446  14.058  85.133 144.768  14.604
  84.932 143.565  12.749  85.352 145.056  15.880  84.910 145.825  13.683  84.803
 144.248  11.767  84.799 145.438  12.262
  83.643 148.499  13.771  85.029 148.827  14.147  84.194 149.036  12.525  86.179
 149.277  13.867  85.117 149.561  11.858  86.564 149.650  12.415  87.599 148.793
  11.766  87.418 150.910  12.062  88.143 149.941  11.571  87.345 152.254  12.242
  86.272 152.788  12.933  88.225 153.357  11.696  85.922 154.009  13.386  87.787
 154.446  12.009  86.765 154.968  12.727  86.607 156.335  12.838  85.277 157.023
  12.789  87.382 157.004  13.527  84.339 156.529  12.247  85.126 158.224  13.574
  87.263 158.012  14.081  86.175 158.944  14.320  86.068 160.032  14.845  84.239
 158.711  13.524  84.796 154.259  14.240  83.846 153.284  14.220  84.356 147.441
  13.291  86.274 142.784  14.972  85.355 143.897  13.957  85.354 145.290  14.114
  84.615 143.611  12.935  86.123 145.839  14.994  84.480 145.998  13.221  83.888
 143.947  12.030  83.830 145.208  12.110
  84.118 148.609  13.179  85.443 148.821  13.846  85.071 148.847  12.071  86.623
 149.296  13.802  86.118 149.300  11.561  87.278 149.807  12.443  88.721 149.352
  12.157  87.785 151.258  12.261  88.846 150.600  11.992  87.295 152.502  12.408
  86.052 152.932  12.857  88.050 153.706  12.124  85.484 154.149  13.197  87.536
 154.777  12.445  86.357 155.217  12.958  86.154 156.596  13.146  84.803 157.271
  13.395  87.080 157.421  13.560  83.753 156.725  13.209  84.854 158.584  14.061
  87.093 158.467  14.078  86.031 159.398  14.365  85.965 160.549  14.729  83.958
 158.932  14.380  84.200 154.226  13.774  83.589 153.103  14.258  84.743 147.411
  13.086  85.826 142.446  14.813  84.976 143.788  14.027  85.473 145.128  13.900
  83.881 143.723  13.385  86.632 145.521  14.351  84.591 145.992  13.230  82.951
 144.243  12.833  83.357 145.413  12.672
  84.320 148.755  13.848  85.745 148.899  14.125  84.873 149.016  12.535  86.906
 149.244  13.791  85.862 149.356  11.776  87.327 149.597  12.401  88.454 148.850
  11.799  88.072 150.888  12.170  88.845 150.033  11.721  87.910 152.180  12.398
  86.755 152.621  13.093  88.701 153.415  12.128  86.167 153.790  13.343  88.143
 154.501  12.407  87.001 154.891  13.030  86.673 156.306  13.255  85.360 156.981
  12.972  87.323 157.113  14.048  84.499 156.434  12.381  85.061 158.287  13.552
  87.206 158.251  14.445  85.969 159.129  14.271  85.772 160.281  14.577  84.123
 158.612  13.350  84.966 153.964  14.013  84.042 153.073  13.932  84.793 147.625
  13.369  85.944 142.644  14.547  85.251 143.920  13.695  85.432 145.277  14.085
  84.397 143.875  12.684  86.270 145.723  15.052  84.691 146.188  13.350  83.664
 144.473  11.942  83.830 145.684  12.265
  84.682 148.463  13.330  85.999 148.832  13.820  85.393 148.787  12.093  87.140
 149.364  13.697  86.388 149.264  11.454  87.609 149.847  12.269  88.906 149.305
  11.729  88.209 151.316  12.145  89.160 150.537  11.671  87.823 152.558  12.410
  86.572 152.902  12.926  88.532 153.815  12.119  86.032 154.055  13.318  88.005
 154.825  12.455  86.910 155.162  13.085  86.557 156.507  13.250  85.298 157.123
  12.840  87.065 157.348  14.177  84.553 156.579  12.030  84.866 158.427  13.414
  86.831 158.441  14.574  85.628 159.254  14.304  85.398 160.369  14.609  83.910
 158.721  13.250  84.756 154.204  14.004  83.896 153.238  14.029  85.409 147.309
  13.073  85.440 142.608  15.382  85.340 143.772  14.042  85.421 145.148  14.273
  85.221 143.570  12.752  85.457 145.718  15.487  85.381 145.926  13.112  85.132
 144.091  11.626  85.170 145.315  11.840
  85.079 148.054  13.956  86.449 148.467  14.095  85.386 148.509  12.549  87.483
 149.134  13.688  86.186 149.116  11.738  87.534 149.630  12.239  88.663 149.194
  11.281  88.008 151.063  12.022  88.856 150.442  11.297  87.577 152.333  12.331
  86.492 152.642  13.147  88.148 153.595  11.901  85.862 153.777  13.486  87.533
 154.619  12.222  86.421 154.952  12.935  86.116 156.342  13.125  85.032 156.908
  13.919  87.028 157.324  13.095  83.989 156.270  14.107  85.079 158.334  14.380
  87.125 158.476  13.429  86.206 159.303  14.222  86.324 160.429  14.683  84.434
 158.619  15.107  84.787 153.782  14.380  84.251 152.691  14.935  85.784 147.009
  13.474  86.165 142.113  15.333  86.128 143.354  14.207  86.115 144.733  14.475
  85.955 143.131  12.931  86.188 145.261  15.734  85.922 145.560  13.407  85.742
 143.672  11.878  85.779 144.879  12.081
  85.762 147.663  14.646  87.064 148.167  14.300  85.553 148.239  13.283  87.900
 148.867  13.615  85.994 148.878  12.266  87.431 149.407  12.189  88.086 148.994
  10.913  87.661 150.897  11.798  88.113 150.279  10.808  87.471 152.153  12.304
  86.759 152.562  13.520  87.934 153.373  11.581  86.365 153.740  14.000  87.481
 154.406  12.093  86.778 154.836  13.224  86.399 156.197  13.449  85.027 156.613
  13.744  87.223 157.190  13.843  84.106 155.820  13.630  84.757 158.006  14.136
  86.984 158.285  14.200  85.704 158.986  14.457  85.468 160.071  15.032  83.817
 158.293  14.383  85.701 153.914  15.208  85.004 152.953  15.788  86.281 146.708
  13.793  87.202 141.587  14.857  86.919 143.030  13.911  86.812 144.304  14.437
  86.838 143.055  12.605  86.943 144.613  15.776  86.549 145.355  13.470  86.664
 143.728  11.678  86.525 144.899  12.060
  85.826 147.528  13.879  87.159 148.069  13.804  85.935 148.002  12.527  88.068
 148.809  13.314  86.427 148.721  11.596  87.825 149.446  11.839  88.859 149.119
  10.806  88.096 150.994  11.576  88.858 150.406  10.724  87.666 152.167  11.985
  86.667 152.366  13.076  88.089 153.523  11.526  86.200 153.440  13.769  87.531
 154.412  12.168  86.639 154.635  13.201  86.241 155.947  13.567  84.952 156.465
  14.013  87.056 156.955  13.671  83.953 155.739  14.000  84.854 157.854  14.431
  87.055 158.111  13.953  85.895 158.846  14.536  85.774 160.021  14.927  83.878
 158.081  14.577  85.317 153.318  14.774  85.543 152.552  15.817  86.586 146.591
  13.266  87.875 141.725  14.658  87.160 142.990  13.723  87.241 144.364  14.047
  86.539 142.880  12.543  87.739 144.916  15.161  86.702 145.218  13.097  85.945
 143.500  11.717  86.132 144.681  11.818
  85.623 147.259  13.815  87.006 147.684  13.780  85.681 147.988  12.576  87.965
 148.371  13.307  86.240 148.807  11.791  87.711 149.272  11.994  88.730 148.950
  10.940  88.201 150.825  11.946  89.000 150.226  11.135  87.766 151.973  12.450
  86.635 152.202  13.347  88.367 153.327  12.186  86.039 153.212  13.943  87.782
 154.207  12.788  86.718 154.433  13.606  86.382 155.772  14.000  85.008 156.367
  14.022  87.210 156.718  14.128  84.034 155.665  13.875  84.883 157.855  14.147
  87.166 157.917  14.250  85.966 158.773  14.301  85.835 159.969  14.261  83.960
 158.256  14.268  84.931 153.038  14.779  84.535 151.826  15.113  86.186 146.420
  12.906  88.159 141.516  13.718  87.400 142.919  12.967  87.230 144.162  13.537
  86.980 142.813  11.721  87.578 144.455  14.812  86.562 145.060  12.646  86.513
 143.483  10.845  86.326 144.626  11.237
  85.975 147.585  13.387  87.435 147.848  13.650  86.377 148.273  12.180  88.477
 148.480  13.431  87.182 149.014  11.539  88.542 149.391  12.181  89.642 149.278
  11.209  88.822 150.949  12.258  89.687 150.567  11.442  88.299 152.043  12.817
  87.172 152.100  13.606  88.855 153.326  12.483  86.399 153.255  13.949  88.129
 154.266  12.824  87.007 154.462  13.525  86.542 155.785  13.748  85.143 156.291
  13.935  87.351 156.799  13.685  84.166 155.603  13.696  85.041 157.695  14.269
  87.299 157.926  13.979  86.088 158.692  14.401  85.884 159.873  14.686  84.145
 157.974  14.651  85.218 153.125  14.593  85.060 152.149  15.523  86.576 146.638
  12.585  87.632 141.488  12.426  87.125 143.078  11.922  87.074 144.240  12.618
  86.640 143.280  10.730  87.524 144.291  13.874  86.593 145.339  11.984  86.184
 144.086   9.973  86.185 145.168  10.577
