#Frame       SA_00001
       1   21123.2040
       2   22659.2072
       3   23650.5920
       4   24049.6650
       5   23962.4067
       6   23585.5116
       7   23460.8529
       8   23681.1876
       9   23430.2953
      10   23745.2185
      11   23859.8373
      12   23727.3974
      13   23772.1439
      14   23481.3015
      15   23625.6855
      16   23650.9579
      17   23932.4185
      18   24204.0755
      19   24094.6842
      20   24060.8836
      21   24355.4770
      22   24353.1109
      23   24180.3134
      24   24395.8919
      25   24373.5937
      26   24112.6032
      27   24085.6394
      28   24176.1532
      29   24389.3998
      30   24956.0796
      31   24784.5484
      32   24683.2535
      33   24511.0237
      34   24529.8429
      35   24436.6082
      36   25077.3702
      37   24945.8476
      38   24807.0458
      39   24916.2498
      40   25119.3162
      41   24854.5667
      42   24823.3220
      43   24666.4386
      44   24888.6139
      45   24792.9185
      46   24611.8545
      47   24529.9872
      48   24348.2297
      49   24427.7059
      50   24748.2663
