#Frame       SA_00001
       1   21025.5130
       2   22048.8692
       3   22559.4566
       4   22285.2203
       5   22940.2898
       6   23304.2147
       7   23202.5587
       8   23660.7491
       9   23760.5357
      10   23626.4429
      11   23474.2017
      12   24050.8325
      13   24298.4760
      14   23949.8005
      15   23751.4380
      16   24036.5486
      17   24180.9471
      18   24306.5703
      19   24204.2587
      20   24221.0362
      21   24177.4544
      22   24270.0195
      23   23905.6155
      24   24339.0336
      25   24461.6558
      26   24239.6875
      27   23828.5773
      28   24085.1150
      29   24203.9628
      30   24261.1413
      31   24304.1051
      32   24131.1354
      33   24142.1660
      34   24395.8562
      35   24448.9215
      36   24647.0612
      37   24334.2988
      38   23814.8671
      39   24421.5548
      40   23809.2794
      41   23876.8905
      42   24222.9594
      43   23867.2119
      44   23818.8375
      45   23775.9439
      46   23868.8132
      47   23665.5535
      48   23587.9613
      49   23596.4648
      50   23360.9920
