Cpptraj Generated trajectory                                                    
  86.228 147.374  15.698  85.432 148.316  16.511  85.099 147.778  14.801  84.418
 148.979  16.784  83.931 148.233  14.608  83.315 149.155  15.680  81.964 148.699
  16.180  82.762 150.603  15.390  81.788 149.954  15.851  83.132 151.763  14.800
  84.440 152.244  14.323  82.177 152.907  14.704  84.867 153.492  13.992  82.702
 153.989  14.437  83.899 154.513  14.105  84.110 155.938  13.950  84.629 156.677
  12.724  84.142 156.787  14.936  84.675 156.172  11.618  85.085 158.048  12.870
  84.575 157.880  15.080  85.150 158.794  14.060  85.603 159.911  14.211  85.419
 158.412  11.986  86.159 153.765  13.504  86.535 153.504  12.279  86.511 148.607
  15.180  91.216 150.799  14.534  89.558 150.292  14.089  88.718 149.592  14.913
  88.889 150.635  13.007  89.124 149.216  16.090  87.428 149.397  14.494  87.783
 150.574  12.426  87.004 149.917  13.170
  85.521 147.221  15.454  84.728 148.147  16.288  84.594 147.755  14.504  83.711
 148.856  16.462  83.510 148.366  14.219  82.775 149.208  15.309  81.325 148.740
  15.538  82.238 150.644  15.079  81.144 150.008  15.272  82.685 151.895  14.871
  84.080 152.226  14.690  81.847 153.103  14.656  84.771 153.336  14.351  82.523
 154.112  14.435  83.831 154.436  14.322  84.196 155.761  14.228  84.507 156.480
  13.004  84.669 156.481  15.204  84.321 155.926  11.901  85.136 157.807  13.149
  85.151 157.545  15.391  85.468 158.521  14.332  85.751 159.714  14.383  85.238
 158.300  12.270  86.145 153.397  14.200  86.681 154.067  13.182  86.038 148.401
  15.041  91.299 149.159  14.247  89.524 149.491  14.131  88.564 148.756  14.763
  88.881 150.316  13.325  89.023 147.826  15.634  87.215 149.087  14.511  87.858
 150.783  12.963  86.980 150.162  13.554
  85.443 147.051  14.677  84.824 147.936  15.684  84.389 147.656  13.835  83.832
 148.683  16.073  83.296 148.271  13.758  82.722 149.017  15.040  81.406 148.496
  15.530  82.082 150.475  14.926  81.097 149.760  15.297  82.504 151.698  14.675
  83.743 151.976  14.104  81.719 152.901  14.760  84.353 153.164  13.729  82.308
 153.918  14.498  83.559 154.294  14.072  83.851 155.689  13.893  84.644 156.182
  12.676  83.948 156.629  14.775  84.782 155.428  11.690  85.194 157.509  12.709
  84.378 157.667  14.855  85.166 158.394  13.823  85.702 159.483  13.845  85.625
 157.879  11.870  85.561 153.162  13.113  86.637 153.271  13.853  85.970 148.260
  14.428  91.147 148.827  14.321  89.494 149.212  13.859  88.459 148.504  14.461
  89.090 149.935  12.855  88.647 147.606  15.409  87.166 148.862  13.946  88.110
 150.301  12.289  87.147 149.743  12.785
  85.723 146.912  13.570  85.060 147.717  14.629  84.716 147.637  12.799  84.065
 148.413  15.001  83.594 148.265  12.773  82.953 148.908  14.030  81.477 148.470
  14.457  82.447 150.384  14.182  81.402 149.746  14.492  82.851 151.691  14.037
  84.167 152.168  13.742  82.078 152.893  14.335  84.718 153.434  13.620  82.640
 153.957  14.167  83.840 154.491  13.887  84.197 155.876  13.737  85.051 156.461
  12.684  84.247 156.700  14.734  85.257 155.845  11.652  85.500 157.850  12.875
  84.640 157.795  15.029  85.400 158.621  14.144  85.708 159.793  14.277  85.943
 158.233  12.049  85.999 153.697  13.262  86.736 154.295  14.178  86.240 148.190
  13.461  90.958 150.305  13.566  89.292 150.090  13.039  88.414 149.211  13.653
  88.745 150.598  11.974  88.650 148.623  14.883  87.221 149.051  12.936  87.781
 150.597  11.259  87.031 149.769  11.728
  86.036 147.161  13.621  85.499 147.928  14.748  84.799 147.752  13.053  84.585
 148.585  15.306  83.717 148.344  13.205  83.272 148.990  14.482  81.957 148.419
  15.102  82.606 150.449  14.613  81.741 149.634  15.185  82.912 151.727  14.400
  84.165 152.283  13.868  82.063 152.953  14.569  84.670 153.484  13.562  82.527
 154.017  14.237  83.723 154.509  13.812  83.949 155.870  13.573  84.761 156.310
  12.445  84.152 156.675  14.643  84.733 155.724  11.359  85.515 157.561  12.617
  84.828 157.623  14.802  85.705 158.292  13.854  86.454 159.184  14.031  85.918
 157.945  11.770  85.929 153.510  13.075  86.831 154.285  13.627  86.341 148.483
  13.232  90.752 151.350  13.879  89.278 150.788  13.214  88.492 149.760  13.649
  88.717 151.285  12.096  88.938 149.082  14.672  87.273 149.536  12.993  87.765
 151.157  11.316  86.990 150.261  11.753
  86.423 147.015  14.863  85.884 147.962  15.816  85.317 147.509  14.136  84.940
 148.631  16.256  84.205 148.078  14.106  83.697 148.860  15.337  82.399 148.437
  16.010  83.029 150.309  15.105  82.137 149.614  15.753  83.302 151.535  14.658
  84.524 151.930  13.961  82.390 152.695  14.817  85.044 153.133  13.670  82.933
 153.727  14.467  84.160 154.168  14.022  84.454 155.584  13.902  85.054 156.154
  12.703  84.656 156.438  14.877  85.097 155.513  11.673  85.678 157.472  12.776
  85.178 157.515  15.002  85.733 158.375  13.885  86.136 159.485  13.897  85.982
 157.868  11.895  86.238 153.293  13.102  87.129 153.922  13.839  86.863 148.237
  14.467  91.435 150.719  14.140  89.828 150.327  13.685  89.155 149.255  14.288
  89.123 150.831  12.661  89.611 148.593  15.384  87.828 149.077  13.795  88.031
 150.757  12.074  87.437 149.788  12.547
  86.784 147.019  14.540  86.085 147.898  15.494  85.597 147.383  13.779  85.093
 148.536  15.887  84.446 147.854  13.727  83.859 148.666  14.906  82.491 148.241
  15.405  83.358 150.146  14.712  82.339 149.449  15.099  83.818 151.371  14.349
  85.157 151.668  13.993  82.945 152.575  14.287  85.748 152.829  13.682  83.652
 153.555  14.137  84.895 153.930  13.867  85.274 155.263  13.845  85.156 156.188
  12.676  85.852 155.885  14.841  84.747 155.767  11.640  85.633 157.553  12.865
  86.154 156.982  15.001  86.107 158.139  14.065  86.275 159.371  14.248  85.554
 158.080  12.003  87.078 152.965  13.370  87.270 153.282  12.099  87.050 148.325
  14.123  91.703 150.833  13.652  90.094 150.248  13.190  89.298 149.414  14.026
  89.401 150.631  12.055  89.684 148.935  15.205  87.994 149.174  13.489  88.372
 150.463  11.442  87.678 149.747  12.136
  86.961 146.912  12.967  86.344 147.475  14.166  85.710 147.522  12.421  85.398
 147.999  14.804  84.575 148.024  12.638  84.115 148.457  14.050  82.848 147.895
  14.622  83.528 149.912  14.284  82.575 149.172  14.726  83.842 151.177  14.032
  85.134 151.618  13.566  83.013 152.403  14.286  85.703 152.793  13.340  83.665
 153.455  13.998  84.848 153.864  13.634  85.108 155.208  13.621  85.214 156.191
  12.481  85.521 155.843  14.682  84.811 155.957  11.369  85.661 157.551  12.846
  85.849 156.920  14.988  86.007 158.141  14.146  86.310 159.317  14.334  85.706
 158.219  12.085  87.000 152.936  12.837  87.542 154.079  12.471  87.239 148.226
  12.872  91.276 151.491  13.251  90.069 150.558  12.436  89.312 149.605  13.111
  89.652 150.648  11.134  89.556 149.194  14.335  88.203 149.118  12.391  88.757
 150.365  10.406  88.073 149.536  10.990
  87.149 147.308  11.591  86.498 147.528  12.905  85.919 148.010  11.230  85.534
 147.734  13.650  84.723 148.406  11.494  84.298 148.418  12.969  83.019 147.739
  13.238  83.677 149.767  13.546  82.748 148.887  13.717  84.023 151.114  13.686
  85.270 151.689  13.280  83.191 152.151  14.352  85.792 152.920  13.400  83.691
 153.266  14.295  84.801 153.840  13.860  84.868 155.256  13.816  85.067 156.123
  12.652  85.248 155.947  14.838  84.672 155.751  11.518  85.580 157.482  12.808
  85.630 157.025  15.027  85.869 158.141  14.085  86.209 159.298  14.299  85.758
 158.063  11.997  87.104 153.176  12.931  87.268 154.093  12.030  87.337 148.636
  11.774  91.346 151.737  13.184  89.998 151.175  12.202  89.216 150.136  12.581
  89.624 151.719  11.040  89.296 149.536  13.806  88.279 149.739  11.661  88.811
 151.561  10.088  88.173 150.568  10.420
  87.185 147.783  11.143  86.571 147.989  12.423  85.974 148.566  10.812  85.554
 148.262  13.190  84.831 149.069  11.107  84.345 148.980  12.549  82.996 148.276
  12.751  83.678 150.221  13.192  82.721 149.408  13.203  83.955 151.552  13.459
  85.171 152.172  13.116  83.034 152.537  14.098  85.641 153.449  13.192  83.494
 153.681  14.080  84.625 154.351  13.636  84.742 155.780  13.805  85.070 156.800
  12.769  85.190 156.280  14.953  84.828 156.624  11.630  85.566 158.088  13.155
  85.647 157.339  15.290  85.984 158.517  14.470  86.531 159.558  14.717  85.785
 158.669  12.354  86.898 153.641  12.803  87.181 154.251  11.695  87.519 149.117
  11.416  91.775 151.736  13.076  90.397 151.431  11.998  89.528 150.382  12.298
  90.063 151.965  10.829  89.723 149.591  13.389  88.544 150.162  11.382  89.368
 151.861   9.890  88.586 150.967  10.182
  87.178 147.798  11.389  86.799 148.383  12.655  85.900 148.471  11.035  85.917
 148.835  13.447  84.785 148.976  11.434  84.485 149.189  12.967  83.427 148.406
  13.649  83.783 150.537  13.478  83.083 149.587  13.934  83.920 151.898  13.452
  85.045 152.628  12.941  82.988 152.872  14.032  85.383 153.976  12.883  83.318
 154.039  13.942  84.304 154.796  13.452  84.431 156.203  13.649  85.002 157.118
  12.575  84.640 156.819  14.805  84.921 156.789  11.396  85.663 158.356  12.993
  85.233 157.764  15.176  85.895 158.762  14.379  86.708 159.639  14.692  85.926
 158.972  12.232  86.562 154.510  12.380  87.538 153.700  11.967  87.436 149.110
  11.325  91.718 151.616  12.933  90.413 151.203  11.915  89.546 150.230  12.271
  90.200 151.683  10.712  89.533 149.660  13.470  88.536 150.026  11.266  89.475
 151.662   9.765  88.662 150.761   9.970
  86.949 147.985  11.250  86.524 148.377  12.582  85.732 148.729  10.989  85.609
 148.686  13.404  84.593 149.200  11.395  84.287 149.309  12.946  83.086 148.626
  13.450  83.748 150.629  13.577  82.796 149.760  13.873  84.075 151.952  13.634
  85.211 152.644  13.034  83.284 152.957  14.285  85.639 153.894  13.038  83.747
 154.084  14.261  84.748 154.757  13.716  84.890 156.130  13.773  85.446 156.934
  12.703  85.002 156.840  14.885  85.578 156.569  11.514  85.760 158.300  13.019
  85.300 157.934  15.201  85.773 158.988  14.226  86.052 160.152  14.380  85.940
 158.831  12.175  86.775 154.421  12.415  87.273 153.704  11.439  87.330 149.254
  11.433  91.513 151.834  12.968  90.226 151.381  12.035  89.245 150.418  12.374
  90.074 151.694  10.747  89.233 149.745  13.585  88.336 150.178  11.361  89.431
 151.660   9.726  88.511 150.889  10.032
  86.920 147.564  12.139  86.201 148.093  13.264  85.842 148.370  11.499  85.125
 148.585  13.814  84.701 148.862  11.546  83.946 149.098  12.847  82.618 148.383
  13.041  83.281 150.490  13.125  82.311 149.622  13.271  83.610 151.766  13.244
  84.916 152.165  12.902  82.786 152.903  13.713  85.484 153.339  12.965  83.436
 153.902  13.699  84.644 154.329  13.505  85.091 155.672  13.565  85.488 156.629
  12.513  85.185 156.360  14.709  85.456 156.260  11.334  85.789 158.033  12.869
  85.583 157.457  15.014  86.032 158.539  14.226  86.627 159.567  14.514  86.183
 158.623  12.146  86.755 153.529  12.503  87.221 152.858  11.482  87.316 148.851
  12.233  91.359 151.857  13.573  90.347 151.001  12.532  89.227 150.322  13.011
  90.510 150.814  11.201  88.797 150.301  14.277  88.477 149.674  12.013  90.056
 150.317  10.221  88.994 149.791  10.575
  86.544 147.114  12.028  86.090 147.696  13.276  85.422 147.949  11.660  85.217
 148.215  14.035  84.370 148.665  11.949  84.021 148.876  13.421  82.666 148.275
  13.896  83.500 150.351  13.902  82.525 149.556  14.124  83.834 151.679  13.974
  85.092 152.265  13.497  82.924 152.766  14.355  85.521 153.524  13.296  83.418
 153.886  14.212  84.551 154.495  13.796  84.755 155.890  13.859  85.294 156.800
  12.819  84.839 156.564  14.966  85.397 156.434  11.689  85.638 158.195  13.209
  85.129 157.631  15.373  85.697 158.751  14.569  86.080 159.835  14.976  86.058
 158.752  12.474  86.790 153.839  12.848  87.556 152.924  12.392  87.009 148.398
  12.041  91.268 151.310  13.129  90.073 150.482  12.251  88.983 149.829  12.770
  90.074 150.401  10.931  88.670 149.883  14.054  88.180 149.207  11.782  89.649
 149.811   9.982  88.681 149.212  10.363
  86.175 147.360  11.619  85.943 148.087  12.900  85.032 148.248  11.405  85.209
 148.732  13.744  84.036 149.015  11.730  83.916 149.366  13.227  82.653 148.870
  13.834  83.384 150.834  13.597  82.453 150.073  13.972  83.774 152.105  13.539
  85.085 152.510  13.076  83.028 153.273  13.978  85.625 153.804  12.968  83.609
 154.345  13.862  84.796 154.831  13.413  85.199 156.148  13.485  85.714 156.912
  12.299  85.266 156.934  14.530  85.773 156.407  11.191  86.066 158.271  12.526
  85.563 158.026  14.778  86.090 159.001  13.730  86.467 160.120  13.873  86.314
 158.777  11.684  86.949 154.044  12.523  87.514 153.152  11.759  86.679 148.597
  11.492  90.950 151.725  11.868  89.630 150.821  11.230  88.625 150.168  11.924
  89.685 150.449   9.983  88.485 150.363  13.232  87.822 149.352  11.066  89.029
 149.852   9.094  88.084 149.279   9.603
  86.260 147.712  11.898  86.046 148.387  13.106  85.032 148.431  11.653  85.243
 148.978  13.973  83.968 149.011  12.033  83.855 149.485  13.567  82.703 149.003
  14.299  83.336 150.923  13.890  82.492 150.209  14.466  83.739 152.203  13.646
  84.954 152.626  12.998  83.053 153.414  14.202  85.594 153.821  12.954  83.700
 154.441  14.032  84.819 154.871  13.489  85.169 156.207  13.484  85.907 156.907
  12.360  85.247 156.987  14.532  85.856 156.401  11.246  86.457 158.264  12.657
  85.704 158.049  14.807  86.342 159.019  13.910  86.636 160.184  14.091  86.770
 158.798  11.855  86.845 154.094  12.270  87.337 153.200  11.505  86.646 148.989
  11.639  91.096 151.746  12.150  89.718 150.924  11.404  88.689 150.328  12.053
  89.511 150.977  10.084  88.669 150.139  13.396  87.738 149.834  11.184  88.844
 150.599   9.166  87.927 149.950   9.711
  86.304 147.661  11.975  86.082 148.220  13.257  85.089 148.432  11.679  85.347
 148.891  14.043  84.071 149.090  12.152  84.008 149.482  13.639  82.669 149.041
  14.275  83.641 150.966  14.111  82.643 150.261  14.465  84.164 152.161  14.041
  85.398 152.531  13.436  83.564 153.359  14.769  86.045 153.738  13.332  84.195
 154.392  14.548  85.326 154.793  13.880  85.716 156.218  13.857  86.287 157.030
  12.759  85.556 157.037  14.834  86.505 156.570  11.610  86.557 158.480  13.020
  85.767 158.185  15.122  86.292 159.201  14.161  86.541 160.436  14.234  86.937
 158.921  12.190  87.266 153.854  12.686  87.195 153.545  11.430  86.780 148.937
  11.774  91.241 151.889  12.288  89.867 151.072  11.548  89.005 150.117  12.156
  89.562 151.108  10.266  89.074 149.768  13.417  87.921 149.720  11.368  88.774
 150.754   9.378  87.830 150.171   9.949
  86.714 147.497  11.926  86.631 148.143  13.242  85.543 148.359  11.766  85.929
 148.785  14.077  84.585 149.037  12.267  84.575 149.374  13.784  83.544 148.749
  14.621  84.208 150.788  14.346  83.402 149.992  14.945  84.505 152.055  14.124
  85.467 152.557  13.187  83.883 153.198  14.878  85.865 153.803  12.894  84.317
 154.296  14.585  85.120 154.862  13.663  85.325 156.221  13.608  85.735 157.019
  12.440  85.512 157.076  14.625  85.431 156.529  11.379  86.282 158.388  12.610
  85.959 158.189  14.848  86.443 159.151  13.812  86.967 160.267  13.852  86.481
 158.865  11.738  86.756 154.116  11.866  87.803 153.303  11.713  87.232 148.734
  11.649  91.279 152.076  12.366  90.211 150.992  11.560  89.190 150.277  12.188
  90.165 150.774  10.253  88.990 150.231  13.548  88.309 149.569  11.268  89.539
 150.346   9.309  88.626 149.680   9.814
  87.468 147.137  12.018  87.042 147.580  13.381  86.189 147.781  11.770  86.233
 148.101  14.202  85.102 148.350  12.131  84.876 148.609  13.650  83.521 147.979
  14.073  84.278 150.054  14.074  83.361 149.234  14.360  84.544 151.403  13.981
  85.703 152.044  13.484  83.598 152.494  14.399  86.116 153.316  13.227  84.018
 153.613  14.211  85.133 154.241  13.738  85.255 155.636  13.660  85.914 156.370
  12.568  85.141 156.472  14.740  86.087 155.877  11.457  86.314 157.765  12.820
  85.436 157.611  14.944  86.045 158.580  13.959  86.277 159.728  14.033  86.627
 158.321  12.033  87.308 153.607  12.625  87.468 153.273  11.366  87.797 148.424
  12.121  91.434 152.373  12.094  90.300 151.177  11.485  89.587 150.251  12.216
  89.846 151.090  10.264  89.728 150.199  13.575  88.637 149.473  11.579  89.027
 150.629   9.490  88.439 149.816  10.180
  87.219 147.639  12.229  86.839 148.257  13.493  85.955 148.257  11.918  85.987
 148.806  14.309  84.834 148.844  12.265  84.695 149.190  13.764  83.618 148.453
  14.443  83.864 150.484  14.088  83.081 149.601  14.546  84.032 151.801  13.991
  85.101 152.382  13.242  83.120 152.828  14.376  85.531 153.661  13.052  83.558
 153.980  14.210  84.651 154.576  13.650  84.783 155.992  13.582  85.291 156.679
  12.430  84.840 156.812  14.560  85.270 156.183  11.327  85.845 158.044  12.604
  85.176 157.967  14.726  85.792 158.908  13.800  86.277 160.015  13.907  86.279
 158.453  11.784  86.645 154.026  12.441  87.446 153.158  11.890  87.469 148.938
  12.040  91.652 152.244  12.025  90.327 151.249  11.428  89.509 150.512  12.230
  89.978 151.113  10.151  89.623 150.427  13.590  88.446 149.884  11.516  89.208
 150.676   9.324  88.515 149.973  10.060
  86.698 147.810  12.259  86.214 148.507  13.458  85.557 148.572  11.688  85.261
 149.176  14.032  84.473 149.240  11.846  84.063 149.751  13.214  82.633 149.248
  13.693  83.516 151.257  13.443  82.493 150.544  13.756  83.911 152.565  13.425
  85.289 152.984  13.212  83.070 153.709  13.843  85.843 154.238  13.261  83.732
 154.707  13.883  84.980 155.294  13.661  85.291 156.652  13.816  85.914 157.511
  12.765  85.243 157.385  14.888  86.114 157.086  11.690  86.265 158.907  13.049
  85.472 158.490  15.190  86.066 159.546  14.350  86.422 160.664  14.614  86.669
 159.458  12.301  87.122 154.407  12.820  87.458 154.002  11.663  87.097 149.086
  11.993  91.535 152.021  12.340  90.130 151.253  11.651  89.216 150.389  12.317
  89.783 151.345  10.393  89.396 149.971  13.553  88.134 150.012  11.571  88.896
 151.189   9.606  88.076 150.493  10.186
  86.582 148.255  11.727  86.142 148.753  13.001  85.462 149.051  11.333  85.231
 149.189  13.730  84.387 149.642  11.599  83.964 149.875  13.066  82.561 149.316
  13.420  83.539 151.261  13.617  82.467 150.541  13.833  84.049 152.466  13.661
  85.326 152.949  13.224  83.354 153.504  14.354  85.906 154.166  13.299  83.931
 154.576  14.414  85.112 155.123  14.002  85.395 156.513  14.018  85.920 157.274
  12.871  85.305 157.325  15.004  86.118 156.720  11.803  86.212 158.739  13.103
  85.431 158.487  15.282  85.957 159.479  14.331  86.215 160.674  14.364  86.683
 159.210  12.340  87.150 154.345  12.712  87.530 153.776  11.604  87.053 149.513
  11.785  91.320 152.169  13.410  90.170 151.465  12.310  89.031 150.771  12.774
  90.223 151.536  11.005  88.690 150.728  14.085  88.220 150.291  11.707  89.697
 151.205   9.991  88.638 150.585  10.333
  86.992 148.038  11.620  86.649 148.409  12.985  85.712 148.651  11.428  85.851
 148.832  13.840  84.694 149.218  11.799  84.495 149.501  13.347  83.318 148.813
  13.942  83.897 150.841  13.901  83.045 149.967  14.319  84.214 152.157  13.848
  85.248 152.754  13.052  83.542 153.233  14.576  85.697 154.006  12.830  83.915
 154.371  14.288  84.937 154.987  13.584  85.191 156.399  13.624  85.650 157.264
  12.540  85.024 157.176  14.685  85.595 156.860  11.384  85.940 158.683  12.898
  85.163 158.330  14.964  85.655 159.409  14.099  85.897 160.585  14.240  86.378
 159.180  12.131  86.683 154.304  11.943  86.627 153.959  10.693  87.392 149.339
  11.677  91.661 151.749  13.369  90.373 151.407  12.211  89.423 150.398  12.455
  90.142 151.913  10.999  89.522 149.563  13.478  88.442 150.269  11.523  89.442
 151.900  10.012  88.533 151.069  10.253
  86.375 147.754  11.220  86.234 148.243  12.529  85.191 148.666  11.095  85.536
 148.818  13.438  84.207 149.323  11.637  84.171 149.472  13.199  83.027 148.821
  13.850  83.681 150.853  13.790  82.839 149.984  14.208  84.110 152.131  13.735
  85.295 152.630  13.003  83.479 153.305  14.425  85.870 153.866  12.903  84.132
 154.318  14.271  85.227 154.808  13.657  85.548 156.214  13.691  85.761 157.106
  12.516  85.599 156.911  14.740  85.502 156.811  11.336  86.163 158.482  12.792
  85.727 158.048  14.965  86.125 159.103  14.036  86.314 160.337  14.163  86.369
 159.066  11.990  87.030 154.182  12.105  87.098 153.750  10.850  86.891 149.033
  11.142  91.514 151.376  11.979  90.041 150.936  11.147  89.062 150.061  11.669
  89.681 151.425   9.988  89.140 149.468  12.879  87.935 149.922  10.891  88.818
 151.402   9.162  87.964 150.583   9.574
  85.582 147.940  10.789  85.585 148.430  12.188  84.506 148.888  10.788  85.039
 149.059  13.158  83.632 149.622  11.409  83.768 149.781  13.011  82.588 149.320
  13.894  83.582 151.207  13.648  82.624 150.530  14.219  84.162 152.492  13.642
  85.300 152.910  12.916  83.655 153.656  14.365  85.943 154.129  12.828  84.316
 154.646  14.321  85.368 155.145  13.637  85.750 156.509  13.693  85.844 157.400
  12.522  85.786 157.260  14.687  85.616 157.011  11.420  86.063 158.803  12.719
  85.967 158.390  14.961  86.151 159.485  14.006  86.283 160.697  14.088  86.143
 159.388  11.896  87.041 154.438  12.103  87.323 153.784  10.990  86.228 149.142
  10.687  91.077 151.061  11.542  89.510 150.767  10.813  88.538 149.994  11.329
  89.289 151.117   9.562  88.657 149.512  12.533  87.452 149.869  10.443  88.487
 151.138   8.678  87.473 150.543   9.104
  85.998 147.834  10.905  85.739 148.245  12.306  84.922 148.823  10.777  84.940
 148.805  13.198  83.906 149.454  11.218  83.781 149.653  12.723  82.403 149.351
  13.206  83.522 151.123  13.349  82.452 150.511  13.653  83.999 152.400  13.537
  85.157 152.972  12.998  83.313 153.424  14.266  85.691 154.226  12.939  83.811
 154.546  14.254  84.862 155.104  13.702  85.230 156.453  13.815  85.578 157.315
  12.620  85.466 157.135  14.889  85.358 156.939  11.492  86.120 158.682  12.876
  85.850 158.217  15.099  86.299 159.294  14.184  86.662 160.386  14.428  86.249
 159.238  12.039  86.769 154.640  12.152  87.613 153.720  11.719  86.602 149.047
  11.070  90.760 152.070  12.062  89.634 151.177  11.090  88.502 150.480  11.640
  89.624 151.071   9.773  88.220 150.377  12.969  87.695 149.893  10.707  89.039
 150.592   8.818  88.059 150.018   9.274
  86.255 148.785  10.989  85.936 148.976  12.395  85.085 149.617  10.932  85.149
 149.276  13.355  84.025 150.104  11.417  83.849 149.985  12.985  82.578 149.349
  13.459  83.502 151.284  13.768  82.474 150.492  13.981  83.972 152.504  13.960
  85.281 153.041  13.480  83.335 153.625  14.621  85.775 154.302  13.326  83.929
 154.703  14.564  85.009 155.276  14.016  85.252 156.653  14.015  85.358 157.448
  12.810  85.527 157.434  15.071  85.213 156.922  11.716  85.829 158.786  12.923
  85.858 158.533  15.226  86.188 159.498  14.141  86.670 160.609  14.104  85.968
 159.216  12.016  86.933 154.642  12.591  87.332 153.867  11.665  86.737 150.057
  11.251  91.145 152.111  13.009  90.048 151.599  11.854  88.808 151.127  12.136
  90.243 151.493  10.563  88.327 150.999  13.397  88.010 150.722  11.055  89.788
 151.155   9.511  88.663 150.666   9.724
  86.364 148.448  10.720  86.076 148.545  12.115  85.385 149.525  10.747  85.323
 148.840  13.109  84.410 150.082  11.324  84.135 149.896  12.794  82.768 149.399
  13.197  83.813 151.224  13.600  82.864 150.494  13.901  84.175 152.474  13.735
  85.304 153.146  13.054  83.467 153.531  14.481  85.847 154.376  13.076  83.988
 154.660  14.402  85.058 155.276  13.797  85.353 156.608  13.882  85.920 157.490
  12.815  85.422 157.274  14.994  86.091 157.072  11.686  86.140 158.875  13.127
  85.697 158.403  15.301  86.066 159.511  14.384  86.459 160.602  14.640  86.628
 159.440  12.443  87.100 154.621  12.497  87.238 154.338  11.229  87.072 149.507
  11.171  90.842 152.076  13.815  89.979 151.385  12.512  88.803 150.640  12.624
  90.372 151.502  11.261  88.254 150.251  13.856  88.242 150.273  11.373  90.008
 151.401  10.103  88.908 150.845  10.123
  86.500 148.033  11.198  86.170 148.418  12.510  85.470 148.993  10.938  85.409
 148.946  13.372  84.450 149.639  11.355  84.081 149.718  12.838  82.790 149.072
  13.278  83.632 151.009  13.626  82.683 150.224  13.752  84.071 152.259  13.977
  85.315 152.826  13.476  83.389 153.349  14.820  85.841 154.102  13.452  83.975
 154.429  14.672  85.075 155.031  14.111  85.347 156.416  14.194  85.737 157.234
  13.092  85.216 157.176  15.199  85.680 156.711  11.975  85.919 158.717  13.302
  85.353 158.359  15.490  85.852 159.429  14.553  86.182 160.602  14.768  86.069
 159.326  12.506  87.002 154.414  12.781  87.703 153.397  12.315  87.105 149.249
  11.408  91.045 151.801  13.545  90.137 151.043  12.268  89.011 150.344  12.539
  90.404 151.080  10.964  88.570 150.085  13.813  88.358 149.909  11.407  90.031
 150.770   9.904  89.035 150.110  10.087
  86.956 148.120  11.115  86.602 148.424  12.548  85.771 148.986  10.994  85.752
 148.817  13.458  84.732 149.506  11.487  84.446 149.555  12.985  83.184 148.974
  13.302  83.945 150.929  13.648  82.980 150.123  13.859  84.304 152.222  13.805
  85.406 152.818  13.087  83.565 153.303  14.617  85.834 154.094  12.892  84.069
 154.358  14.428  85.031 154.988  13.638  85.199 156.376  13.527  85.426 157.175
  12.307  85.350 157.105  14.575  85.193 156.818  11.198  85.751 158.627  12.548
  85.645 158.213  14.767  85.881 159.272  13.802  86.108 160.471  13.897  85.702
 159.201  11.715  86.952 154.496  12.218  87.631 153.555  11.552  87.330 149.398
  11.296  91.441 151.880  13.280  90.400 151.312  12.063  89.218 150.597  12.363
  90.554 151.484  10.773  88.809 150.363  13.595  88.474 150.222  11.265  90.027
 151.267   9.731  89.018 150.608   9.935
  87.009 148.706  10.997  86.599 148.915  12.340  85.699 149.350  10.822  85.743
 149.229  13.230  84.586 149.803  11.262  84.351 149.885  12.817  83.197 149.132
  13.357  83.801 151.207  13.549  82.916 150.316  13.821  84.168 152.443  13.806
  85.291 153.042  13.199  83.473 153.492  14.474  85.803 154.330  13.112  83.977
 154.617  14.391  84.938 155.251  13.776  85.126 156.602  13.808  85.283 157.517
  12.727  85.350 157.277  14.922  85.012 157.151  11.607  85.728 158.911  13.043
  85.665 158.372  15.250  86.026 159.506  14.331  86.393 160.680  14.469  85.855
 159.422  12.177  86.892 154.712  12.397  87.171 154.074  11.268  87.245 150.043
  11.104  91.125 153.173  12.625  90.058 152.377  11.591  88.956 151.613  12.009
  90.195 152.289  10.277  88.521 151.502  13.273  88.312 150.957  10.944  89.906
 151.728   9.251  88.915 151.076   9.557
  86.745 148.492  10.980  86.370 148.826  12.360  85.526 149.345  10.758  85.479
 149.193  13.199  84.465 149.822  11.235  84.147 149.873  12.697  82.916 149.283
  13.287  83.825 151.163  13.455  82.843 150.424  13.844  84.247 152.449  13.534
  85.421 153.155  13.036  83.597 153.464  14.375  85.911 154.421  13.068  84.040
 154.635  14.390  85.155 155.256  13.882  85.394 156.626  14.085  85.274 157.613
  13.012  85.603 157.212  15.241  84.918 157.161  11.894  85.585 159.023  13.332
  85.746 158.347  15.506  85.844 159.531  14.654  85.954 160.687  14.980  85.631
 159.701  12.581  87.037 154.943  12.481  87.412 154.476  11.270  87.140 149.765
  11.204  90.891 152.997  12.705  89.857 152.228  11.627  88.872 151.331  12.003
  89.928 152.300  10.334  88.674 150.933  13.246  88.128 150.749  10.971  89.468
 151.908   9.265  88.453 151.287   9.565
  86.779 148.184  10.645  86.454 148.506  11.989  85.545 148.973  10.502  85.759
 148.856  12.951  84.511 149.489  11.013  84.373 149.547  12.565  83.170 148.874
  13.101  83.899 150.889  13.208  82.985 150.077  13.538  84.229 152.169  13.285
  85.326 152.862  12.747  83.403 153.225  13.895  85.748 154.180  12.770  83.875
 154.384  13.972  84.929 155.052  13.495  85.169 156.474  13.615  85.191 157.502
  12.594  85.543 157.025  14.756  84.905 157.226  11.444  85.697 158.764  12.901
  85.885 158.103  15.080  86.130 159.264  14.186  86.823 160.240  14.387  85.944
 159.291  12.071  86.943 154.570  12.064  87.464 153.668  11.165  87.192 149.500
  10.764  90.988 152.271  12.931  90.087 151.575  11.668  88.995 150.830  11.972
  90.202 151.780  10.354  88.725 150.497  13.297  88.308 150.388  10.823  89.766
 151.550   9.299  88.748 150.907   9.509
  87.380 147.952  10.749  86.694 148.257  12.008  86.212 148.765  10.308  85.701
 148.667  12.722  85.133 149.375  10.518  84.593 149.394  11.911  83.274 148.722
  12.082  83.948 150.686  12.566  82.959 149.879  12.553  84.321 151.962  12.912
  85.658 152.421  12.728  83.498 153.132  13.553  86.279 153.602  12.861  84.178
 154.106  13.732  85.409 154.582  13.464  85.815 155.879  13.746  86.488 156.709
  12.714  85.596 156.662  14.830  86.901 156.201  11.669  86.652 158.188  12.971
  85.695 157.824  15.048  86.279 158.831  14.179  86.527 159.998  14.413  86.945
 158.777  12.200  87.548 153.752  12.546  87.926 153.545  11.268  87.762 149.235
  11.038  91.472 152.484  13.148  90.650 151.473  11.998  89.527 150.650  12.225
  91.003 151.373  10.727  89.001 150.411  13.436  88.933 150.077  11.086  90.680
 150.898   9.650  89.620 150.329   9.787
  87.180 147.836  10.242  86.895 147.965  11.682  86.115 148.831  10.289  86.220
 148.322  12.678  85.130 149.400  10.889  84.967 149.275  12.366  83.622 148.821
  12.902  84.745 150.582  13.244  83.675 149.936  13.463  85.232 151.784  13.426
  86.335 152.399  12.782  84.478 152.843  14.179  86.860 153.597  12.694  84.986
 153.950  13.994  86.012 154.578  13.393  86.204 155.994  13.507  86.822 156.938
  12.469  85.969 156.739  14.530  87.099 156.588  11.343  86.976 158.315  12.844
  86.091 157.844  14.990  86.631 158.964  14.185  86.746 160.169  14.419  87.340
 158.925  12.122  87.949 153.994  11.945  88.459 153.207  10.989  87.793 148.962
  10.675  91.449 151.971  13.266  90.683 150.945  12.031  89.450 150.302  12.074
  91.188 150.626  10.813  88.696 150.357  13.186  89.021 149.647  10.871  91.100
 150.099   9.763  89.962 149.579   9.738
  87.679 147.475  10.664  87.194 148.067  11.937  86.602 148.326  10.201  86.317
 148.669  12.637  85.571 148.971  10.465  85.013 149.226  11.897  83.781 148.499
  12.238  84.359 150.573  12.401  83.471 149.711  12.562  84.634 151.892  12.595
  85.831 152.571  12.218  83.809 152.812  13.379  86.290 153.832  12.308  84.230
 153.930  13.414  85.319 154.612  12.968  85.545 155.969  13.284  85.617 157.042
  12.247  85.957 156.548  14.396  85.112 156.866  11.144  85.984 158.383  12.654
  86.297 157.619  14.768  86.474 158.777  13.924  86.919 159.901  14.194  85.907
 159.088  11.931  87.594 154.262  11.947  88.436 153.525  11.237  88.153 148.739
  10.683  91.609 152.201  12.803  90.803 151.306  11.506  89.812 150.335  11.753
  90.984 151.357  10.243  89.476 149.994  13.010  89.207 149.750  10.594  90.618
 150.959   9.112  89.727 150.162   9.270
  87.349 148.768  10.114  86.913 148.779  11.506  86.153 149.660   9.969  86.083
 149.055  12.372  85.107 150.076  10.533  84.779 149.757  12.039  83.499 148.983
  12.386  84.212 150.945  12.955  83.313 150.108  13.072  84.554 152.170  13.212
  85.691 152.865  12.669  83.817 153.120  14.016  86.119 154.159  12.774  84.219
 154.264  14.027  85.231 154.993  13.521  85.424 156.339  13.707  85.862 157.311
  12.635  85.636 156.929  14.876  85.703 157.111  11.451  86.330 158.607  13.099
  86.023 158.001  15.293  86.464 159.108  14.430  86.635 160.265  14.757  86.541
 159.315  12.406  87.360 154.616  12.238  87.651 154.268  11.020  87.819 150.006
  10.507  92.035 151.492  13.170  90.977 151.437  11.860  89.898 150.541  11.789
  90.958 152.224  10.806  89.668 149.557  12.738  89.038 150.734  10.695  90.386
 152.516   9.772  89.418 151.722   9.611
  86.882 149.426   9.945  86.529 149.469  11.400  85.615 150.210   9.963  85.708
 149.661  12.321  84.600 150.661  10.557  84.348 150.425  12.022  83.151 149.599
  12.533  83.968 151.558  13.005  83.050 150.691  13.198  84.382 152.758  13.355
  85.413 153.499  12.677  83.664 153.703  14.282  85.951 154.761  12.826  84.185
 154.820  14.363  85.176 155.494  13.809  85.318 156.881  14.090  85.552 157.803
  12.995  85.769 157.387  15.148  85.088 157.528  11.854  86.272 159.004  13.267
  86.372 158.369  15.426  86.743 159.428  14.522  87.273 160.495  14.723  86.415
 159.577  12.443  86.962 155.197  12.078  86.883 155.094  10.743  87.370 150.649
  10.432  91.950 152.078  12.359  90.629 152.066  11.314  89.555 151.197  11.455
  90.406 152.928  10.414  89.563 150.185  12.358  88.516 151.458  10.582  89.587
 153.338   9.610  88.630 152.588   9.652
  86.519 148.708  10.756  86.256 149.125  12.103  85.321 149.570  10.635  85.481
 149.526  13.023  84.312 150.105  11.121  84.157 150.343  12.599  82.894 149.732
  13.133  83.799 151.680  13.302  82.873 150.880  13.631  84.244 152.921  13.548
  85.493 153.511  13.050  83.584 154.016  14.413  86.061 154.695  13.040  84.223
 155.033  14.419  85.338 155.603  13.897  85.565 157.012  13.958  85.898 157.816
  12.750  85.752 157.797  15.000  85.778 157.359  11.671  86.359 159.223  12.935
  86.083 158.885  15.179  86.437 159.930  14.167  86.861 161.081  14.316  86.568
 159.729  12.082  87.222 155.035  12.373  87.460 154.463  11.245  87.024 150.003
  10.805  91.209 152.993  11.831  89.945 152.240  10.905  88.955 151.486  11.410
  89.981 152.174   9.566  88.732 151.257  12.704  88.131 150.872  10.448  89.548
 151.653   8.642  88.518 151.071   9.033
  86.124 148.458  10.643  86.036 148.809  12.053  85.069 149.456  10.610  85.388
 149.291  13.036  84.179 150.187  11.242  84.180 150.237  12.770  82.935 149.697
  13.454  83.887 151.587  13.533  82.913 150.863  13.971  84.449 152.797  13.588
  85.413 153.300  12.671  84.097 153.841  14.516  85.900 154.521  12.409  84.460
 154.984  14.203  85.414 155.466  13.380  85.818 156.763  13.407  86.131 157.699
  12.330  85.928 157.431  14.493  85.983 157.447  11.150  86.541 159.084  12.646
  86.158 158.528  14.860  86.603 159.715  13.979  86.958 160.872  14.169  86.705
 159.630  11.808  86.816 154.767  11.448  87.255 153.742  10.726  86.833 149.593
  10.794  91.433 152.359  11.208  89.918 151.671  10.450  89.034 150.838  11.199
  89.602 151.660   9.182  89.132 150.647  12.500  88.000 150.276  10.376  88.854
 151.207   8.326  88.112 150.478   8.897
  86.090 148.497  10.397  86.057 148.519  11.858  84.899 149.342  10.649  85.453
 148.726  12.995  83.989 149.791  11.425  84.067 149.571  12.926  82.830 148.928
  13.664  83.795 150.896  13.864  82.909 150.037  14.295  84.317 152.177  13.972
  85.311 152.862  13.083  83.826 153.228  14.903  85.699 154.131  12.940  84.317
 154.343  14.740  85.048 155.018  13.805  85.381 156.381  13.894  85.757 157.314
  12.798  85.696 156.935  14.980  85.590 157.084  11.622  86.346 158.643  13.214
  86.061 157.991  15.323  86.545 159.167  14.527  87.009 160.269  14.812  86.609
 159.250  12.446  86.619 154.544  11.954  86.729 153.879  10.831  86.641 149.660
  10.721  90.964 152.637  11.559  89.638 151.856  10.795  88.718 150.987  11.342
  89.329 152.066   9.515  88.726 150.581  12.599  87.701 150.562  10.451  88.628
 151.922   8.595  87.789 151.045   9.019
  86.522 148.348  10.862  86.314 148.795  12.182  85.332 149.127  10.720  85.558
 149.309  13.105  84.255 149.679  11.217  84.171 149.858  12.739  82.977 149.240
  13.379  83.727 151.239  13.289  82.768 150.433  13.685  84.064 152.569  13.372
  85.287 153.209  12.890  83.217 153.594  14.023  85.851 154.406  13.127  83.777
 154.686  14.019  84.944 155.320  13.651  85.128 156.675  13.789  85.696 157.561
  12.718  85.365 157.242  14.906  85.702 157.218  11.551  86.266 158.880  13.141
  85.750 158.307  15.268  86.385 159.382  14.486  86.832 160.459  14.847  86.801
 159.420  12.472  87.108 154.787  12.681  87.477 154.331  11.496  86.943 149.625
  10.850  90.752 153.243  11.091  89.500 152.218  10.384  88.721 151.329  11.165
  89.210 152.158   9.144  88.739 151.186  12.545  87.855 150.582  10.319  88.583
 151.593   8.248  87.901 150.805   8.879
  87.233 148.105  11.219  86.937 148.764  12.519  85.902 148.683  11.026  86.113
 149.363  13.338  84.863 149.306  11.434  84.699 149.839  12.879  83.560 149.129
  13.495  84.094 151.185  13.330  83.231 150.344  13.758  84.419 152.501  13.279
  85.538 153.121  12.652  83.532 153.482  13.798  85.978 154.392  12.635  83.929
 154.610  13.733  85.027 155.239  13.227  85.174 156.664  13.350  85.765 157.570
  12.392  85.258 157.245  14.555  85.792 157.288  11.247  86.176 158.894  12.849
  85.583 158.310  14.977  86.148 159.449  14.167  86.386 160.631  14.379  86.588
 159.493  12.143  87.171 154.799  12.146  87.299 154.724  10.854  87.485 149.425
  10.998  90.762 153.440  10.541  89.641 152.254  10.106  89.144 151.234  10.921
  89.129 152.163   8.849  89.533 151.004  12.147  88.235 150.417  10.280  88.409
 151.547   8.143  87.929 150.621   8.814
  87.905 148.148  11.020  87.536 148.791  12.306  86.709 148.904  10.702  86.656
 149.248  13.098  85.577 149.397  11.026  85.291 149.628  12.545  84.154 148.742
  13.106  84.505 150.873  13.103  83.784 149.908  13.445  84.656 152.234  13.177
  85.825 152.985  12.695  83.730 153.174  13.892  86.176 154.299  12.605  84.109
 154.336  13.798  85.137 155.031  13.302  85.102 156.443  13.417  85.396 157.445
  12.387  85.340 157.032  14.580  85.248 157.159  11.185  85.879 158.812  12.827
  85.731 158.095  14.964  86.136 159.249  14.142  86.619 160.345  14.433  85.994
 159.463  12.059  87.274 154.763  11.991  88.220 153.896  11.526  88.257 149.510
  10.980  91.881 153.465  10.921  90.780 152.153  10.405  89.957 151.298  11.139
  90.547 151.942   9.112  89.882 151.283  12.514  89.153 150.431  10.427  89.968
 151.289   8.280  89.331 150.499   8.945
  88.678 148.478  10.454  88.060 148.693  11.757  87.323 149.054  10.121  87.129
 148.985  12.551  86.133 149.404  10.436  85.773 149.452  12.006  84.649 148.577
  12.494  85.119 150.629  12.750  84.257 149.706  12.985  85.265 151.886  13.050
  86.281 152.633  12.359  84.443 152.866  13.886  86.622 153.902  12.300  84.850
 153.975  13.824  85.821 154.712  13.239  85.945 156.084  13.373  85.892 157.140
  12.277  85.876 156.754  14.510  85.889 156.825  11.115  85.885 158.518  12.631
  85.802 157.911  14.817  85.811 159.134  13.936  85.810 160.293  14.144  85.773
 159.167  11.861  87.660 154.432  11.609  87.861 154.076  10.344  88.793 149.776
  10.579  91.988 153.819  12.164  91.013 152.735  11.161  90.052 151.802  11.547
  91.168 152.671   9.850  89.742 151.701  12.795  89.623 150.958  10.540  90.788
 152.211   8.803  90.006 151.347   9.171
  88.934 148.544  10.116  88.429 148.727  11.519  87.689 149.282   9.924  87.470
 148.911  12.310  86.567 149.622  10.276  86.091 149.415  11.715  84.909 148.403
  11.908  85.280 150.382  12.540  84.514 149.323  12.632  85.376 151.718  12.827
  86.260 152.613  12.262  84.421 152.499  13.711  86.468 153.988  12.359  84.705
 153.709  13.773  85.513 154.577  13.193  85.532 156.027  13.455  85.653 157.066
  12.455  85.942 156.590  14.580  85.372 156.901  11.270  86.130 158.399  12.890
  86.220 157.685  14.988  86.417 158.866  14.191  86.845 159.924  14.612  86.247
 159.141  12.211  87.503 154.727  11.721  88.080 154.346  10.604  89.239 149.787
  10.429  92.968 152.708  12.588  91.725 152.257  11.358  91.011 151.079  11.486
  91.370 152.977  10.303  91.223 150.272  12.524  90.096 150.881  10.441  90.646
 152.996   9.346  90.053 151.888   9.433
  89.072 148.756  10.384  88.494 148.748  11.759  87.788 149.452  10.169  87.599
 148.937  12.561  86.615 149.739  10.555  86.158 149.519  12.080  84.871 148.698
  12.297  85.490 150.661  12.738  84.614 149.772  12.801  85.664 151.954  13.040
  86.847 152.679  12.671  84.780 152.858  13.793  87.174 153.984  12.668  85.155
 153.995  13.762  86.213 154.791  13.393  86.265 156.152  13.575  85.998 157.259
  12.602  86.476 156.772  14.708  85.637 157.059  11.457  86.033 158.677  13.048
  86.472 157.851  15.129  86.201 159.117  14.431  86.249 160.321  14.836  85.886
 159.456  12.417  88.341 154.346  12.077  88.620 155.609  11.847  89.360 149.977
  10.845  93.795 152.496  12.166  92.244 152.332  11.388  91.463 151.129  11.531
  91.682 152.980  10.402  91.841 150.166  12.367  90.310 151.056  10.816  90.760
 153.175   9.655  90.016 152.226   9.927
  88.720 148.589   9.923  88.687 148.763  11.402  87.312 149.004  10.152  88.001
 148.883  12.515  86.347 149.162  10.946  86.494 149.146  12.535  85.634 148.141
  13.330  85.977 150.252  13.533  85.367 149.201  13.949  86.003 151.598  13.691
  86.665 152.537  12.765  85.252 152.435  14.664  86.769 153.904  12.770  85.371
 153.646  14.576  86.006 154.546  13.801  85.938 155.951  13.943  85.742 156.836
  12.837  86.231 156.651  15.012  85.345 156.483  11.722  86.065 158.221  13.070
  86.482 157.794  15.207  86.473 158.896  14.249  86.723 160.081  14.287  86.058
 158.731  12.195  87.472 154.409  11.815  88.415 155.306  12.100  88.868 149.881
  10.123  92.771 152.932  11.782  91.378 152.517  10.862  90.716 151.231  10.951
  90.850 153.204   9.990  90.980 150.343  11.879  89.630 151.093  10.058  90.067
 153.324   9.121  89.404 152.214   9.092
  88.469 148.228  10.270  88.414 148.399  11.707  87.112 148.768  10.463  87.805
 148.579  12.773  86.121 148.982  11.271  86.288 148.944  12.757  85.284 148.064
  13.431  85.796 150.166  13.578  85.089 149.158  14.065  85.946 151.493  13.613
  86.792 152.213  12.822  85.185 152.426  14.476  87.070 153.553  12.737  85.485
 153.601  14.395  86.275 154.366  13.649  86.208 155.779  13.719  85.443 156.600
  12.750  86.775 156.514  14.574  84.846 156.124  11.816  85.505 158.079  12.870
  86.920 157.676  14.725  86.260 158.799  13.912  86.315 159.976  14.052  84.865
 158.637  12.318  87.849 153.945  11.696  88.158 155.178  11.457  88.676 149.545
  10.542  91.928 153.761  11.276  90.799 152.508  10.550  90.265 151.297  11.047
  90.325 152.736   9.406  90.530 150.831  12.278  89.349 150.743  10.162  89.653
 152.431   8.463  89.126 151.339   8.798
  88.695 148.466   9.827  88.918 148.661  11.272  87.364 148.795  10.253  88.478
 148.840  12.470  86.496 148.929  11.147  86.929 149.017  12.649  86.258 147.929
  13.478  86.265 150.088  13.572  85.790 149.019  14.097  86.233 151.420  13.664
  86.951 152.261  12.823  85.578 152.157  14.781  86.947 153.629  12.725  85.686
 153.385  14.605  86.262 154.303  13.749  86.089 155.728  13.920  85.974 156.712
  12.811  86.561 156.364  14.971  85.720 156.421  11.657  86.294 158.111  13.151
  86.799 157.465  15.248  86.747 158.656  14.385  86.840 159.847  14.566  86.202
 158.808  12.421  87.627 154.191  11.691  88.627 155.073  11.818  88.764 149.846
  10.086  91.730 154.347   9.835  90.717 152.997   9.331  90.277 151.955  10.106
  90.196 152.877   8.162  90.759 151.808  11.380  89.352 151.042   9.490  89.422
 152.302   7.432  88.964 151.301   8.075
