#Frame       SA_00001
       1   21110.3418
       2   22515.9106
       3   23242.3838
       4   23748.5091
       5   23926.9217
       6   24220.4776
       7   24420.4343
       8   24322.5633
       9   24209.0306
      10   23845.2649
      11   23902.7129
      12   23797.4986
      13   23887.0575
      14   24188.1361
      15   23657.4711
      16   23931.9766
      17   23720.7591
      18   24085.3066
      19   24089.7704
      20   23973.8648
      21   23794.0753
      22   23959.0915
      23   24242.0812
      24   24277.9107
      25   23932.4423
      26   23675.9018
      27   24022.7993
      28   24254.5446
      29   24288.3663
      30   24665.4505
      31   24536.3825
      32   24667.6546
      33   24526.4908
      34   24445.3709
      35   24614.7658
      36   24374.4462
      37   24465.2299
      38   24535.2228
      39   24328.0784
      40   24821.8355
      41   24889.5901
      42   25088.9448
      43   24885.1491
      44   24922.0318
      45   24516.3238
      46   24763.8623
      47   24403.3774
      48   24741.0416
      49   24614.6637
      50   24298.5074
