#Frame       SA_00001
       1     565.0460
       2     531.3169
       3     532.9977
       4     527.7284
       5     528.2249
       6     527.2322
       7     530.4482
       8     540.4354
       9     528.1845
      10     533.1738
      11     531.3892
      12     528.1828
      13     527.2289
      14     542.4342
      15     517.0063
      16     517.7220
      17     522.3014
      18     523.5967
      19     525.1413
      20     518.4886
      21     521.8288
      22     515.2361
      23     513.3045
      24     527.8182
      25     526.4048
      26     517.5230
      27     515.9061
      28     510.2142
      29     514.9750
      30     521.2251
      31     513.8468
      32     515.2340
      33     515.2392
      34     521.5532
      35     515.9513
      36     515.6225
      37     517.1976
      38     512.5642
      39     509.8236
      40     505.1585
      41     519.7788
      42     515.7336
      43     510.5041
      44     511.3958
      45     511.3422
      46     510.6689
      47     521.7626
      48     519.2438
      49     507.6529
      50     505.5158
