#Frame       SA_00001
       1   21058.6605
       2   22101.1955
       3   22471.7400
       4   22386.5488
       5   22918.9820
       6   23407.3300
       7   23156.8739
       8   23488.1004
       9   23606.4725
      10   23593.4293
      11   23514.4791
      12   24082.0559
      13   24367.2946
      14   24243.3364
      15   23757.8331
      16   24057.3948
      17   24430.3965
      18   24165.0084
      19   23931.2695
      20   23992.0365
      21   23757.2442
      22   24027.7277
      23   23797.5447
      24   24013.6602
      25   23983.5411
      26   23846.6108
      27   23732.8533
      28   23629.1056
      29   24113.8006
      30   24068.1635
      31   24362.2478
      32   24198.1762
      33   24197.4333
      34   24433.4241
      35   24707.5877
      36   24787.4987
      37   24578.5398
      38   24074.8197
      39   24077.6284
      40   23832.2131
      41   23708.2947
      42   23649.2066
      43   23998.4953
      44   23945.8811
      45   23958.1334
      46   23899.2475
      47   23593.0647
      48   23738.9430
      49   23732.4684
      50   23507.4260
