#Frame       SA_00001
       1     461.1816
       2     457.1696
       3     464.3459
       4     456.5076
       5     461.7836
       6     471.6598
       7     460.9797
       8     463.8922
       9     464.4038
      10     456.2155
      11     465.5180
      12     453.8966
      13     466.0797
      14     468.3796
      15     455.4670
      16     457.0009
      17     469.4024
      18     456.7556
      19     451.8148
      20     463.1639
      21     458.6265
      22     459.1941
      23     459.4946
      24     455.9539
      25     451.0686
      26     464.3909
      27     453.5161
      28     448.7908
      29     447.3273
      30     459.1290
      31     447.7645
      32     457.8773
      33     458.8892
      34     456.0878
      35     446.5685
      36     447.5532
      37     450.5978
      38     433.1766
      39     447.0294
      40     439.1852
      41     457.1614
      42     454.7636
      43     463.4804
      44     455.2628
      45     457.8221
      46     453.0348
      47     455.6548
      48     445.7793
      49     447.9251
      50     454.1877
