#Frame       SA_00001
       1     546.7027
       2     540.1413
       3     533.4919
       4     520.7595
       5     520.8245
       6     531.2583
       7     531.4153
       8     513.5383
       9     502.4952
      10     508.1925
      11     514.8310
      12     509.7541
      13     501.8429
      14     511.6152
      15     514.6775
      16     513.4474
      17     517.1378
      18     515.8083
      19     517.8936
      20     510.6020
      21     518.2190
      22     517.2147
      23     508.2542
      24     519.6375
      25     521.9218
      26     518.2794
      27     541.3189
      28     527.3142
      29     520.9435
      30     524.8274
      31     530.7619
      32     517.8815
      33     520.9169
      34     507.2898
      35     513.3799
      36     502.4625
      37     521.8558
      38     502.6300
      39     511.9323
      40     517.6147
      41     503.1011
      42     513.6272
      43     519.5884
      44     510.2278
      45     509.9373
      46     511.1052
      47     513.6974
      48     515.8538
      49     507.8889
      50     499.9535
