Cpptraj Generated trajectory                                                    
  84.663 154.306  13.643  83.724 153.528  14.341  85.840 153.752  13.115  84.073
 152.251  14.787  85.909 152.508  13.462  85.193 151.606  14.204  83.437 151.274
  15.520  85.241 150.286  14.624  83.814 150.263  14.604  84.020 150.866  16.669
  85.462 150.034  15.966  82.906 149.291  14.134  85.281 150.609  17.283  81.755
 149.145  14.522  84.572 155.772  11.223  84.666 156.394  12.273  84.365 155.645
  13.487  85.017 157.822  12.336  84.444 156.519  14.489  85.103 158.632  13.549
  84.722 157.656  14.630  85.470 159.788  13.642  85.086 158.354  11.477  82.467
 154.043  14.629  81.354 153.371  14.361  86.832 154.421  12.426  87.514 153.805
  11.455  83.622 148.397  13.417  83.115 147.164  12.895  81.955 147.385  11.954
  82.665 146.299  13.915  84.220 146.535  12.130  84.591 149.444  17.200  84.072
 148.362  17.968  83.221 147.236  17.522  84.348 148.272  19.378  82.821 146.387
  18.320  83.828 147.341  20.012  83.085 146.544  19.487
  85.022 153.790  13.411  83.992 153.144  14.105  85.990 153.121  12.754  84.059
 151.727  14.287  85.890 151.887  12.999  85.070 150.997  13.642  83.363 150.789
  15.020  85.051 149.716  14.121  83.615 149.753  14.124  83.982 150.466  16.197
  85.392 149.548  15.411  82.740 148.708  13.789  85.275 150.259  16.649  81.540
 148.781  14.110  85.001 155.688  11.066  85.027 156.102  12.224  85.013 155.198
  13.379  85.201 157.554  12.520  85.172 155.909  14.489  85.332 158.209  13.775
  85.354 157.064  14.769  85.469 159.409  13.815  85.346 158.160  11.721  82.969
 153.881  14.643  81.745 153.486  14.459  86.998 153.713  12.025  87.922 153.076
  11.338  83.421 147.537  13.323  82.766 146.285  13.148  81.806 146.501  12.041
  82.110 145.868  14.456  83.684 145.255  12.696  84.619 149.098  16.769  84.354
 148.021  17.715  84.055 146.613  17.515  84.137 148.382  19.116  83.566 145.881
  18.368  83.681 147.531  19.915  83.259 146.428  19.453
  84.756 154.079  13.273  83.790 153.315  13.991  85.784 153.546  12.468  84.156
 151.969  14.124  85.741 152.302  12.612  85.086 151.306  13.271  83.602 150.985
  14.899  84.983 149.979  13.495  83.591 150.083  13.846  84.377 150.380  15.852
  85.522 149.487  14.659  82.615 149.042  13.607  85.735 149.951  15.955  81.590
 148.929  14.299  84.307 156.149  11.049  84.614 156.471  12.174  84.598 155.464
  13.332  85.129 157.818  12.436  85.080 156.149  14.281  85.605 158.402  13.655
  85.421 157.244  14.583  85.862 159.608  13.794  84.966 158.438  11.652  82.777
 153.918  14.603  81.533 153.706  14.207  86.690 154.353  11.698  87.594 153.829
  10.895  82.992 148.226  12.590  82.344 146.973  12.262  81.055 147.171  11.729
  82.243 146.117  13.460  83.195 146.302  11.257  84.969 148.818  16.006  84.427
 147.728  16.736  83.862 146.568  16.235  84.372 147.737  18.265  83.487 145.682
  16.947  84.008 146.753  18.904  83.532 145.819  18.197
  85.300 154.210  13.285  84.480 153.593  14.254  86.107 153.485  12.340  84.461
 152.228  14.370  85.879 152.233  12.588  85.153 151.391  13.440  83.746 151.335
  15.149  84.848 150.124  13.673  83.540 150.451  14.100  84.539 150.585  16.017
  85.438 149.609  14.811  82.482 149.486  14.124  85.864 150.054  16.085  81.385
 149.751  14.624  84.939 156.227  11.065  85.159 156.592  12.210  85.344 155.652
  13.342  85.147 157.977  12.534  85.617 156.352  14.445  85.458 158.614  13.836
  85.607 157.526  14.701  85.417 159.813  14.165  84.993 158.635  11.779  83.636
 154.398  15.021  82.408 154.560  14.522  86.908 154.018  11.341  87.902 153.264
  11.016  82.819 148.416  13.373  81.870 147.346  13.128  80.889 147.679  12.145
  81.199 146.910  14.427  82.646 146.227  12.608  84.986 149.056  16.318  84.604
 147.792  16.967  84.772 146.461  16.375  84.393 147.692  18.398  84.750 145.490
  17.112  84.466 146.608  18.988  84.570 145.583  18.327
  84.985 154.192  13.312  84.314 153.415  14.312  85.809 153.639  12.312  84.524
 152.081  14.429  85.709 152.352  12.505  85.203 151.400  13.422  84.008 151.131
  15.291  84.998 150.021  13.585  83.754 150.167  14.228  84.931 150.496  16.030
  85.728 149.561  14.678  82.719 149.196  14.306  86.296 150.096  15.876  81.772
 149.273  15.045  84.480 156.118  11.079  84.809 156.537  12.181  84.870 155.654
  13.311  85.186 157.996  12.311  85.127 156.443  14.344  85.540 158.642  13.554
  85.492 157.537  14.536  85.852 159.797  13.651  85.319 158.508  11.447  83.521
 153.993  15.160  82.349 154.457  14.833  86.575 154.177  11.267  87.401 153.450
  10.537  82.928 148.190  13.378  81.913 147.198  13.124  80.723 147.801  12.488
  81.392 146.614  14.345  82.462 146.187  12.258  85.553 149.067  16.174  85.419
 147.763  16.776  84.619 146.786  16.166  85.754 147.395  18.156  84.213 145.795
  16.840  85.293 146.388  18.668  84.511 145.682  18.033
  84.889 154.199  13.262  84.091 153.459  14.161  85.851 153.594  12.403  84.172
 152.112  14.243  85.783 152.314  12.676  85.088 151.430  13.474  83.607 151.146
  15.072  85.070 150.107  13.775  83.710 150.149  14.076  84.460 150.609  16.066
  85.623 149.810  14.985  82.674 149.390  13.554  85.797 150.252  16.305  81.558
 149.568  13.934  85.128 156.202  10.956  85.036 156.558  12.114  84.832 155.614
  13.245  85.079 158.009  12.385  84.936 156.401  14.325  85.193 158.595  13.660
  85.116 157.513  14.599  85.270 159.788  13.888  84.931 158.631  11.599  83.189
 154.122  14.970  81.933 153.793  15.049  86.878 154.202  11.671  87.823 153.538
  11.047  83.202 148.290  12.916  82.390 147.060  12.809  81.213 147.264  11.929
  82.149 146.667  14.217  83.227 145.930  12.246  85.051 149.133  16.345  84.964
 147.880  16.896  84.748 146.640  16.141  85.237 147.635  18.263  84.939 145.504
  16.671  85.469 146.465  18.698  85.265 145.515  17.922
  84.832 154.663  13.588  84.034 153.770  14.385  85.805 154.178  12.719  84.319
 152.362  14.391  85.858 152.869  12.807  85.221 151.853  13.488  83.791 151.397
  15.175  85.146 150.473  13.618  83.759 150.543  14.063  84.593 150.676  16.030
  85.690 149.946  14.741  82.843 149.498  13.819  85.923 150.118  16.132  81.820
 149.383  14.482  84.423 156.626  11.457  84.716 156.968  12.596  84.646 156.022
  13.735  85.013 158.393  12.836  84.845 156.710  14.840  85.389 158.939  14.144
  85.159 157.821  15.127  85.904 159.976  14.348  85.002 158.983  12.012  83.005
 154.264  15.096  81.874 153.584  15.072  86.628 154.937  11.871  87.222 154.391
  10.821  83.321 148.583  13.013  82.589 147.449  12.500  81.440 147.889  11.646
  82.204 146.641  13.576  83.494 146.608  11.613  85.053 149.091  15.929  84.458
 147.900  16.451  84.701 146.665  15.817  83.390 147.792  17.486  84.468 145.619
  16.346  83.171 146.631  17.936  83.690 145.651  17.341
  85.039 154.758  13.518  84.059 154.040  14.173  85.980 154.154  12.701  83.990
 152.664  14.136  85.765 152.871  12.722  84.828 151.949  13.307  83.311 151.759
  14.843  84.711 150.609  13.553  83.335 150.818  13.786  84.103 151.101  15.830
  85.230 150.205  14.743  82.341 149.845  13.597  85.441 150.760  16.056  81.149
 150.063  13.887  84.799 156.548  11.305  85.021 157.033  12.449  85.105 156.165
  13.625  85.138 158.457  12.707  85.300 156.899  14.695  85.278 159.135  13.960
  85.415 158.053  14.913  85.307 160.356  14.110  85.055 159.088  11.919  83.180
 154.747  15.001  81.909 154.800  14.597  87.061 154.746  11.953  87.404 154.180
  10.816  82.777 148.870  12.741  81.984 147.650  12.554  80.896 147.970  11.654
  81.434 147.073  13.853  82.847 146.620  11.908  84.705 149.610  16.110  84.238
 148.385  16.586  85.126 147.329  16.943  82.872 148.011  16.658  84.671 146.241
  17.343  82.540 146.923  17.190  83.424 146.090  17.484
  84.900 154.578  13.267  83.836 153.832  13.916  85.890 154.020  12.442  83.884
 152.389  13.779  85.669 152.753  12.356  84.813 151.820  12.900  83.260 151.365
  14.445  84.624 150.502  12.903  83.259 150.555  13.229  83.961 150.523  15.245
  85.117 149.835  14.002  82.239 149.547  12.948  85.308 150.026  15.377  81.273
 149.473  13.636  84.869 156.674  11.239  85.007 156.982  12.406  84.867 156.004
  13.486  85.346 158.397  12.748  85.174 156.642  14.587  85.564 158.933  14.056
  85.412 157.742  14.967  85.895 160.098  14.246  85.669 158.972  11.979  82.945
 154.496  14.648  81.723 153.990  14.829  87.001 154.716  11.882  87.886 154.091
  11.127  82.687 148.457  12.159  81.713 147.366  11.870  80.627 147.950  11.096
  81.305 146.597  13.112  82.428 146.372  11.040  84.455 148.997  15.251  84.043
 147.745  15.820  84.881 146.803  16.358  82.631 147.447  16.003  84.411 145.861
  17.057  82.312 146.542  16.781  83.194 145.776  17.283
  85.116 154.197  13.331  84.083 153.539  13.967  86.133 153.596  12.597  84.057
 152.174  13.967  85.916 152.340  12.603  85.054 151.459  13.266  83.220 151.157
  14.449  84.838 150.110  13.412  83.406 150.278  13.358  83.712 150.493  15.560
  85.022 149.570  14.655  82.458 149.272  12.941  84.944 149.989  16.038  81.363
 149.234  13.331  85.478 156.304  11.095  85.425 156.636  12.265  85.162 155.647
  13.345  85.688 158.015  12.533  85.205 156.393  14.406  85.650 158.596  13.833
  85.325 157.532  14.705  85.754 159.795  14.055  85.854 158.661  11.771  83.123
 154.232  14.635  81.944 154.421  14.108  87.216 154.206  11.999  87.660 153.686
  10.868  83.049 148.307  12.115  82.300 147.268  11.415  81.306 147.904  10.511
  81.570 146.442  12.371  83.241 146.453  10.684  84.139 148.978  15.915  83.881
 147.621  16.403  83.993 146.434  15.546  83.618 147.260  17.710  83.896 145.328
  16.068  83.465 146.083  18.081  83.870 145.170  17.314
  85.051 153.872  13.205  84.069 153.103  13.942  86.121 153.338  12.496  84.283
 151.761  14.067  86.027 152.039  12.705  85.283 151.096  13.318  83.597 150.778
  14.784  85.142 149.735  13.578  83.724 149.830  13.825  84.359 150.271  15.847
  85.638 149.328  14.881  82.652 148.910  13.532  85.702 149.845  16.178  81.517
 149.090  13.874  84.842 155.753  11.019  85.050 156.169  12.128  84.974 155.245
  13.268  85.319 157.601  12.354  85.186 156.004  14.337  85.575 158.315  13.595
  85.380 157.163  14.564  85.939 159.478  13.732  85.355 158.072  11.457  82.991
 153.732  14.517  81.848 153.130  14.802  87.056 154.027  11.670  87.883 153.269
  10.897  83.091 148.005  12.596  82.249 146.948  12.065  81.230 147.534  11.175
  81.658 146.283  13.208  83.034 145.962  11.280  84.926 148.717  16.189  84.569
 147.504  16.818  83.796 146.500  16.193  84.823 147.194  18.234  83.278 145.604
  16.797  84.319 146.209  18.685  83.352 145.680  18.086
  84.977 153.895  13.445  83.955 153.131  14.055  86.154 153.393  12.858  84.189
 151.740  14.154  86.106 152.058  12.965  85.241 151.088  13.473  83.489 150.780
  14.853  85.242 149.770  13.769  83.822 149.793  13.908  84.193 150.348  15.951
  85.608 149.503  15.069  82.963 148.743  13.477  85.510 150.167  16.372  81.854
 148.618  13.877  84.900 156.077  11.262  85.077 156.344  12.467  84.887 155.372
  13.530  85.442 157.744  12.767  85.355 156.001  14.609  85.783 158.359  14.060
  85.771 157.114  14.904  85.985 159.549  14.297  85.579 158.333  11.954  82.836
 153.691  14.624  82.016 154.439  13.939  87.214 154.145  12.330  87.727 153.848
  11.167  83.598 147.920  12.617  82.954 146.693  12.241  81.670 146.730  11.585
  82.929 145.798  13.455  83.815 146.009  11.288  84.843 148.986  16.467  84.508
 147.721  17.119  83.638 146.638  16.744  85.226 147.355  18.306  83.505 145.629
  17.401  85.121 146.276  18.853  84.377 145.457  18.289
  85.427 154.244  13.443  84.663 153.438  14.234  86.392 153.682  12.583  84.967
 152.065  14.402  86.440 152.423  12.769  85.839 151.407  13.497  84.480 151.095
  15.165  85.784 150.027  13.731  84.432 150.182  14.083  85.346 150.531  16.032
  86.376 149.585  14.975  83.334 149.358  13.587  86.707 150.104  16.236  82.189
 149.476  13.985  84.992 156.348  11.184  85.214 156.648  12.314  85.212 155.674
  13.463  85.499 158.086  12.554  85.550 156.398  14.463  85.710 158.703  13.824
  85.781 157.545  14.693  86.013 159.871  14.008  85.366 158.751  11.802  83.566
 153.914  14.920  82.482 154.135  14.216  87.151 154.446  11.730  88.035 153.899
  10.878  83.778 148.295  12.821  83.064 147.137  12.459  82.051 147.525  11.481
  82.370 146.517  13.580  83.938 146.097  11.887  85.891 149.071  16.397  85.655
 147.942  17.174  84.615 146.945  16.991  86.492 147.579  18.286  84.515 145.971
  17.807  86.439 146.501  18.917  85.473 145.761  18.560
  85.755 154.606  12.957  84.993 153.791  13.865  86.647 154.083  12.085  85.349
 152.401  13.981  86.747 152.805  12.258  86.219 151.788  13.062  84.959 151.442
  14.933  86.195 150.462  13.343  84.885 150.483  13.890  86.046 150.969  15.685
  86.972 150.112  14.371  84.005 149.440  13.896  87.432 150.613  15.617  83.062
 149.369  14.649  85.109 156.542  10.708  85.440 156.939  11.801  85.530 155.989
  12.926  85.649 158.379  12.014  85.823 156.747  13.964  86.007 159.035  13.285
  86.028 157.887  14.198  86.034 160.256  13.592  85.499 159.003  11.230  83.954
 154.395  14.528  82.865 154.737  13.879  87.386 154.758  11.120  88.240 154.166
  10.271  84.278 148.526  12.882  83.416 147.472  12.532  82.076 147.953  12.158
  83.359 146.471  13.582  84.043 146.817  11.329  86.638 149.580  15.894  86.618
 148.430  16.686  85.397 147.908  17.239  87.769 147.729  17.159  85.423 147.007
  18.111  87.665 146.717  17.858  86.534 146.502  18.409
  85.729 154.687  12.833  84.940 153.875  13.727  86.724 154.117  11.943  85.221
 152.535  13.813  86.641 152.884  12.137  86.052 151.892  12.958  84.810 151.604
  14.694  86.121 150.556  13.236  84.816 150.593  13.741  85.840 151.141  15.598
  86.863 150.271  14.399  83.882 149.518  13.585  87.224 150.884  15.635  82.766
 149.502  14.133  85.309 156.692  10.655  85.591 157.021  11.768  85.608 156.075
  12.906  85.955 158.436  11.987  85.839 156.818  13.996  86.252 159.124  13.226
  86.072 158.003  14.250  86.611 160.280  13.247  85.954 159.023  11.161  83.925
 154.442  14.470  82.912 154.996  14.002  87.564 154.872  11.097  88.223 154.212
  10.113  84.357 148.526  12.753  83.570 147.429  12.317  82.387 147.769  11.470
  83.254 146.626  13.534  84.468 146.596  11.444  86.630 149.743  15.950  86.761
 148.687  16.894  85.875 148.430  18.028  87.769 147.722  16.755  85.888 147.373
  18.629  87.656 146.716  17.423  86.720 146.509  18.253
  85.647 154.861  13.124  84.880 154.045  14.020  86.727 154.455  12.441  85.215
 152.714  14.070  86.868 153.216  12.676  86.194 152.181  13.340  84.672 151.694
  14.786  86.207 150.856  13.459  84.828 150.833  13.729  85.487 151.199  15.797
  86.776 150.514  14.717  83.972 149.704  13.545  86.823 150.995  16.065  82.828
 149.618  13.995  85.070 156.679  10.734  85.327 157.125  11.848  85.292 156.212
  13.051  85.773 158.519  11.969  85.674 157.044  14.031  86.128 159.210  13.193
  86.114 158.152  14.154  86.361 160.373  13.348  85.890 159.034  11.104  83.794
 154.558  14.640  82.664 153.977  14.699  87.457 155.301  11.574  88.374 154.774
  10.770  84.661 148.643  12.925  84.001 147.449  12.600  82.820 147.683  11.683
  83.513 146.785  13.825  84.981 146.558  11.971  86.239 149.757  16.122  86.061
 148.473  16.818  84.751 148.016  17.195  87.084 147.603  17.263  84.624 147.113
  18.002  86.780 146.667  17.976  85.584 146.308  18.112
  85.953 155.015  13.057  85.041 154.328  13.913  86.947 154.374  12.298  85.189
 153.006  14.153  86.838 153.114  12.559  86.090 152.238  13.360  84.559 152.121
  14.979  85.940 150.919  13.649  84.584 151.154  13.933  85.316 151.500  15.933
  86.470 150.622  14.879  83.599 150.163  13.682  86.632 151.164  16.206  82.498
 150.122  14.194  85.437 156.777  10.773  85.834 157.283  11.834  85.935 156.414
  13.032  86.132 158.731  11.996  86.179 157.194  14.103  86.380 159.414  13.248
  86.225 158.364  14.260  86.500 160.597  13.325  86.122 159.398  11.233  84.056
 155.067  14.580  82.960 155.327  13.905  87.785 155.033  11.426  88.886 154.474
  10.939  84.146 149.090  12.929  83.418 147.798  13.012  82.107 147.832  12.374
  83.337 147.138  14.374  84.330 146.892  12.226  85.892 149.993  16.277  85.761
 148.725  16.911  84.644 148.288  17.727  86.755 147.726  16.684  84.714 147.252
  18.355  86.502 146.609  17.222  85.653 146.450  18.121
  86.091 155.220  13.286  85.238 154.448  14.155  87.123 154.677  12.571  85.491
 153.105  14.348  87.102 153.414  12.811  86.458 152.509  13.629  84.877 152.160
  15.161  86.410 151.180  13.953  85.009 151.220  14.114  85.678 151.715  16.205
  86.974 150.846  15.174  84.089 150.190  13.910  87.045 151.421  16.492  83.001
 150.278  14.394  85.928 157.107  10.986  86.053 157.498  12.140  86.031 156.607
  13.316  86.059 158.928  12.351  85.974 157.393  14.341  86.099 159.606  13.598
  85.958 158.520  14.610  86.040 160.824  13.677  86.051 159.499  11.514  84.156
 154.999  14.812  83.034 155.202  14.148  87.974 155.337  11.723  89.018 154.729
  11.158  84.729 149.034  13.406  84.095 147.787  13.486  82.945 147.706  12.569
  83.725 147.443  14.916  85.108 146.903  12.973  86.351 150.273  16.423  85.958
 149.128  17.203  84.958 149.276  18.213  86.572 147.817  17.131  84.816 148.401
  19.038  86.272 147.034  18.037  85.356 147.289  18.864
  85.976 155.220  13.442  85.086 154.484  14.246  86.984 154.663  12.671  85.336
 153.109  14.415  87.008 153.384  12.925  86.293 152.415  13.642  84.732 152.212
  15.297  86.314 151.142  14.088  84.900 151.159  14.396  85.581 151.765  16.315
  86.854 150.884  15.373  84.053 149.974  14.382  86.913 151.593  16.646  83.005
 149.892  15.016  85.826 157.088  10.997  85.986 157.420  12.130  85.793 156.615
  13.362  86.226 158.893  12.354  85.852 157.391  14.405  86.380 159.608  13.620
  86.146 158.578  14.608  86.532 160.846  13.714  86.345 159.414  11.493  84.038
 155.031  14.903  83.166 155.762  14.213  87.824 155.257  11.854  88.331 154.760
  10.750  84.681 148.976  13.760  84.017 147.649  13.695  82.662 147.634  13.149
  84.016 147.026  15.008  84.834 146.795  12.776  86.208 150.460  16.856  86.088
 149.331  17.671  85.112 149.298  18.707  86.802 148.081  17.553  84.935 148.267
  19.390  86.539 147.109  18.266  85.765 147.334  19.285
  85.932 155.191  13.256  85.123 154.561  14.235  86.876 154.516  12.510  85.232
 153.167  14.425  86.754 153.211  12.794  86.014 152.380  13.582  84.556 152.365
  15.232  85.731 151.087  13.808  84.350 151.416  14.195  85.285 151.663  16.122
  86.202 150.593  15.092  83.250 150.460  14.101  86.572 151.048  16.352  82.163
 150.680  14.585  85.528 157.058  10.837  85.749 157.539  11.961  85.889 156.674
  13.169  85.866 158.934  12.119  85.996 157.478  14.203  86.031 159.704  13.301
  86.056 158.669  14.405  86.066 160.929  13.399  85.715 159.495  11.289  84.219
 155.270  15.028  83.084 155.697  14.546  87.569 155.078  11.495  88.274 154.421
  10.618  83.673 149.273  13.568  82.693 148.286  13.200  81.721 148.778  12.218
  81.956 147.683  14.336  83.392 147.192  12.647  85.593 150.160  16.511  85.015
 149.201  17.417  83.970 149.492  18.395  85.273 147.814  17.342  83.493 148.570
  19.013  84.724 146.956  18.047  83.745 147.337  18.695
  85.436 154.878  13.207  84.452 154.476  14.166  86.096 154.014  12.389  84.276
 153.130  14.335  85.771 152.801  12.755  84.967 152.134  13.621  83.405 152.444
  15.158  84.502 150.954  14.006  83.142 151.382  14.256  84.091 151.794  16.242
  85.037 150.650  15.259  81.955 150.562  14.201  85.375 151.267  16.506  80.983
 150.758  14.903  85.152 156.788  10.979  85.441 157.238  12.052  85.689 156.311
  13.171  85.523 158.689  12.319  86.076 157.050  14.213  85.991 159.352  13.458
  86.192 158.214  14.365  86.002 160.524  13.644  85.309 159.344  11.576  83.708
 155.354  14.799  82.509 155.590  14.395  87.058 154.401  11.491  87.896 153.552
  10.997  82.245 149.422  13.504  81.214 148.359  13.460  80.043 148.986  12.815
  81.029 147.876  14.816  81.816 147.226  12.623  84.441 150.376  16.730  83.940
 149.467  17.654  83.382 149.802  18.928  83.807 148.025  17.380  82.988 148.935
  19.700  83.580 147.248  18.304  82.922 147.734  19.258
  84.754 154.802  13.577  83.661 154.352  14.369  85.657 153.978  12.881  83.635
 153.008  14.696  85.331 152.792  13.206  84.457 152.104  14.045  82.942 152.311
  15.609  84.145 150.834  14.559  82.820 151.204  14.753  83.664 151.903  16.707
  84.630 150.575  15.809  81.595 150.372  14.732  84.938 151.298  17.032  80.518
 150.696  15.211  84.769 156.441  11.155  85.028 156.987  12.193  84.812 156.173
  13.409  85.487 158.366  12.304  85.190 157.008  14.369  85.829 159.058  13.467
  85.589 158.107  14.550  86.228 160.218  13.555  85.648 158.760  11.385  82.754
 155.264  14.854  81.698 155.579  14.232  86.640 154.392  11.981  87.473 153.568
  11.377  81.826 149.220  13.958  80.972 148.032  13.991  79.822 148.199  13.037
  80.542 147.648  15.362  81.680 146.938  13.497  83.928 150.427  17.300  83.588
 149.271  18.113  83.653 149.393  19.562  82.943 148.026  17.747  82.998 148.670
  20.261  82.171 147.485  18.554  82.181 147.853  19.757
  85.303 154.685  13.636  84.196 154.423  14.484  86.159 153.749  13.032  84.057
 153.095  14.922  85.883 152.603  13.610  84.907 152.092  14.460  83.192 152.522
  15.801  84.531 150.879  15.092  83.164 151.334  15.067  83.666 152.124  16.986
  84.758 150.808  16.430  82.003 150.565  14.909  84.876 151.607  17.549  80.886
 151.065  14.845  85.260 156.061  11.050  85.458 156.719  12.071  85.523 156.052
  13.387  85.816 158.194  12.074  85.815 156.921  14.357  86.061 159.019  13.203
  86.084 158.073  14.383  86.206 160.218  13.200  85.800 158.710  11.202  83.349
 155.376  14.947  82.154 155.429  14.369  87.062 153.919  12.094  87.760 152.930
  11.586  82.339 149.206  14.706  81.343 148.250  14.298  80.988 148.302  12.871
  80.180 148.420  15.084  81.913 146.885  14.578  83.801 150.812  17.832  83.318
 149.902  18.788  84.019 149.596  19.975  82.070 149.212  18.713  83.489 148.923
  20.860  81.656 148.564  19.639  82.412 148.298  20.595
  85.609 154.385  13.532  84.679 154.085  14.473  86.480 153.506  12.888  84.560
 152.761  14.959  86.206 152.335  13.414  85.297 151.770  14.333  83.813 152.152
  15.907  84.967 150.580  14.880  83.629 151.028  15.108  84.476 151.657  17.018
  85.314 150.280  16.194  82.500 150.236  15.030  85.666 151.011  17.312  81.430
 150.512  15.645  85.375 155.653  10.882  85.639 156.344  11.863  85.666 155.741
  13.188  86.064 157.721  11.638  86.122 156.672  14.032  86.510 158.625  12.679
  86.468 157.786  13.895  86.903 159.791  12.542  86.105 158.021  10.671  83.911
 155.010  15.092  82.733 155.194  14.629  87.483 153.765  12.080  88.038 152.897
  11.309  82.821 149.033  14.470  82.024 147.881  14.704  80.605 148.006  14.296
  82.099 147.516  16.108  82.770 146.792  13.999  84.613 150.174  17.619  83.882
 149.525  18.626  84.466 148.562  19.543  82.511 149.705  18.867  83.789 148.107
  20.460  81.920 148.981  19.652  82.580 148.353  20.529
  85.713 154.457  13.154  84.701 153.997  13.986  86.700 153.679  12.555  84.711
 152.640  14.378  86.411 152.456  12.899  85.627 151.708  13.765  83.957 151.962
  15.257  85.351 150.445  14.365  83.949 150.794  14.529  84.628 151.620  16.418
  85.695 150.359  15.721  82.825 149.909  14.450  85.953 151.288  16.705  81.754
 150.339  14.914  86.041 156.079  10.711  86.108 156.613  11.785  85.837 155.891
  13.035  86.506 158.059  11.906  85.948 156.731  13.982  86.564 158.832  13.095
  86.184 157.890  14.125  86.903 160.009  13.314  86.769 158.524  11.045  83.793
 154.846  14.499  82.546 154.593  14.484  87.796 154.031  11.724  88.521 153.110
  11.167  83.146 148.626  14.084  82.190 147.583  14.294  81.149 147.775  13.355
  81.584 147.488  15.729  82.737 146.274  13.985  85.076 150.348  17.160  84.792
 149.382  18.172  85.732 148.346  18.473  83.689 149.364  19.079  85.660 147.672
  19.484  83.711 148.486  19.990  84.782 147.915  20.359
  85.529 154.366  13.108  84.812 153.776  14.127  86.383 153.678  12.246  84.997
 152.422  14.440  86.392 152.449  12.671  85.900 151.665  13.636  84.481 151.584
  15.373  85.813 150.357  14.141  84.497 150.411  14.568  85.410 151.299  16.361
  86.490 150.210  15.315  83.416 149.564  14.280  86.747 150.900  16.560  82.276
 149.620  14.705  85.306 156.107  10.652  85.455 156.589  11.808  85.516 155.794
  12.996  85.679 158.021  12.010  85.891 156.501  14.004  86.078 158.677  13.227
  86.105 157.628  14.214  86.234 159.906  13.272  85.625 158.639  11.210  83.964
 154.440  14.943  82.801 154.711  14.413  87.247 154.198  11.267  88.151 153.474
  10.621  83.902 148.648  13.386  83.218 147.390  13.081  81.942 147.618  12.361
  82.910 146.596  14.299  84.177 146.693  12.160  86.010 149.865  16.859  85.358
 149.026  17.779  85.321 147.558  17.597  84.504 149.423  18.862  84.648 146.849
  18.382  83.726 148.603  19.350  83.800 147.400  19.145
  85.927 154.438  13.282  84.964 153.830  14.086  86.911 153.771  12.499  85.031
 152.420  14.210  86.770 152.496  12.785  86.055 151.705  13.612  84.296 151.566
  14.981  86.011 150.466  14.149  84.611 150.511  14.057  84.898 151.324  16.156
  86.377 150.378  15.427  83.789 149.446  13.748  86.244 151.129  16.668  82.637
 149.376  13.999  85.569 156.357  10.935  85.867 156.780  12.050  85.944 155.895
  13.242  86.118 158.233  12.352  86.332 156.593  14.247  86.512 158.840  13.588
  86.569 157.688  14.540  86.576 160.058  13.712  85.901 158.895  11.616  84.015
 154.543  14.701  82.785 154.415  14.254  87.777 154.399  11.612  88.715 153.842
  10.940  84.470 148.316  13.202  83.839 147.007  13.028  82.753 147.046  12.028
  83.502 146.344  14.272  84.929 146.173  12.467  85.561 149.980  16.716  85.292
 148.827  17.559  85.011 147.474  17.136  85.582 148.863  18.991  85.020 146.575
  18.018  85.501 147.851  19.727  85.207 146.757  19.210
  86.044 154.477  13.135  84.945 153.830  13.764  87.142 153.801  12.599  85.015
 152.493  14.071  86.967 152.552  12.883  86.051 151.749  13.590  84.281 151.761
  14.969  85.850 150.488  14.111  84.413 150.639  14.193  84.963 151.503  16.103
  86.254 150.374  15.393  83.399 149.606  14.008  86.237 151.147  16.660  82.235
 149.676  14.372  85.993 156.312  10.622  86.167 156.695  11.753  85.968 155.856
  12.992  86.329 158.135  11.965  86.094 156.657  14.041  86.495 158.827  13.251
  86.356 157.796  14.262  86.645 160.004  13.311  86.398 158.578  11.056  83.827
 154.544  14.065  82.588 154.138  13.941  88.187 154.330  11.950  88.653 153.730
  10.876  84.004 148.545  13.322  83.197 147.372  12.941  82.222 147.675  11.894
  82.419 146.839  14.081  84.015 146.303  12.369  85.484 150.002  16.733  84.965
 148.955  17.628  84.801 147.596  17.400  84.510 149.372  18.914  84.292 146.859
  18.233  83.915 148.596  19.659  83.868 147.369  19.302
  86.042 154.483  13.534  85.149 154.047  14.524  86.953 153.677  12.808  85.098
 152.720  14.798  86.782 152.435  13.280  85.894 151.784  14.155  84.279 152.038
  15.598  85.509 150.507  14.532  84.135 150.984  14.722  84.919 151.432  16.722
  85.891 150.210  15.808  82.945 150.187  14.612  86.134 150.786  17.046  81.932
 150.545  15.219  85.379 155.988  11.198  85.657 156.629  12.199  86.012 155.902
  13.369  85.742 158.072  12.183  86.370 156.739  14.310  86.070 158.888  13.347
  86.405 157.920  14.405  85.912 160.102  13.352  85.587 158.531  11.293  84.237
 154.878  15.104  83.079 155.009  14.539  87.885 154.153  11.924  88.269 153.386
  10.897  83.138 149.004  13.918  82.083 148.019  13.778  80.958 148.575  13.077
  81.563 147.640  15.077  82.610 146.862  13.155  85.152 149.852  17.177  84.520
 148.956  18.085  84.153 147.595  17.811  84.088 149.297  19.439  83.346 147.002
  18.476  83.337 148.560  20.066  83.007 147.514  19.605
  85.870 154.530  13.445  84.878 154.186  14.403  86.661 153.606  12.856  84.785
 152.868  14.875  86.376 152.417  13.331  85.550 151.849  14.277  84.025 152.354
  15.845  85.130 150.673  14.821  83.802 151.229  15.032  84.556 151.738  16.954
  85.473 150.446  16.177  82.627 150.479  15.030  85.770 151.158  17.343  81.653
 150.901  15.560  85.169 156.044  11.042  85.592 156.652  11.976  86.024 155.927
  13.181  85.791 158.136  12.026  86.344 156.790  14.104  86.141 158.958  13.190
  86.369 157.964  14.193  86.026 160.143  13.277  85.457 158.726  11.273  83.947
 155.098  14.840  82.656 154.961  14.687  87.674 153.864  11.967  88.114 153.043
  10.962  82.702 149.269  14.441  81.543 148.322  14.277  80.595 148.909  13.252
  80.979 147.906  15.586  82.136 147.057  13.778  84.677 150.402  17.682  84.036
 149.578  18.656  83.784 148.150  18.377  83.798 149.856  19.994  83.087 147.488
  19.136  83.208 149.060  20.743  82.875 147.946  20.282
  85.968 154.403  13.469  84.871 154.074  14.255  86.843 153.423  13.038  84.681
 152.799  14.800  86.368 152.223  13.430  85.342 151.718  14.208  83.842 152.301
  15.753  84.819 150.589  14.745  83.549 151.198  14.955  84.421 151.697  16.881
  85.302 150.323  16.034  82.302 150.595  14.763  85.666 151.091  17.224  81.294
 151.117  15.196  84.487 156.255  11.658  85.366 156.660  12.357  86.273 155.760
  13.078  85.506 158.075  12.530  87.052 156.532  13.800  86.391 158.719  13.384
  87.235 157.685  13.964  86.328 159.940  13.578  84.936 158.663  11.934  83.987
 155.116  14.733  82.617 155.118  14.491  87.900 153.607  12.207  88.607 152.599
  11.723  82.370 149.540  13.884  81.285 148.509  13.809  80.035 149.139  13.234
  81.079 147.899  15.079  81.590 147.385  12.823  84.641 150.292  17.507  83.905
 149.419  18.452  82.878 148.471  18.143  84.210 149.438  19.863  82.165 147.920
  19.062  83.554 148.761  20.673  82.496 148.205  20.224
  86.158 154.670  12.941  85.109 154.486  13.882  86.922 153.653  12.363  84.849
 153.190  14.352  86.429 152.608  12.843  85.509 152.117  13.718  83.948 152.638
  15.214  85.053 150.928  14.179  83.759 151.525  14.330  84.474 152.033  16.336
  85.404 150.661  15.508  82.499 150.907  14.149  85.578 151.283  16.780  81.496
 151.539  14.272  84.400 156.434  11.405  85.293 156.910  12.061  86.420 156.003
  12.453  85.318 158.325  12.529  87.168 156.778  13.202  86.229 158.894  13.427
  87.247 157.870  13.623  86.125 159.968  14.008  84.470 158.859  12.379  84.436
 155.586  14.276  83.107 155.448  14.360  87.970 153.826  11.503  88.259 152.886
  10.601  82.656 149.586  13.889  81.605 148.642  14.027  80.646 148.922  12.925
  80.945 148.867  15.324  82.276 147.419  13.844  84.492 150.490  16.875  83.718
 149.732  17.822  82.334 149.920  18.052  84.367 148.814  18.768  81.843 149.290
  19.000  83.708 148.375  19.720  82.474 148.475  19.690
  86.382 154.189  12.709  85.377 154.061  13.662  87.097 153.143  12.179  85.144
 152.769  14.177  86.701 152.063  12.722  85.703 151.649  13.607  84.291 152.377
  15.120  85.143 150.524  14.182  83.890 151.240  14.331  84.826 151.698  16.246
  85.502 150.242  15.507  82.562 150.765  14.303  85.878 150.900  16.665  81.662
 151.372  14.800  84.485 156.027  11.221  85.485 156.397  11.802  86.598 155.460
  12.192  85.482 157.739  12.280  87.533 156.276  12.722  86.515 158.498  12.873
  87.588 157.438  13.037  86.458 159.686  13.207  84.671 158.212  11.900  84.722
 155.184  14.235  83.439 155.514  14.118  88.133 153.366  11.344  88.550 152.318
  10.650  82.466 149.481  13.797  81.248 148.629  13.717  80.286 149.153  12.758
  80.643 148.319  14.977  81.583 147.351  13.148  84.708 150.257  16.951  84.037
 149.538  18.006  82.644 149.754  18.311  84.580 148.487  18.812  82.080 149.022
  19.095  83.933 148.001  19.772  82.727 148.194  19.771
  86.033 154.217  13.149  85.005 153.865  14.041  86.777 153.296  12.503  84.848
 152.527  14.409  86.420 152.130  12.879  85.520 151.515  13.766  84.021 151.985
  15.368  85.147 150.295  14.314  83.830 150.785  14.609  84.734 151.413  16.415
  85.634 150.084  15.533  82.600 150.032  14.422  85.948 150.717  16.740  81.523
 150.431  14.838  85.368 155.751  10.785  85.808 156.321  11.791  86.266 155.579
  12.943  85.964 157.855  11.881  86.657 156.460  13.877  86.456 158.634  12.993
  86.805 157.603  14.020  86.558 159.840  13.070  85.608 158.381  11.091  84.192
 154.848  14.638  82.952 155.131  14.209  87.765 153.523  11.628  88.232 152.591
  10.819  82.861 148.777  13.860  81.755 147.885  13.734  80.768 148.266  12.685
  81.170 147.590  15.095  82.429 146.625  13.368  84.961 149.891  17.062  84.225
 149.174  18.084  82.830 149.098  18.017  84.760 148.806  19.329  82.174 148.710
  19.023  84.047 148.462  20.226  82.794 148.459  20.063
  86.390 154.160  13.130  85.339 153.970  13.963  87.203 153.100  12.768  84.989
 152.757  14.574  86.760 152.038  13.363  85.733 151.638  14.240  83.938 152.306
  15.335  85.192 150.501  14.851  83.907 151.085  14.626  84.214 151.875  16.644
  85.249 150.439  16.258  82.768 150.373  14.315  85.345 151.339  17.336  81.656
 150.744  14.580  85.325 155.945  10.735  86.003 156.278  11.673  86.807 155.343
  12.545  85.860 157.733  12.045  87.353 156.165  13.333  86.464 158.380  13.117
  87.308 157.333  13.714  86.331 159.532  13.476  85.334 158.353  11.439  84.592
 155.079  14.172  83.317 155.263  13.764  88.270 153.205  11.828  89.053 152.155
  11.648  83.157 149.077  13.960  82.269 148.020  13.749  81.360 148.377  12.650
  81.386 147.741  14.930  83.003 146.763  13.401  84.264 150.590  17.531  83.649
 149.577  18.296  82.251 149.421  18.316  84.252 148.489  19.087  81.668 148.689
  19.090  83.583 147.664  19.726  82.326 147.791  19.687
  86.208 154.270  13.132  85.120 154.145  13.970  87.010 153.305  12.668  84.910
 152.859  14.545  86.686 152.230  13.245  85.728 151.774  14.155  83.916 152.363
  15.314  85.244 150.618  14.679  83.883 151.104  14.637  84.316 151.887  16.575
  85.438 150.521  16.052  82.716 150.459  14.215  85.468 151.339  17.226  81.618
 150.953  14.457  84.899 156.038  11.215  85.650 156.496  11.985  86.468 155.596
  12.751  85.704 157.983  12.184  87.164 156.388  13.514  86.495 158.685  13.186
  87.281 157.564  13.736  86.391 159.857  13.436  85.055 158.533  11.633  84.317
 155.209  14.352  83.105 155.408  13.874  88.119 153.480  11.817  88.881 152.410
  11.505  83.033 149.204  13.731  82.060 148.236  13.630  81.078 148.664  12.623
  81.481 147.981  14.933  82.806 147.036  13.069  84.437 150.447  17.349  83.610
 149.596  18.191  82.191 149.351  18.064  84.085 148.970  19.456  81.611 148.578
  18.787  83.328 148.414  20.218  82.214 148.129  19.819
  86.218 154.412  13.048  85.088 154.144  13.805  87.067 153.416  12.549  84.854
 152.762  14.224  86.642 152.241  12.929  85.695 151.683  13.774  83.898 152.192
  15.073  85.241 150.548  14.336  83.909 150.986  14.329  84.374 151.855  16.300
  85.455 150.463  15.696  82.721 150.190  14.130  85.552 151.317  16.853  81.643
 150.706  14.349  84.539 156.176  11.348  85.471 156.670  12.072  86.485 155.710
  12.695  85.600 158.107  12.287  87.269 156.507  13.359  86.619 158.807  13.022
  87.429 157.652  13.541  86.626 160.069  13.193  84.856 158.696  11.931  84.287
 155.185  14.201  83.093 155.331  13.619  88.259 153.715  11.876  89.066 152.790
  11.457  83.041 148.983  13.560  82.165 147.904  13.630  80.968 148.069  12.877
  81.788 147.593  15.054  82.822 146.678  13.163  84.525 150.443  17.077  83.799
 149.628  18.073  82.386 149.215  17.924  84.366 149.067  19.200  81.864 148.451
  18.782  83.722 148.464  20.093  82.529 148.180  19.839
  86.156 154.179  13.155  85.009 153.923  13.919  87.078 153.177  12.729  84.842
 152.608  14.404  86.599 152.051  13.161  85.600 151.526  13.869  83.855 152.062
  15.246  85.116 150.411  14.511  83.746 150.862  14.516  84.371 151.684  16.433
  85.448 150.300  15.849  82.616 149.997  14.554  85.572 151.147  16.999  81.535
 150.302  14.988  85.051 155.828  11.083  85.760 156.314  11.888  86.565 155.465
  12.771  85.759 157.804  12.098  87.188 156.310  13.558  86.426 158.555  13.102
  87.127 157.450  13.785  86.350 159.711  13.385  85.157 158.409  11.552  84.135
 154.950  14.217  82.994 154.933  13.538  88.254 153.350  12.022  88.947 152.351
  11.474  83.076 148.771  14.112  82.210 147.707  14.029  81.065 147.924  13.196
  81.634 147.461  15.371  82.897 146.503  13.630  84.539 150.316  17.256  84.159
 149.298  18.227  82.795 149.109  18.632  85.050 148.476  18.909  82.517 148.486
  19.698  84.676 147.881  19.946  83.436 147.784  20.183
  86.078 154.186  13.587  84.983 153.913  14.409  87.019 153.251  13.181  84.867
 152.622  14.943  86.558 152.074  13.575  85.580 151.574  14.418  83.889 152.052
  15.753  85.052 150.372  14.914  83.716 150.898  14.892  84.331 151.590  16.899
  85.259 150.126  16.299  82.513 150.091  14.797  85.385 150.882  17.522  81.392
 150.459  15.109  84.645 155.923  11.604  85.467 156.440  12.362  86.337 155.540
  13.203  85.549 157.875  12.545  87.004 156.349  13.974  86.390 158.641  13.392
  87.130 157.536  14.093  86.448 159.886  13.448  84.954 158.370  11.891  84.060
 154.849  14.851  82.967 154.826  14.260  88.248 153.473  12.601  89.125 152.531
  12.166  82.856 148.785  14.518  81.865 147.756  14.380  80.988 147.974  13.206
  81.051 147.595  15.562  82.518 146.476  14.047  84.282 150.094  17.625  83.555
 149.229  18.497  82.170 149.267  18.705  84.261 148.295  19.344  81.668 148.431
  19.495  83.556 147.424  19.928  82.321 147.406  19.777
  86.189 154.050  13.135  85.013 153.923  13.884  87.109 153.044  12.789  84.799
 152.657  14.456  86.505 151.892  13.208  85.438 151.467  13.984  83.779 152.110
  15.229  84.819 150.333  14.540  83.536 150.905  14.479  84.219 151.702  16.464
  85.069 150.207  15.913  82.308 150.188  14.425  85.312 151.051  17.036  81.223
 150.684  14.703  84.901 155.804  11.198  85.651 156.211  12.064  86.573 155.337
  12.779  85.607 157.663  12.437  87.254 156.075  13.529  86.386 158.336  13.423
  87.250 157.209  13.832  86.332 159.550  13.730  84.837 158.187  12.037  84.196
 155.005  14.273  82.939 154.760  13.935  88.352 153.155  12.094  89.270 152.207
  12.158  82.475 148.873  14.050  81.440 147.932  14.148  80.268 148.281  13.280
  80.936 147.709  15.471  81.989 146.649  13.681  84.207 150.298  17.303  83.507
 149.589  18.317  82.175 149.163  18.246  84.236 149.110  19.510  81.742 148.445
  19.117  83.534 148.518  20.357  82.304 148.379  20.198
  86.118 154.110  13.363  85.067 153.903  14.223  86.985 153.114  13.000  84.870
 152.558  14.687  86.483 151.955  13.408  85.486 151.444  14.111  83.886 152.109
  15.446  84.810 150.352  14.544  83.572 151.040  14.622  84.157 151.442  16.591
  84.942 150.001  15.877  82.293 150.479  14.442  85.201 150.690  17.034  81.200
 151.121  14.532  84.556 155.893  11.707  85.470 156.323  12.375  86.460 155.437
  13.002  85.576 157.744  12.615  87.165 156.171  13.793  86.563 158.384  13.457
  87.376 157.334  14.031  86.604 159.595  13.620  84.971 158.327  12.049  84.275
 154.921  14.641  83.021 154.890  14.319  88.119 153.311  12.248  88.857 152.298
  11.792  82.419 149.194  14.070  81.284 148.214  14.268  80.212 148.483  13.338
  80.721 148.259  15.618  81.740 146.833  14.137  84.087 149.954  17.190  83.298
 149.133  18.040  81.921 149.411  18.437  83.844 147.980  18.793  81.436 148.856
  19.432  83.274 147.686  19.813  82.084 147.993  20.035
  86.104 154.032  13.317  84.922 153.828  14.027  87.085 153.100  13.080  84.687
 152.523  14.591  86.619 151.999  13.590  85.502 151.497  14.280  83.610 152.039
  15.286  84.952 150.393  14.717  83.625 150.893  14.399  83.875 151.522  16.568
  84.980 150.210  16.091  82.592 150.004  14.197  84.847 150.944  17.339  81.478
 150.426  14.324  84.672 155.713  11.428  85.448 156.257  12.238  86.386 155.414
  12.945  85.457 157.696  12.507  87.030 156.167  13.849  86.232 158.369  13.553
  87.028 157.316  14.127  86.139 159.505  13.938  84.672 158.227  12.149  83.942
 154.796  14.225  82.700 154.557  14.019  88.318 153.321  12.469  89.057 152.369
  11.918  83.003 148.812  13.750  82.049 147.627  13.722  80.947 147.956  12.788
  81.451 147.347  14.979  82.788 146.415  13.216  83.873 150.058  17.178  83.111
 149.088  17.814  82.076 149.378  18.826  83.374 147.731  17.834  81.437 148.499
  19.337  82.754 146.928  18.534  82.041 147.401  19.413
  85.854 153.756  13.488  84.749 153.385  14.235  86.737 152.802  12.993  84.537
 152.087  14.669  86.389 151.632  13.418  85.375 151.078  14.118  83.659 151.509
  15.459  84.931 149.920  14.545  83.618 150.447  14.526  84.102 150.884  16.607
  85.228 149.690  15.875  82.391 149.739  14.190  85.361 150.433  17.115  81.271
 150.192  14.363  84.995 155.665  11.432  85.493 156.063  12.428  86.126 155.163
  13.386  85.674 157.476  12.635  86.592 155.894  14.351  86.161 158.126  13.774
  86.634 157.014  14.671  86.209 159.287  13.850  85.422 158.073  11.855  83.917
 154.363  14.637  82.625 154.214  14.378  87.773 153.176  12.131  88.590 152.284
  11.613  82.672 148.436  13.820  81.669 147.437  13.538  81.049 147.704  12.174
  80.602 147.411  14.579  82.489 146.255  13.538  84.365 149.499  17.235  83.629
 148.602  18.146  82.278 148.736  18.596  84.210 147.350  18.676  81.757 148.021
  19.444  83.617 146.721  19.545  82.462 147.099  19.870
  85.447 154.123  13.475  84.426 153.543  14.241  86.406 153.396  12.823  84.423
 152.163  14.372  86.186 152.133  12.939  85.262 151.300  13.695  83.594 151.414
  15.196  84.936 150.056  14.180  83.578 150.368  14.301  84.280 150.942  16.298
  85.330 149.748  15.471  82.455 149.589  14.075  85.486 150.340  16.770  81.292
 149.894  14.385  85.529 155.902  11.079  85.711 156.381  12.184  85.486 155.551
  13.407  86.187 157.759  12.343  85.632 156.331  14.439  86.302 158.376  13.629
  86.006 157.415  14.582  86.627 159.546  13.875  86.429 158.295  11.518  83.525
 154.391  14.857  82.161 154.125  14.797  87.377 153.971  11.985  88.436 153.236
  11.502  82.833 148.415  13.333  81.822 147.452  13.068  80.679 147.950  12.311
  81.417 146.827  14.381  82.500 146.359  12.318  84.455 149.518  16.914  83.710
 148.737  17.811  82.352 148.944  18.372  84.359 147.607  18.389  81.906 148.173
  19.217  83.882 147.077  19.375  82.684 147.331  19.650
  85.445 154.022  13.471  84.513 153.500  14.414  86.343 153.217  12.760  84.491
 152.133  14.666  86.087 152.003  13.092  85.310 151.239  13.944  83.727 151.361
  15.467  85.096 149.902  14.342  83.724 150.274  14.530  84.421 150.829  16.534
  85.396 149.585  15.646  82.580 149.672  13.901  85.562 150.149  16.950  81.380
 150.015  14.134  85.578 155.859  11.071  85.639 156.294  12.186  85.458 155.424
  13.374  85.746 157.741  12.425  85.580 156.178  14.442  85.865 158.356  13.740
  85.726 157.321  14.753  86.114 159.508  13.887  85.715 158.387  11.644  83.598
 154.307  15.019  82.343 154.385  14.499  87.250 153.749  11.877  88.012 152.853
  11.272  82.986 148.634  13.080  82.224 147.543  12.571  81.143 148.076  11.722
  81.704 146.827  13.742  83.178 146.720  11.794  84.527 149.278  16.964  83.788
 148.294  17.722  82.498 148.417  18.335  84.448 147.110  18.246  82.081 147.574
  19.140  83.927 146.354  19.074  82.890 146.757  19.581
  85.521 153.706  13.758  84.479 153.261  14.564  86.555 152.883  13.235  84.474
 151.907  14.885  86.316 151.679  13.678  85.431 150.993  14.404  83.496 151.138
  15.490  85.011 149.677  14.588  83.622 150.082  14.492  83.920 150.521  16.669
  85.079 149.249  15.859  82.607 149.236  14.221  85.130 149.919  17.147  81.457
 149.659  14.407  86.148 155.109  11.234  85.993 155.718  12.245  85.545 155.080
  13.499  86.232 157.164  12.292  85.833 155.865  14.445  86.399 157.947  13.515
  86.147 156.961  14.588  86.692 159.151  13.537  86.392 157.643  11.413  83.518
 154.092  14.935  82.403 154.159  14.301  87.761 153.222  12.570  88.304 152.389
  11.675  82.932 148.016  13.757  81.906 147.007  13.452  81.197 147.515  12.286
  81.081 146.757  14.659  82.683 145.816  13.266  84.184 148.954  17.134  83.525
 147.924  17.884  83.256 148.037  19.249  83.155 146.608  17.362  82.776 147.095
  19.882  82.699 145.713  18.117  82.511 146.045  19.269
  85.659 153.660  13.895  84.547 153.293  14.539  86.618 152.745  13.348  84.329
 151.960  14.881  86.269 151.507  13.720  85.255 150.965  14.476  83.355 151.338
  15.584  84.809 149.771  14.987  83.457 150.198  14.791  83.700 150.952  16.822
  84.969 149.662  16.352  82.393 149.456  14.320  84.829 150.425  17.530  81.233
 149.815  14.479  86.539 155.318  11.386  86.291 155.798  12.529  85.854 155.074
  13.751  86.465 157.248  12.623  85.669 156.007  14.679  86.269 158.081  13.759
  85.933 157.155  14.781  86.456 159.295  13.782  86.765 157.717  11.776  83.524
 154.196  14.874  82.438 154.032  14.303  87.785 153.078  12.667  88.477 152.194
  11.977  82.809 148.358  13.547  81.976 147.261  13.062  80.964 147.803  12.114
  81.258 146.682  14.197  82.734 146.259  12.344  83.793 149.534  17.576  83.227
 148.329  18.167  83.284 147.999  19.549  82.535 147.323  17.385  82.754 146.923
  19.940  81.971 146.390  17.946  82.109 146.220  19.174
  85.731 153.752  13.899  84.546 153.359  14.609  86.692 152.876  13.398  84.458
 152.042  15.050  86.251 151.625  13.639  85.270 151.044  14.430  83.549 151.351
  15.777  84.850 149.827  14.908  83.539 150.286  14.932  83.951 150.805  16.982
  85.026 149.507  16.231  82.335 149.658  14.510  85.097 150.165  17.518  81.166
 150.001  14.804  86.764 155.510  11.550  86.402 156.036  12.600  85.994 155.211
  13.775  86.382 157.542  12.751  85.822 156.064  14.772  86.070 158.294  13.906
  85.805 157.245  14.941  86.070 159.520  13.910  86.684 158.032  11.917  83.524
 154.170  14.880  82.322 153.843  14.567  87.778 153.214  12.676  88.635 152.284
  12.170  82.624 148.602  13.702  81.593 147.845  13.095  80.818 148.648  12.177
  80.695 147.182  13.946  82.320 146.730  12.379  84.113 149.208  17.570  83.420
 148.373  18.423  83.579 148.446  19.881  82.444 147.537  17.952  82.899 147.645
  20.544  81.708 147.030  18.799  81.974 147.010  20.017
  85.816 154.101  13.486  84.729 153.664  14.285  86.697 153.196  12.874  84.657
 152.280  14.637  86.391 151.960  13.213  85.537 151.301  14.052  83.758 151.532
  15.403  85.143 150.069  14.508  83.759 150.379  14.597  84.324 151.108  16.584
  85.453 149.853  15.805  82.662 149.614  14.182  85.599 150.617  17.006  81.538
 150.068  14.286  86.712 155.784  11.101  86.528 156.316  12.170  85.946 155.496
  13.309  86.743 157.737  12.407  86.038 156.263  14.397  86.581 158.462  13.657
  86.174 157.422  14.567  86.926 159.643  13.776  87.198 158.235  11.650  83.751
 154.518  14.661  82.557 154.113  14.443  87.714 153.521  12.052  88.338 152.492
  11.363  82.994 148.319  13.945  82.063 147.291  13.561  81.601 147.587  12.180
  80.863 147.069  14.483  82.864 146.058  13.550  84.613 149.670  17.299  83.859
 149.071  18.430  84.098 149.285  19.843  82.886 148.020  18.236  83.545 148.640
  20.676  82.522 147.335  19.176  82.713 147.761  20.336
  85.457 154.257  13.940  84.321 153.749  14.542  86.440 153.382  13.484  84.218
 152.314  14.819  86.078 152.173  13.697  85.102 151.436  14.233  83.300 151.549
  15.486  84.705 150.175  14.513  83.350 150.542  14.553  83.862 150.930  16.642
  84.972 149.824  15.856  82.291 149.732  14.269  85.158 150.455  17.099  81.239
 149.996  14.817  85.465 156.076  11.402  85.613 156.558  12.553  85.652 155.691
  13.798  85.803 157.964  12.685  85.810 156.508  14.779  85.883 158.715  13.945
  85.937 157.647  14.993  86.235 159.954  13.971  85.912 158.509  11.838  83.416
 154.617  14.962  82.285 154.686  14.236  87.532 153.759  12.741  88.202 152.934
  11.981  82.643 148.682  13.546  81.810 147.553  13.208  80.657 148.028  12.414
  81.427 146.686  14.366  82.516 146.745  12.183  84.226 149.483  17.166  83.563
 148.659  18.191  84.017 148.478  19.518  82.250 148.130  17.976  83.311 147.907
  20.355  81.689 147.505  18.842  82.266 147.302  19.945
