#Frame       SA_00001
       1   21125.9357
       2   22609.2946
       3   23306.8232
       4   23671.8020
       5   23749.6752
       6   24225.1577
       7   24170.5511
       8   24485.5593
       9   24446.4883
      10   24257.7982
      11   24241.0621
      12   24121.5481
      13   24138.7162
      14   24197.1020
      15   24086.8184
      16   24084.2295
      17   24120.1139
      18   24315.9212
      19   24252.8169
      20   24152.1560
      21   23737.4592
      22   23714.7508
      23   23911.0105
      24   24094.6193
      25   23926.7954
      26   23616.5912
      27   23904.2604
      28   23961.4134
      29   24005.3366
      30   24324.3545
      31   24442.2936
      32   24503.6385
      33   24439.3806
      34   24102.2000
      35   24232.5859
      36   24267.1340
      37   24476.9163
      38   24120.2609
      39   24352.1184
      40   24345.6367
      41   24035.8975
      42   24407.5370
      43   24494.6654
      44   24315.8256
      45   24333.0120
      46   24453.9322
      47   24229.7516
      48   24281.9712
      49   24156.2948
      50   23928.3062
