Cpptraj Generated trajectory                                                    
  30.698   5.439 -21.326  29.928   5.850 -22.197  30.032   7.109 -22.756  28.849
   4.966 -22.746  31.070   8.033 -22.370  28.545   3.802 -22.101  28.192   5.420
 -23.889  32.117   8.130 -23.444  27.551   3.035 -22.640  27.175   4.636 -24.407
  33.362   8.694 -23.158  31.859   7.698 -24.747  26.851   3.423 -23.794  27.229
   1.697 -21.967  34.326   8.819 -24.161  32.836   7.824 -25.743  25.699   2.618
 -24.338  25.924   1.156 -22.360  34.088   8.392 -25.475  25.634   1.196 -23.786
  25.179   0.370 -21.467  35.093   8.480 -26.419  25.721  -0.177 -20.504  23.717
   0.462 -21.602  34.808   8.768 -27.829  36.451   8.875 -26.004  23.209   1.702
 -21.257  22.696  -0.456 -21.321  35.861   8.047 -28.703  37.487   8.176 -26.916
  22.362   1.447 -20.232  22.104   0.090 -20.150  22.255  -1.694 -22.007  37.252
   8.428 -28.359  21.881   2.394 -19.363  21.338  -0.390 -19.075  38.201   7.670
 -29.171  21.158   1.907 -18.268  20.912   0.538 -18.113  30.502   6.296 -22.462
  30.284   7.446 -21.944  30.667   8.898 -22.854  27.483   6.089 -24.228  26.920
   4.629 -25.407  33.241   9.275 -24.002  31.330   6.819 -24.627  26.893   1.298
 -21.033  28.127   2.269 -21.859  34.854   9.697 -24.285  32.950   7.246 -24.896
  25.975   3.131 -25.235  24.967   1.858 -24.512  26.471   1.856 -23.879  25.791
   0.295 -24.343  35.409   7.906 -27.628  33.784   8.532 -27.626  36.481   9.206
 -27.020  37.105   8.036 -25.885  35.794   7.743 -27.679  35.223   8.880 -28.914
  36.889   9.040 -27.122  38.524   8.354 -27.110  23.183  -1.193 -22.188  22.122
  -2.471 -22.731  22.266  -2.120 -21.025  37.891   7.666 -28.133  21.438   3.074
 -20.001  21.801  -1.127 -18.521  37.542   8.484 -29.392  39.210   7.961 -29.376
  38.109   7.407 -28.137  20.130   1.897 -18.363  20.333  -0.131 -17.581
