Cpptraj Generated trajectory                                                    
  28.098   4.890 -24.131  29.044   4.697 -22.713  27.140   3.536 -23.751  30.131
   5.588 -22.334  28.632   3.595 -21.987  27.538   2.912 -22.587  25.952   3.114
 -24.554  31.118   5.182 -21.722  30.003   6.906 -22.702  26.855   1.716 -22.014
  25.466   1.735 -24.079  31.025   7.887 -22.420  25.552   1.547 -22.617  32.035
   7.969 -23.532  24.484   0.929 -21.982  33.369   8.272 -23.248  31.682   7.692
 -24.858  23.385   0.935 -22.550  24.618   0.258 -20.663  34.310   8.330 -24.276
  32.639   7.742 -25.884  24.354  -1.106 -20.810  24.086   0.556 -19.397  33.967
   8.084 -25.615  23.101  -1.246 -20.290  22.879  -0.211 -19.391  24.497   1.492
 -18.319  34.963   8.162 -26.579  22.155  -2.203 -20.630  21.644  -0.144 -18.731
  34.686   8.637 -27.943  36.286   8.604 -26.090  22.473  -3.222 -21.572  20.886
  -2.040 -20.074  20.633  -1.028 -19.139  35.811   8.128 -28.887  37.378   8.082
 -27.046  22.706  -4.061 -22.337  37.167   8.533 -28.441  38.192   7.968 -29.315
  28.606   4.624 -21.921  26.183   2.320 -23.874  25.979   2.747 -25.558  29.806
   5.942 -22.740  26.781   2.576 -22.647  26.595   1.976 -21.010  25.324   1.727
 -23.019  24.769   1.102 -24.588  31.505   7.459 -21.565  31.041   8.956 -22.372
  32.536   8.876 -23.328  32.021   7.375 -23.937  33.975   8.659 -25.195  33.493
   7.169 -25.801  24.952   1.378 -17.357  24.047   2.460 -18.390  25.242   1.389
 -19.080  22.377   0.510 -19.046  34.792   7.611 -27.659  35.245   9.246 -27.263
  35.269   8.934 -26.045  36.331   7.564 -25.844  20.202  -2.399 -20.758  20.728
  -0.825 -20.146  36.826   7.792 -28.927  35.725   9.169 -29.119  37.273   9.117
 -27.299  36.820   7.459 -27.713  37.273   7.533 -28.270  38.092   9.014 -29.520
  37.619   7.409 -30.025  39.222   7.688 -29.387
