Cpptraj Generated trajectory                                                    
  27.823   4.562 -24.075  28.670   4.223 -22.626  26.821   3.200 -23.882  29.737
   5.056 -22.099  28.198   3.066 -22.034  27.124   2.468 -22.762  25.681   2.880
 -24.792  30.671   4.585 -21.453  29.651   6.404 -22.359  26.388   1.246 -22.335
  25.152   1.470 -24.488  30.651   7.339 -21.900  25.135   1.138 -23.049  31.675
   7.618 -22.968  24.042   0.425 -22.569  32.985   7.946 -22.622  31.343   7.496
 -24.322  23.006   0.432 -23.247  24.068  -0.348 -21.304  33.931   8.184 -23.618
  32.309   7.725 -25.316  24.179  -1.708 -21.596  23.293  -0.313 -20.131  33.618
   8.093 -24.983  22.956  -2.203 -21.270  22.344  -1.357 -20.363  23.290   0.579
 -18.943  34.620   8.336 -25.912  22.376  -3.336 -21.814  21.057  -1.688 -19.912
  36.042   8.318 -25.531  34.396   7.741 -27.247  23.016  -4.103 -22.749  21.054
  -3.582 -21.470  20.402  -2.767 -20.532  36.859   9.082 -26.608  35.218   8.519
 -28.295  36.666   8.542 -27.976  37.383   9.351 -28.960  28.170   4.095 -21.960
  25.917   2.081 -24.120  25.704   2.521 -25.799  29.454   5.440 -22.391  26.316
   2.091 -22.987  26.132   1.530 -21.336  25.019   1.461 -23.427  24.454   0.834
 -24.992  31.154   6.911 -21.058  30.668   8.408 -21.850  32.153   8.553 -22.685
  31.700   7.184 -23.405  33.574   8.506 -24.531  33.164   7.150 -25.251  23.772
   0.417 -18.002  22.844   1.552 -18.953  24.012   0.510 -19.730  21.788  -1.032
 -20.229  36.157   7.299 -25.226  36.609   8.945 -24.874  33.377   8.064 -27.193
  34.453   6.707 -26.976  22.963  -4.330 -21.842  20.334  -3.897 -22.139  20.461
  -2.521 -21.533  37.875   8.750 -26.656  36.763  10.117 -26.862  35.098   9.546
 -28.572  34.657   7.871 -28.934  36.784   7.546 -27.790  37.268  10.392 -29.179
  36.804   8.775 -29.651  38.414   9.080 -29.046
