Cpptraj Generated trajectory                                                    
  24.014   3.266 -30.583  25.340   3.084 -30.330  25.669   1.896 -30.909  25.990
   4.042 -31.050  25.686   3.130 -28.861  26.482   2.138 -28.273  25.206   4.176
 -28.060  26.794   2.196 -26.911  25.516   4.230 -26.699  26.321   3.244 -26.111
  26.619   3.281 -24.636  25.637   2.555 -23.869  25.856   1.261 -23.455  26.854
   0.607 -23.759  24.767   0.659 -22.598  24.799   0.946 -21.262  23.795  -0.113
 -23.214  23.778   0.457 -20.505  22.771  -0.611 -22.422  22.750  -0.329 -21.050
  23.797   0.764 -19.005  21.579  -0.788 -20.221  22.509   0.530 -18.354  21.827
  -0.702 -18.719  22.106   1.316 -17.269  22.931   1.887 -16.556  20.669   1.632
 -17.229  19.995   1.015 -16.192  19.744   1.757 -18.270  19.163   0.158 -16.821
  19.011   0.534 -18.149  19.667   2.737 -19.380  18.630  -0.986 -16.245  18.277
  -0.308 -18.999  17.987  -1.858 -17.124  17.822  -1.530 -18.476  27.112   2.378
 -27.492  25.569   3.699 -28.900  26.432   2.668 -26.068  24.883   3.979 -27.475
  26.432   3.758 -23.697  26.085   2.357 -24.712  26.276   3.179 -24.284  23.080
  -0.779 -22.882  21.838  -0.600 -22.863  24.726   0.235 -19.060  23.825   1.548
 -18.276  20.609  -0.354 -20.090  21.638  -1.390 -21.103  21.603   0.067 -18.010
  21.762  -0.332 -19.721  19.396   3.693 -18.983  19.563   2.750 -20.445  20.682
   2.518 -19.122  17.688  -1.284 -15.947  19.156   0.013 -19.434  17.776  -2.868
 -17.113  18.510  -2.226 -18.802
