Cpptraj Generated trajectory                                                    
  21.222  -3.863 -19.328  21.929  -2.554 -20.213  22.093  -2.566 -21.544  22.311
  -1.385 -19.440  22.664  -1.471 -22.141  22.906  -0.340 -20.025  22.915  -1.284
 -23.462  23.098  -0.357 -21.411  23.553  -0.107 -23.512  23.772   0.506 -22.215
  24.578   1.722 -21.917  24.630   1.834 -20.672  25.705   2.413 -22.838  26.351
   3.762 -23.899  26.571   2.391 -21.742  27.850   4.785 -23.566  27.848   2.795
 -22.189  28.526   3.874 -22.768  29.151   5.656 -23.246  30.008   3.825 -22.009
  29.872   5.502 -22.003  30.770   6.079 -20.997  31.021   5.614 -19.887  31.211
   7.372 -21.319  30.874   8.020 -22.574  31.983   7.997 -23.547  33.288   8.162
 -23.095  31.704   7.781 -24.889  34.306   8.250 -24.020  32.744   7.791 -25.791
  34.049   8.103 -25.392  35.022   8.352 -26.325  34.691   8.490 -27.742  36.344
   8.869 -25.946  35.799   7.831 -28.574  37.421   8.249 -26.852  37.109   8.453
 -28.283  38.146   7.891 -29.128  21.539  -1.817 -21.100  21.866  -2.286 -19.676
  23.458  -1.080 -20.486  24.375   0.508 -23.406  25.985   4.038 -24.866  25.852
   3.053 -23.271  26.543   2.888 -20.795  27.058   3.033 -22.446  27.274   2.309
 -21.428  28.790   3.287 -22.315  29.143   4.770 -23.775  32.187   7.503 -21.330
  30.689   8.261 -21.549  29.972   7.777 -23.095  32.730   7.488 -23.643  31.741
   7.693 -23.861  34.274   8.327 -25.049  33.152   8.551 -25.225  34.181   9.426
 -27.646  34.053   7.796 -28.247  36.626   8.357 -25.049  35.895   9.808 -25.697
  35.558   8.230 -29.537  36.289   6.886 -28.677  37.925   7.318 -27.008  38.054
   8.942 -26.339  36.640   9.348 -28.143  38.667   6.971 -29.296  38.785   8.572
 -28.606  37.862   8.317 -30.067
