#Frame       SA_00001
       1     510.2367
       2     510.6154
       3     505.1130
       4     511.1192
       5     493.9419
       6     511.2327
       7     509.5865
       8     511.5631
       9     511.4551
      10     508.2635
      11     509.2291
      12     507.8941
      13     512.0881
      14     507.0427
      15     509.2440
      16     509.8596
      17     508.2951
      18     516.0951
      19     506.0923
      20     500.8390
      21     507.6931
      22     507.6423
      23     508.1670
      24     510.7503
      25     505.2881
      26     499.9308
      27     503.6066
      28     515.3827
      29     506.3563
      30     514.6479
      31     512.3128
      32     510.3392
      33     509.5583
      34     511.0861
      35     510.7279
      36     510.8638
      37     509.3976
      38     510.4341
      39     510.9178
      40     512.0279
      41     511.4048
      42     505.2772
      43     511.0394
      44     509.0235
      45     508.7293
      46     508.4930
      47     510.2187
      48     508.4822
      49     507.0697
      50     514.4038
