Cpptraj Generated trajectory                                                    
  88.454 148.684  15.075  87.040 148.475  15.377  87.766 149.030  13.814  85.791
 148.621  15.075  86.709 149.337  13.176  85.319 149.210  13.781  84.361 148.400
  12.980  84.360 150.421  13.706  83.719 149.473  13.124  84.267 151.709  14.053
  83.096 152.627  13.818  85.384 152.332  14.770  83.568 153.751  14.261  85.007
 153.589  14.840  84.289 154.842  14.875  84.855 156.105  14.591  85.161 156.667
  13.245  84.799 157.101  15.394  85.149 155.968  12.247  85.324 158.115  13.139
  84.895 158.293  15.317  85.218 159.183  14.146  85.504 160.357  14.053  85.631
 158.390  12.213  88.186 147.470  14.500  87.890 142.467  13.180  88.596 144.040
  13.463  87.933 145.096  13.930  89.893 144.335  13.270  86.553 145.041  14.122
  88.730 146.245  14.142  90.727 145.191  13.265  90.186 146.164  13.752
  88.857 148.999  15.226  87.453 148.875  15.537  88.145 149.195  13.959  86.173
 148.927  15.307  87.092 149.396  13.200  85.708 149.281  13.889  84.780 148.334
  13.275  84.700 150.447  13.645  84.101 149.402  13.219  84.629 151.750  13.823
  83.392 152.537  13.321  85.669 152.586  14.469  83.722 153.704  13.731  85.118
 153.737  14.439  84.254 154.901  14.343  84.611 156.243  14.109  84.918 156.736
  12.796  84.872 157.049  15.073  84.879 155.991  11.830  85.386 158.145  12.773
  85.239 158.156  15.087  85.457 158.995  13.900  85.787 160.186  13.778  85.608
 158.524  11.860  88.520 147.784  14.777  87.471 142.595  14.222  88.486 144.062
  14.583  88.016 145.292  14.373  89.678 144.102  15.209  86.859 145.595  13.918
  88.848 146.350  14.800  90.495 144.814  15.707  90.166 145.946  15.432
  89.229 148.827  15.970  87.788 148.591  16.132  88.593 149.076  14.659  86.511
 148.676  15.837  87.604 149.360  13.894  86.138 149.096  14.418  85.386 148.087
  13.621  85.009 150.175  14.029  84.598 149.092  13.445  84.654 151.471  14.286
  83.542 152.245  13.653  85.531 152.372  15.131  83.732 153.429  14.037  84.976
 153.544  15.045  84.206 154.634  14.563  84.607 155.918  14.204  84.859 156.484
  12.827  84.746 156.967  14.987  84.744 155.836  11.790  85.331 157.891  12.723
  85.092 158.116  14.987  85.535 158.760  13.768  85.973 159.893  13.662  85.606
 158.209  11.801  88.927 147.580  15.441  87.210 142.653  15.040  88.296 143.967
  15.290  87.944 145.285  15.213  89.570 143.859  15.704  86.708 145.644  14.896
  88.967 146.173  15.519  90.578 144.414  15.975  90.354 145.619  15.939
  88.040 148.280  16.890  86.618 148.038  16.642  87.957 148.651  15.487  85.593
 148.188  15.916  87.275 148.917  14.433  85.778 148.711  14.470  85.114 147.883
  13.449  84.975 149.984  13.999  84.607 149.074  13.219  84.768 151.306  14.294
  83.853 152.130  13.452  85.408 152.062  15.459  84.128 153.282  13.903  84.978
 153.215  15.212  84.443 154.442  14.626  85.073 155.586  14.320  85.434 156.113
  12.990  85.123 156.625  15.129  85.389 155.359  12.025  85.966 157.510  12.918
  85.485 157.750  15.139  85.931 158.536  13.955  86.177 159.714  13.806  86.433
 157.788  12.062  88.038 147.079  16.246  88.800 142.275  14.301  89.140 143.700
  15.344  88.368 144.800  15.169  90.052 143.788  16.248  87.364 144.912  14.259
  88.711 145.795  16.128  90.539 144.515  17.078  89.871 145.574  17.015
  88.723 148.680  17.420  87.269 148.574  17.300  88.502 148.978  16.027  86.152
 148.786  16.649  87.783 149.246  15.031  86.262 149.076  15.131  85.693 148.051
  14.171  85.289 150.201  14.520  84.985 149.110  13.920  85.139 151.514  14.540
  84.176 152.189  13.628  86.033 152.420  15.348  84.467 153.442  13.889  85.570
 153.560  15.007  84.938 154.674  14.470  85.378 155.970  14.110  85.704 156.563
  12.805  85.242 156.951  14.943  85.736 155.903  11.776  85.979 158.024  12.792
  85.420 158.093  14.972  85.822 158.926  13.871  85.911 160.156  13.729  86.113
 158.510  11.914  88.481 147.403  16.918  89.245 142.825  14.288  89.353 144.093
  15.545  88.740 145.385  15.474  89.905 143.917  16.687  88.173 145.763  14.382
  88.894 146.103  16.652  90.042 144.321  17.809  89.621 145.500  17.811
  88.127 149.063  17.590  86.916 148.694  16.809  88.395 149.656  16.281  86.179
 148.821  15.805  88.120 149.997  15.101  86.688 149.676  14.558  86.561 148.841
  13.313  85.768 150.793  13.908  85.740 149.835  13.064  85.345 152.032  14.119
  84.377 152.671  13.146  85.672 152.896  15.301  84.192 153.814  13.689  85.059
 153.958  15.045  84.291 155.043  14.439  84.653 156.370  14.280  84.776 156.981
  12.955  84.874 157.301  15.189  84.508 156.392  11.951  85.290 158.338  12.872
  85.287 158.406  15.171  85.555 159.217  13.957  85.844 160.393  13.820  85.445
 158.666  11.926  88.612 148.027  16.813  90.298 143.338  14.926  89.845 144.571
  16.133  89.397 145.864  15.784  89.887 144.457  17.414  89.080 146.234  14.539
  89.179 146.699  16.879  89.858 145.008  18.473  89.323 146.128  18.214
  88.704 149.576  17.249  87.389 149.194  16.782  88.801 149.862  15.818  86.485
 149.204  15.906  88.276 150.092  14.698  86.806 149.640  14.461  86.616 148.592
  13.344  85.887 150.599  13.653  85.924 149.559  12.883  85.408 151.887  13.799
  84.461 152.526  12.890  85.835 152.678  14.923  84.315 153.696  13.342  85.318
 153.808  14.645  84.524 154.886  14.125  85.015 156.177  13.880  85.445 156.931
  12.636  84.689 157.135  14.745  85.575 156.368  11.554  85.569 158.404  12.763
  84.683 158.325  14.837  85.254 159.235  13.913  85.387 160.397  13.985  85.847
 158.875  11.910  88.840 148.351  16.670  90.400 143.544  15.062  89.927 144.821
  16.201  89.438 146.071  15.797  90.182 144.866  17.490  89.165 146.355  14.490
  89.332 146.993  16.853  90.185 145.496  18.484  89.778 146.619  18.173
  87.629 149.215  17.508  86.633 148.984  16.445  88.322 149.679  16.318  86.184
 149.091  15.253  88.361 150.000  15.099  87.103 149.762  14.221  87.328 148.922
  13.029  86.595 150.881  13.321  86.780 149.947  12.474  86.129 152.152  13.391
  85.467 152.808  12.191  85.933 152.792  14.659  84.944 153.844  12.743  85.261
 153.849  14.380  84.490 154.871  13.651  84.715 156.288  13.701  84.836 157.121
  12.499  84.853 157.006  14.732  84.558 156.579  11.433  85.129 158.520  12.704
  84.955 158.178  14.946  85.215 159.270  13.933  85.474 160.496  13.996  85.231
 159.034  11.837  88.079 148.074  16.877  90.360 143.849  14.862  90.064 145.157
  15.911  89.062 146.104  15.821  90.764 145.372  16.992  88.198 146.155  14.803
  88.977 146.948  16.937  90.849 145.983  18.062  89.863 146.757  18.098
  88.526 149.116  18.099  87.428 148.894  17.192  89.006 149.604  16.792  86.803
 149.005  16.068  88.858 149.894  15.520  87.490 149.615  14.835  87.530 148.702
  13.650  86.779 150.683  13.851  86.932 149.670  13.104  86.291 151.956  13.872
  85.634 152.583  12.689  86.417 152.890  15.056  85.428 153.770  13.091  85.875
 153.944  14.608  85.311 154.987  13.876  85.625 156.316  13.675  85.989 157.002
  12.433  85.434 157.206  14.581  86.254 156.426  11.410  86.231 158.444  12.513
  85.559 158.343  14.666  85.977 159.273  13.603  86.282 160.484  13.645  86.669
 158.811  11.677  88.776 147.943  17.446  90.806 143.783  14.734  90.700 145.069
  15.914  89.587 145.913  16.116  91.674 145.505  16.677  88.512 145.845  15.402
  89.753 146.898  17.107  92.005 146.160  17.614  91.076 146.981  17.777
  90.114 149.657  16.695  88.850 148.987  16.507  89.892 149.764  15.280  87.762
 148.807  15.830  89.170 149.780  14.233  87.701 149.223  14.315  87.337 148.127
  13.367  86.535 150.129  13.830  86.467 149.026  13.142  86.050 151.341  13.988
  84.919 151.919  13.173  86.756 152.376  14.836  84.898 153.130  13.615  85.989
 153.396  14.696  85.092 154.372  14.201  85.414 155.650  13.814  85.789 156.125
  12.429  85.269 156.737  14.548  86.090 155.333  11.526  85.930 157.624  12.249
  85.273 157.931  14.427  85.695 158.647  13.218  85.846 159.820  13.071  86.329
 157.977  11.387  90.486 148.453  16.203  91.231 143.320  15.272  91.509 144.874
  15.951  90.815 146.020  15.556  92.256 145.157  17.039  89.789 146.063  14.609
  91.103 147.180  16.369  92.593 146.004  17.849  92.065 147.068  17.504
  90.599 150.046  16.146  89.251 149.397  15.992  90.375 150.163  14.716  88.151
 149.242  15.362  89.635 150.187  13.696  88.219 149.636  13.818  87.909 148.510
  12.899  86.936 150.401  13.178  87.004 149.291  12.514  86.227 151.493  13.343
  85.139 152.019  12.456  86.629 152.494  14.451  84.848 153.160  12.942  85.805
 153.440  14.199  84.773 154.392  13.716  85.003 155.771  13.630  85.291 156.526
  12.388  85.114 156.582  14.628  85.339 155.930  11.282  85.714 157.936  12.511
  85.387 157.714  14.765  85.930 158.603  13.734  86.456 159.669  13.789  86.030
 158.405  11.670  90.780 148.748  15.645  91.775 143.540  14.675  91.645 145.067
  15.559  91.243 146.318  15.026  91.894 145.199  16.825  90.881 146.415  13.795
  91.094 147.356  15.962  91.960 145.995  17.744  91.487 147.056  17.352
  90.220 149.956  16.093  88.968 149.370  15.714  90.217 150.205  14.680  87.961
 149.260  14.953  89.561 150.297  13.576  88.180 149.736  13.474  87.980 148.708
  12.387  87.076 150.675  12.843  87.099 149.634  12.070  86.390 151.811  13.053
  85.474 152.348  11.983  86.674 152.740  14.155  85.225 153.530  12.514  85.959
 153.757  13.865  84.989 154.661  13.380  85.091 156.041  13.303  85.123 156.878
  12.118  85.355 156.817  14.352  84.999 156.426  10.999  85.381 158.305  12.326
  85.583 157.938  14.541  85.675 159.004  13.545  86.096 160.117  13.661  85.417
 158.920  11.521  90.501 148.665  15.575  92.292 144.049  13.868  92.136 145.393
  14.948  91.267 146.402  14.647  92.667 145.570  16.154  90.503 146.525  13.516
  91.209 147.400  15.649  92.655 146.204  17.145  91.999 147.189  16.858
  89.900 149.494  16.014  88.618 148.882  15.619  89.855 149.898  14.618  87.639
 148.824  14.770  89.229 149.983  13.504  87.810 149.542  13.307  87.641 148.570
  12.162  86.730 150.443  12.673  86.783 149.462  11.833  86.176 151.685  12.975
  85.235 152.449  12.031  86.591 152.471  14.114  85.108 153.573  12.614  86.049
 153.622  13.985  85.199 154.688  13.529  85.585 156.056  13.509  86.122 156.724
  12.293  85.485 157.025  14.410  86.427 156.065  11.317  86.274 158.222  12.252
  85.618 158.197  14.477  86.107 159.074  13.373  86.409 160.256  13.321  86.660
 158.643  11.415  90.237 148.397  15.398  92.826 144.296  13.286  92.455 145.542
  14.382  91.389 146.436  14.268  93.171 145.816  15.432  90.466 146.226  13.341
  91.273 147.357  15.325  93.257 146.537  16.383  92.274 147.287  16.392
  90.261 149.880  15.918  88.868 149.446  15.746  90.059 149.910  14.491  87.765
 149.352  15.048  89.354 149.902  13.453  87.913 149.696  13.520  87.533 148.605
  12.571  86.752 150.581  13.006  86.639 149.503  12.321  86.261 151.806  13.216
  85.087 152.408  12.559  86.816 152.687  14.302  84.904 153.481  13.165  86.021
 153.721  14.289  84.976 154.638  14.005  85.232 155.976  13.737  85.403 156.689
  12.426  85.563 156.734  14.713  85.265 156.099  11.373  85.741 158.077  12.578
  85.891 157.859  14.792  86.057 158.848  13.689  86.538 159.968  13.680  85.729
 158.590  11.705  90.317 148.530  15.549  92.104 144.488  12.815  91.852 145.546
  14.219  91.084 146.746  14.154  92.360 145.344  15.417  90.519 147.194  12.998
  90.992 147.357  15.366  92.436 145.748  16.545  91.731 146.790  16.516
  89.792 149.952  14.957  88.380 149.599  15.145  89.298 150.061  13.625  87.207
 149.421  14.755  88.331 150.042  12.807  86.877 149.685  13.268  86.160 148.640
  12.531  85.731 150.738  12.913  85.356 149.617  12.374  85.460 152.022  13.252
  84.211 152.750  12.849  86.449 152.835  14.032  84.428 153.910  13.374  85.845
 153.941  14.141  84.913 155.034  14.165  85.206 156.397  13.919  85.689 156.933
  12.665  84.916 157.389  14.759  85.968 156.220  11.723  85.676 158.396  12.565
  85.047 158.550  14.700  85.498 159.390  13.610  85.876 160.535  13.498  85.845
 158.720  11.620  89.783 148.680  14.597  91.817 144.193  12.862  91.096 145.332
  13.902  90.814 146.623  13.620  90.759 144.985  15.117  91.161 147.184  12.521
  90.254 147.287  14.692  90.270 145.364  16.174  90.151 146.578  15.995
  89.257 149.385  15.417  87.771 149.210  15.345  88.917 149.850  14.076  86.640
 149.457  14.848  88.101 150.354  13.235  86.628 150.120  13.415  85.973 149.285
  12.385  85.491 151.251  13.207  85.217 150.324  12.343  85.155 152.454  13.651
  83.897 153.148  13.183  85.961 153.283  14.657  83.988 154.247  13.778  85.307
 154.378  14.676  84.353 155.411  14.545  84.582 156.701  14.123  84.932 157.181
  12.723  84.982 157.634  14.973  84.827 156.390  11.766  85.527 158.520  12.602
  85.492 158.699  14.862  85.850 159.448  13.611  86.343 160.566  13.495  85.745
 158.766  11.643  88.948 148.296  14.667  91.540 144.601  12.010  90.526 145.332
  13.208  90.138 146.686  13.240  89.995 144.656  14.183  90.459 147.533  12.218
  89.370 147.035  14.356  89.328 144.709  15.192  89.007 145.925  15.328
  88.826 149.771  15.898  87.405 149.482  16.011  88.352 150.070  14.552  86.186
 149.568  15.630  87.391 150.303  13.783  85.913 150.136  14.215  85.081 149.317
  13.291  85.036 151.406  13.928  84.525 150.447  13.227  84.853 152.672  14.272
  83.711 153.465  13.636  85.753 153.484  15.200  83.972 154.651  14.044  85.266
 154.635  15.030  84.548 155.801  14.643  85.021 157.095  14.302  85.619 157.470
  13.007  85.208 158.051  15.094  85.661 156.675  12.174  86.201 158.809  12.902
  85.689 159.168  15.019  86.368 159.828  13.894  86.902 160.900  13.815  86.689
 159.008  12.036  88.682 148.603  15.272  91.143 145.102  12.242  90.498 145.738
  13.736  89.876 146.973  13.728  90.570 145.300  15.017  89.686 147.772  12.711
  89.502 147.414  15.041  90.404 145.463  16.208  89.812 146.546  16.209
  88.308 150.060  16.593  86.874 149.699  16.500  87.992 150.229  15.192  85.750
 149.594  15.923  87.180 150.401  14.213  85.678 150.090  14.416  85.025 149.120
  13.357  84.629 151.131  14.017  84.335 150.133  13.266  84.400 152.417  14.163
  83.510 153.277  13.355  85.190 153.153  15.205  83.859 154.438  13.770  84.892
 154.353  15.004  84.403 155.600  14.485  85.101 156.811  14.250  85.867 157.122
  13.009  85.138 157.848  15.086  86.038 156.282  12.141  86.550 158.400  12.964
  85.650 158.923  14.994  86.456 159.444  13.904  86.992 160.589  13.798  87.162
 158.598  12.180  88.289 148.809  16.093  91.089 145.055  13.477  90.337 145.904
  14.784  89.591 147.083  14.650  90.193 145.484  16.061  89.501 147.727  13.506
  89.046 147.590  15.889  89.895 145.716  17.184  89.359 146.797  17.107
  88.727 149.452  16.485  87.241 149.316  16.383  88.496 149.764  15.050  86.132
 149.434  15.775  87.673 150.015  14.119  86.089 149.848  14.338  85.310 148.968
  13.405  85.168 151.027  13.812  84.715 150.049  13.192  85.002 152.383  13.998
  83.954 153.304  13.424  85.907 153.106  15.030  84.204 154.427  13.997  85.510
 154.307  14.962  84.746 155.509  14.692  85.259 156.693  14.264  85.581 157.203
  12.906  85.500 157.635  15.138  85.449 156.576  11.875  86.022 158.620  12.820
  85.820 158.760  15.067  86.123 159.554  13.912  86.511 160.663  13.762  86.168
 158.872  11.849  88.553 148.238  15.890  91.035 143.787  14.709  90.046 144.874
  15.582  89.928 146.225  15.344  89.262 144.552  16.597  90.581 146.868  14.353
  89.002 146.922  16.118  88.391 144.943  17.338  88.335 146.166  17.180
  89.085 149.219  16.519  87.642 149.003  16.516  88.729 149.279  15.066  86.507
 148.994  15.961  87.888 149.407  14.150  86.413 149.283  14.393  85.736 148.232
  13.571  85.492 150.352  13.835  85.123 149.268  13.260  85.318 151.678  13.961
  84.176 152.459  13.371  86.083 152.440  14.992  84.427 153.640  13.829  85.611
 153.612  14.857  84.860 154.779  14.560  85.270 156.098  14.421  86.157 156.541
  13.338  84.774 157.182  15.008  86.679 155.794  12.556  86.351 157.972  13.157
  84.906 158.362  14.916  85.667 159.020  13.850  85.835 160.237  13.693  86.892
 158.178  12.325  89.016 147.946  16.078  90.231 142.917  14.650  89.544 144.329
  15.602  89.663 145.684  15.306  88.783 144.200  16.684  90.250 146.180  14.173
  89.039 146.525  16.207  88.218 144.780  17.661  88.337 145.956  17.353
  88.614 148.546  16.938  87.278 148.367  16.358  88.767 149.158  15.595  86.374
 148.485  15.436  88.239 149.590  14.490  86.725 149.324  14.197  86.378 148.580
  12.924  85.766 150.485  13.719  85.654 149.602  12.807  85.296 151.728  13.992
  84.293 152.371  13.055  85.665 152.509  15.262  84.272 153.513  13.599  85.072
 153.597  14.916  84.331 154.693  14.358  84.798 155.930  14.093  85.279 156.437
  12.806  85.096 156.896  14.987  85.109 155.829  11.734  85.706 157.847  12.748
  85.494 158.017  14.999  85.879 158.771  13.848  86.201 159.990  13.779  85.857
 158.295  11.852  88.793 147.480  16.131  90.550 142.992  13.936  90.093 144.147
  15.077  89.615 145.414  14.923  90.251 143.894  16.350  89.339 145.909  13.724
  89.351 146.159  16.099  90.005 144.312  17.460  89.675 145.533  17.326
  88.572 148.500  17.344  87.267 148.292  16.784  88.697 148.991  15.997  86.313
 148.431  15.928  88.237 149.376  14.883  86.720 149.068  14.524  86.557 148.069
  13.399  85.811 150.055  13.728  85.842 149.049  12.961  85.342 151.308  13.827
  84.472 151.958  12.812  85.695 152.184  15.007  84.528 153.179  13.232  85.277
 153.323  14.617  84.657 154.417  13.990  85.163 155.686  13.773  85.690 156.218
  12.437  85.282 156.640  14.598  85.760 155.487  11.491  86.095 157.657  12.307
  85.578 157.788  14.598  85.988 158.601  13.369  86.164 159.791  13.252  86.393
 158.110  11.451  88.803 147.432  16.598  90.588 143.115  14.200  90.459 144.443
  15.352  89.471 145.459  15.288  91.318 144.661  16.366  88.528 145.525  14.292
  89.595 146.313  16.416  91.617 145.287  17.353  90.770 146.163  17.291
  88.214 148.995  17.576  86.999 148.507  16.826  88.543 149.382  16.150  86.251
 148.556  15.808  88.195 149.588  14.987  86.803 149.182  14.501  86.708 148.324
  13.251  85.948 150.267  13.620  86.112 149.352  12.794  85.538 151.516  13.706
  84.848 152.196  12.550  85.774 152.413  14.929  84.635 153.403  13.065  85.291
 153.539  14.434  84.622 154.618  13.784  85.060 155.953  13.549  85.831 156.453
  12.413  84.971 156.968  14.341  86.111 155.728  11.470  86.153 157.916  12.372
  85.214 158.110  14.438  85.825 158.884  13.360  86.103 160.047  13.254  86.541
 158.179  11.473  88.592 147.857  16.967  90.080 143.344  14.984  89.973 144.551
  16.190  89.349 145.761  16.028  90.655 144.632  17.314  88.646 145.973  14.926
  89.389 146.705  17.058  90.918 145.307  18.292  90.148 146.289  18.176
  88.545 149.326  17.367  87.326 148.819  16.787  88.781 149.701  15.975  86.515
 148.765  15.820  88.343 149.872  14.788  86.870 149.433  14.443  86.716 148.484
  13.313  85.967 150.474  13.694  86.022 149.481  12.921  85.414 151.682  13.802
  84.824 152.324  12.669  85.423 152.409  15.116  84.623 153.479  13.159  85.059
 153.539  14.658  84.583 154.695  13.856  85.060 155.963  13.786  85.525 156.691
  12.578  85.049 156.858  14.805  85.756 156.141  11.502  85.799 158.156  12.685
  85.214 157.997  14.941  85.594 158.993  13.895  85.762 160.215  14.001  86.027
 158.662  11.838  88.931 148.123  16.842  89.806 143.119  15.577  89.597 144.488
  16.629  89.373 145.795  16.085  89.339 144.498  17.914  89.554 146.035  14.750
  89.039 146.748  17.033  88.839 145.150  18.808  88.725 146.283  18.375
  88.861 149.432  16.781  87.458 149.198  16.509  88.791 149.483  15.325  86.445
 149.222  15.771  88.119 149.543  14.261  86.576 149.442  14.265  86.022 148.415
  13.325  85.684 150.557  13.565  85.419 149.475  12.951  85.319 151.829  13.591
  84.410 152.534  12.634  85.899 152.733  14.666  84.378 153.701  13.148  85.289
 153.813  14.419  84.484 154.860  13.961  84.828 156.227  13.834  85.026 156.957
  12.544  85.159 156.981  14.796  84.894 156.460  11.431  85.578 158.325  12.686
  85.626 158.063  14.931  85.941 159.020  13.917  86.424 160.165  14.011  85.721
 158.861  11.839  88.914 148.139  16.386  90.934 143.255  15.980  90.160 144.616
  16.727  89.976 145.819  16.045  89.510 144.652  17.833  90.617 146.043  14.861
  89.158 146.767  16.718  88.734 145.266  18.530  88.414 146.267  17.838
  88.823 149.616  16.723  87.408 149.213  16.459  88.649 149.827  15.238  86.385
 149.133  15.708  87.983 149.916  14.192  86.477 149.657  14.251  85.919 148.705
  13.323  85.483 150.724  13.641  85.278 149.710  12.913  85.233 152.043  13.853
  84.244 152.794  13.017  85.637 152.905  15.044  84.111 153.947  13.615  84.948
 153.989  14.935  84.229 155.102  14.462  84.836 156.344  14.310  85.151 156.912
  13.005  84.871 157.270  15.216  85.127 156.269  11.944  85.579 158.324  12.987
  85.264 158.409  15.197  85.669 159.191  14.075  86.121 160.283  13.994  85.737
 158.662  12.045  88.877 148.384  16.237  91.576 143.890  16.010  90.360 145.024
  16.471  90.176 146.288  15.873  89.472 144.888  17.452  90.845 146.704  14.816
  89.171 147.055  16.509  88.576 145.324  18.142  88.381 146.443  17.599
  88.424 149.547  16.803  86.998 149.240  16.607  88.275 149.682  15.355  85.981
 149.189  15.905  87.484 149.735  14.326  85.963 149.539  14.332  85.477 148.565
  13.309  85.081 150.608  13.703  84.839 149.595  12.989  84.723 151.845  13.885
  83.811 152.531  12.946  85.240 152.820  14.966  83.769 153.725  13.362  84.602
 153.926  14.696  83.786 154.953  14.086  84.089 156.322  13.897  84.663 156.887
  12.649  84.468 157.122  14.879  84.605 156.189  11.659  85.327 158.166  12.638
  85.007 158.187  14.957  85.611 158.972  13.808  86.244 160.002  13.878  85.674
 158.448  11.729  88.453 148.275  16.347  91.848 144.759  14.100  90.697 145.450
  15.276  90.078 146.669  15.151  90.302 144.829  16.348  90.299 147.477  14.156
  89.199 146.999  16.201  89.573 144.917  17.304  88.964 145.962  17.217
  88.662 149.894  16.119  87.239 149.526  16.117  88.289 149.938  14.687  86.066
 149.501  15.558  87.480 149.997  13.753  85.987 149.822  14.000  85.175 148.778
  13.272  84.962 150.940  13.537  84.575 149.854  12.938  84.708 152.251  13.728
  83.671 153.038  12.997  85.497 153.176  14.720  83.761 154.211  13.497  84.886
 154.298  14.601  84.038 155.389  14.272  84.379 156.642  13.921  84.998 156.954
  12.627  84.549 157.654  14.707  85.057 156.185  11.668  85.523 158.362  12.497
  84.944 158.788  14.625  85.602 159.367  13.468  86.274 160.443  13.297  86.070
 158.591  11.675  88.557 148.534  15.747  91.450 144.471  14.043  90.465 145.441
  15.087  89.814 146.647  14.694  90.162 145.172  16.358  89.861 147.237  13.465
  89.164 147.256  15.793  89.580 145.409  17.350  89.116 146.547  17.178
  89.342 149.723  15.817  87.907 149.415  16.079  88.779 149.784  14.514  86.671
 149.449  15.738  87.813 149.888  13.745  86.338 149.742  14.201  85.559 148.651
  13.469  85.206 150.757  13.826  84.743 149.642  13.362  84.943 152.082  13.968
  83.684 152.746  13.435  85.902 153.075  14.612  83.868 153.974  13.791  85.247
 154.124  14.508  84.408 155.239  14.304  84.775 156.486  13.785  85.545 156.786
  12.571  84.822 157.529  14.522  85.693 155.869  11.799  86.051 158.141  12.357
  85.197 158.644  14.475  85.879 159.260  13.325  86.242 160.414  13.186  86.682
 158.309  11.582  89.255 148.499  15.376  90.723 143.667  13.798  90.203 144.945
  14.808  90.106 146.267  14.462  89.810 144.777  15.987  90.382 146.687  13.195
  89.579 147.139  15.484  89.323 145.340  16.930  89.236 146.527  16.749
  89.093 149.244  16.195  87.693 148.704  16.235  88.666 149.447  14.763  86.578
 148.557  15.617  87.735 149.531  13.909  86.347 149.077  14.141  85.637 148.155
  13.191  85.227 150.155  13.813  84.910 149.210  13.043  84.947 151.360  14.210
  83.840 152.126  13.563  85.739 152.064  15.215  83.948 153.255  14.175  85.157
 153.246  15.161  84.351 154.414  14.919  85.052 155.592  14.603  85.430 156.109
  13.264  85.276 156.615  15.422  85.376 155.357  12.296  85.882 157.481  13.141
  85.511 157.743  15.371  85.848 158.518  14.160  86.126 159.689  14.024  86.108
 157.741  12.188  89.157 147.974  15.697  90.958 143.768  13.054  90.669 144.824
  14.469  90.133 146.154  14.389  90.597 144.396  15.740  89.873 146.804  13.180
  89.746 146.693  15.602  90.410 144.728  16.852  90.031 145.931  16.843
  88.984 149.144  16.363  87.559 148.674  16.434  88.499 149.311  15.005  86.372
 148.516  15.956  87.582 149.280  14.103  86.094 148.915  14.476  85.443 147.863
  13.629  85.000 149.966  14.042  84.667 148.922  13.435  84.608 151.183  14.291
  83.466 151.922  13.626  85.315 152.036  15.347  83.704 153.122  14.032  84.887
 153.185  15.085  84.128 154.380  14.687  84.766 155.516  14.285  84.974 155.905
  12.916  84.926 156.586  15.069  84.787 155.216  12.015  85.488 157.285  12.722
  85.283 157.727  15.027  85.657 158.333  13.712  86.087 159.435  13.460  85.800
 157.486  11.779  89.060 147.882  15.867  91.259 144.280  12.742  90.954 145.215
  14.178  89.967 146.169  14.267  91.713 145.240  15.234  89.202 146.558  13.216
  89.945 146.830  15.514  91.833 145.637  16.383  90.865 146.332  16.568
  89.457 149.528  15.730  88.044 149.179  15.964  88.823 149.661  14.386  86.823
 149.238  15.633  87.793 149.847  13.642  86.397 149.530  14.212  85.732 148.430
  13.432  85.212 150.428  13.828  84.871 149.321  13.289  84.838 151.706  14.063
  83.567 152.315  13.577  85.587 152.641  15.031  83.593 153.522  14.083  84.874
 153.717  14.969  83.915 154.752  14.743  84.366 155.996  14.395  84.871 156.385
  13.022  84.760 156.880  15.176  84.660 155.644  12.072  85.586 157.685  12.904
  85.392 157.916  15.175  85.995 158.563  13.972  86.702 159.544  13.815  85.955
 157.824  11.971  89.314 148.281  15.236  91.062 143.780  12.861  90.969 145.032
  14.130  90.061 146.085  14.053  91.574 145.090  15.327  89.279 146.167  13.021
  90.036 147.068  15.100  91.794 145.781  16.253  91.080 146.773  16.087
  88.787 149.257  16.173  87.477 148.758  15.762  88.683 149.769  14.819  86.450
 148.837  15.034  88.032 150.087  13.782  86.493 149.613  13.703  86.065 148.762
  12.548  85.385 150.618  13.259  85.235 149.711  12.380  84.956 151.816  13.632
  83.869 152.486  12.804  85.571 152.622  14.755  83.930 153.634  13.340  85.012
 153.732  14.492  84.119 154.806  14.160  84.468 156.124  13.893  84.804 156.646
  12.583  84.853 156.928  14.834  84.528 156.078  11.540  85.411 157.956  12.560
  85.440 157.971  14.838  85.819 158.778  13.689  86.212 159.898  13.579  85.462
 158.466  11.686  89.042 148.179  15.354  90.751 144.098  12.423  90.401 145.073
  13.919  90.129 146.399  13.940  90.294 144.592  15.180  90.315 147.187  12.844
  89.573 146.892  15.183  89.891 144.721  16.317  89.398 145.834  16.287
  88.809 148.726  16.316  87.356 148.696  16.126  88.658 149.168  14.941  86.323
 149.074  15.483  87.982 149.764  14.026  86.423 149.696  14.077  85.847 148.804
  13.018  85.424 150.825  13.534  85.182 149.833  12.768  85.191 152.135  13.677
  84.287 152.962  12.866  85.876 152.856  14.811  84.392 154.086  13.421  85.362
 153.988  14.706  84.759 155.192  14.251  85.348 156.498  14.121  85.822 157.130
  12.869  85.028 157.438  14.943  86.100 156.399  11.853  85.840 158.514  12.804
  85.057 158.585  14.860  85.521 159.444  13.833  85.778 160.630  13.904  86.146
 158.879  11.910  88.567 147.663  15.540  91.281 144.008  13.076  90.212 144.686
  14.210  89.798 146.002  14.286  89.649 144.024  15.213  90.327 146.916  13.470
  88.966 146.359  15.271  88.869 144.108  16.148  88.426 145.264  16.101
  89.518 149.314  15.914  88.116 149.107  16.220  88.954 149.423  14.586  86.911
 149.267  15.873  87.989 149.613  13.816  86.522 149.538  14.407  85.647 148.491
  13.808  85.407 150.590  14.016  84.930 149.516  13.559  85.130 151.907  14.305
  83.828 152.501  14.054  86.170 152.798  14.843  84.057 153.762  14.246  85.581
 153.922  14.866  84.678 154.998  14.733  84.827 156.376  14.365  85.348 156.882
  13.105  84.709 157.451  15.188  85.663 156.146  12.185  85.574 158.390  12.975
  84.912 158.614  15.139  85.392 159.431  13.977  85.593 160.635  13.913  85.945
 158.701  12.085  89.286 147.963  15.650  91.911 143.700  13.803  90.910 144.695
  14.896  90.692 146.062  14.806  90.150 144.193  15.876  91.330 146.809  13.911
  89.726 146.574  15.690  89.394 144.431  16.802  89.125 145.618  16.649
  89.389 149.750  15.966  87.943 149.563  16.072  89.018 149.653  14.564  86.778
 149.602  15.529  88.141 149.729  13.632  86.594 149.750  13.989  85.762 148.792
  13.172  85.545 150.870  13.489  85.087 149.857  12.920  85.339 152.145  13.757
  84.117 152.894  13.378  86.407 152.944  14.384  84.376 154.021  13.883  85.819
 154.035  14.605  84.873 155.129  14.581  85.265 156.419  14.286  85.276 157.212
  12.997  85.566 157.309  15.181  85.049 156.572  12.030  85.567 158.639  12.990
  85.783 158.484  15.321  85.880 159.470  14.184  86.005 160.678  14.095  85.474
 159.095  12.089  89.257 148.422  15.716  91.892 144.391  13.947  90.898 145.240
  14.946  90.668 146.567  14.856  90.209 144.763  15.992  91.164 147.234  13.818
  89.773 147.140  15.802  89.461 144.991  16.899  89.235 146.213  16.798
  89.473 149.487  16.007  88.065 149.089  15.996  89.088 149.924  14.659  86.954
 149.166  15.494  88.176 150.174  13.814  86.674 149.825  14.117  85.829 148.935
  13.283  85.515 150.939  13.956  85.075 149.958  13.283  85.255 152.163  14.370
  83.977 152.952  14.110  86.251 152.911  15.207  84.278 154.078  14.569  85.757
 154.079  15.274  84.845 155.260  15.186  85.196 156.580  14.768  85.385 157.112
  13.403  85.401 157.553  15.632  85.337 156.410  12.385  85.771 158.513  13.236
  85.637 158.726  15.509  85.927 159.488  14.277  86.046 160.699  14.113  85.970
 158.784  12.280  89.450 148.328  15.332  92.167 144.258  13.184  91.086 145.017
  14.319  90.612 146.365  14.180  90.601 144.581  15.497  90.904 147.101  13.044
  89.906 146.928  15.287  89.929 144.786  16.522  89.658 145.989  16.452
  89.444 149.206  16.036  87.998 148.920  16.056  89.035 149.582  14.638  86.812
 149.075  15.585  88.084 149.878  13.838  86.604 149.641  14.136  85.801 148.751
  13.152  85.593 150.805  13.821  85.158 149.860  13.134  85.334 152.074  14.115
  84.059 152.762  13.625  86.147 152.868  15.142  84.144 153.902  14.200  85.482
 153.979  15.086  84.586 155.078  14.852  85.088 156.381  14.563  85.335 156.995
  13.239  84.991 157.312  15.393  85.366 156.363  12.233  85.531 158.393  13.213
  85.083 158.492  15.423  85.480 159.324  14.293  85.808 160.525  14.271  85.742
 158.756  12.291  89.339 148.057  15.349  91.695 143.967  12.983  90.929 144.828
  14.271  90.411 146.099  14.119  90.727 144.535  15.563  90.380 146.729  12.982
  89.828 146.745  15.263  90.462 144.859  16.679  89.947 145.961  16.506
  89.940 149.547  15.698  88.569 149.101  15.643  89.534 149.884  14.341  87.412
 149.005  15.097  88.624 150.088  13.438  87.132 149.666  13.680  86.435 148.756
  12.692  86.005 150.745  13.430  85.605 149.713  12.748  85.700 152.013  13.809
  84.424 152.663  13.368  86.492 152.768  14.747  84.484 153.711  14.019  85.827
 153.806  14.894  84.854 154.813  14.850  85.148 156.120  14.472  85.561 156.633
  13.158  85.029 157.211  15.238  85.650 155.858  12.235  85.806 158.117  12.937
  85.196 158.366  15.092  85.597 159.128  13.942  86.006 160.300  13.889  86.066
 158.338  11.983  90.022 148.372  15.023  90.971 143.687  12.536  90.853 144.891
  13.905  90.426 146.240  13.789  91.189 144.729  15.161  89.988 146.717  12.600
  90.436 146.988  14.979  91.213 145.129  16.307  90.934 146.312  16.207
  90.078 149.105  15.969  88.680 148.754  16.106  89.587 149.323  14.590  87.463
 148.741  15.671  88.652 149.376  13.765  87.193 149.179  14.176  86.448 148.211
  13.331  86.093 150.247  13.801  85.791 149.242  13.059  85.708 151.468  14.032
  84.589 152.077  13.357  86.398 152.337  15.079  84.545 153.247  13.864  85.694
 153.429  14.965  84.715 154.423  14.638  85.004 155.848  14.338  84.429 156.526
  13.175  85.530 156.697  15.159  83.640 155.974  12.401  84.609 157.945  13.112
  85.673 157.841  15.157  85.321 158.776  14.076  85.631 159.895  13.859  84.138
 158.443  12.366  90.023 147.883  15.378  91.063 143.501  12.288  91.227 144.774
  13.586  90.384 145.841  13.845  92.172 144.780  14.515  89.296 146.094  13.062
  90.729 146.665  14.949  92.629 145.312  15.474  91.908 146.310  15.663
  89.444 148.765  16.594  88.019 148.456  16.221  89.353 149.297  15.208  86.979
 148.605  15.532  88.632 149.608  14.187  87.140 149.264  14.096  86.670 148.286
  13.086  85.999 150.240  13.629  85.840 149.232  12.848  85.510 151.447  14.015
  84.297 152.154  13.396  86.161 152.236  15.153  84.342 153.251  14.030  85.486
 153.300  15.112  84.634 154.436  14.832  85.135 155.754  14.465  85.432 156.258
  13.117  85.199 156.763  15.270  85.338 155.516  12.117  85.725 157.636  12.951
  85.342 157.905  15.154  85.687 158.670  13.992  85.972 159.835  13.861  86.002
 157.937  12.024  89.450 147.610  15.818  90.528 143.788  12.412  90.734 144.949
  13.651  89.752 145.805  14.134  91.870 145.182  14.244  88.485 145.870  13.742
  90.215 146.661  15.125  92.521 145.912  14.981  91.657 146.591  15.484
  89.654 149.310  15.539  88.271 148.972  15.919  88.918 149.438  14.313  87.015
 149.052  15.759  87.833 149.614  13.636  86.447 149.433  14.282  85.547 148.454
  13.533  85.326 150.478  14.194  84.830 149.474  13.577  85.080 151.814  14.492
  83.790 152.438  14.168  86.079 152.683  15.169  83.968 153.628  14.639  85.479
 153.786  15.249  84.519 154.827  15.215  84.639 156.140  14.705  85.377 156.491
  13.506  84.714 157.139  15.537  85.667 155.615  12.702  85.858 157.905  13.382
  85.087 158.276  15.499  85.630 158.915  14.335  85.857 160.063  14.113  86.457
 158.149  12.602  89.552 148.116  15.078  89.893 143.204  12.978  90.219 144.588
  14.056  89.623 145.840  13.944  91.034 144.540  15.133  88.759 146.180  12.935
  90.035 146.763  14.983  91.417 145.131  16.044  90.975 146.256  16.011
  89.356 149.702  14.861  88.016 149.254  15.311  88.544 149.687  13.633  86.750
 149.036  15.221  87.428 149.653  13.003  86.139 149.304  13.836  85.121 148.283
  13.327  84.960 150.423  13.743  84.449 149.365  13.296  84.808 151.736  14.098
  83.501 152.455  13.911  85.928 152.649  14.612  83.783 153.601  14.315  85.317
 153.742  14.722  84.398 154.819  14.815  84.608 156.154  14.380  85.308 156.526
  13.089  84.524 157.258  15.062  85.455 155.741  12.231  85.866 157.949  13.009
  84.888 158.383  14.965  85.713 159.025  13.920  86.123 160.187  13.826  86.263
 158.206  12.113  89.266 148.345  14.505  90.079 143.467  13.178  90.076 144.857
  14.128  89.548 146.093  13.802  90.653 144.902  15.301  88.883 146.337  12.663
  89.785 147.057  14.699  90.898 145.583  16.263  90.497 146.703  15.966
  89.193 149.356  14.745  87.857 149.013  15.255  88.386 149.515  13.516  86.614
 148.948  15.130  87.257 149.688  12.981  85.978 149.343  13.743  85.013 148.359
  13.121  84.820 150.385  13.781  84.214 149.342  13.283  84.686 151.713  14.161
  83.521 152.536  13.867  85.779 152.470  14.940  83.813 153.687  14.365  85.302
 153.651  15.008  84.424 154.834  14.917  84.854 156.197  14.525  85.420 156.646
  13.219  84.851 157.225  15.292  85.457 155.918  12.262  85.990 157.992  13.098
  85.097 158.334  15.229  85.760 158.970  14.119  86.129 160.120  13.937  86.295
 158.258  12.170  89.041 148.134  14.275  89.255 142.908  13.130  89.742 144.552
  13.669  88.945 145.712  13.677  91.003 144.836  14.064  87.696 145.773  13.205
  89.546 146.789  14.224  91.665 145.721  14.567  90.881 146.656  14.686
  89.132 148.313  14.509  87.801 148.137  15.120  88.160 148.641  13.419  86.537
 148.228  15.174  86.991 148.892  13.032  85.726 148.708  13.932  84.621 147.843
  13.490  84.698 149.911  14.011  83.942 148.903  13.700  84.747 151.193  14.359
  83.494 152.055  14.324  85.982 151.970  14.691  83.966 153.174  14.694  85.543
 153.135  14.902  84.797 154.260  15.212  85.035 155.585  14.843  84.897 156.145
  13.486  85.522 156.511  15.631  84.409 155.515  12.559  85.247 157.509  13.278
  85.900 157.634  15.499  85.806 158.462  14.278  86.143 159.620  14.166  85.152
 157.893  12.345  88.723 147.078  14.019  87.955 142.159  12.384  88.783 143.511
  12.976  88.185 144.702  13.347  90.088 143.643  13.005  86.820 144.918  13.465
  89.090 145.734  13.658  91.004 144.277  13.415  90.487 145.407  13.720
  89.230 148.050  13.002  88.255 148.095  14.147  87.883 148.136  12.327  87.048
 148.239  14.604  86.625 148.383  12.372  85.820 148.375  13.646  84.744 147.303
  13.869  84.764 149.440  14.091  84.047 148.374  14.127  84.773 150.784  14.299
  83.551 151.532  14.719  86.019 151.599  14.237  84.016 152.745  14.939  85.590
 152.741  14.690  84.869 153.902  15.095  84.975 155.229  14.690  85.725 155.692
  13.476  84.827 156.298  15.443  86.179 154.906  12.631  85.927 157.152  13.297
  85.022 157.454  15.335  85.557 158.220  14.199  85.665 159.426  13.969  86.284
 157.441  12.394  88.720 146.834  13.116  87.737 141.707  12.651  88.663 143.164
  12.838  88.070 144.428  12.997  89.976 143.257  12.825  86.790 144.704  13.163
  89.038 145.451  13.016  90.940 144.023  12.795  90.479 145.136  12.782
  89.246 148.034  13.169  88.150 147.936  14.160  88.114 148.388  12.430  86.949
 148.159  14.559  86.882 148.729  12.295  85.928 148.710  13.577  84.646 147.851
  13.531  85.012 149.963  13.911  84.169 149.022  13.750  85.058 151.297  14.190
  83.888 152.131  14.388  86.356 152.056  14.270  84.342 153.268  14.710  86.002
 153.159  14.687  85.317 154.351  15.116  85.661 155.587  14.769  85.688 156.133
  13.347  85.662 156.570  15.587  85.602 155.387  12.357  85.771 157.579  13.209
  85.652 157.746  15.531  85.789 158.534  14.258  85.849 159.751  14.009  85.792
 157.976  12.277  88.614 146.811  12.847  87.753 141.559  12.443  88.624 143.134
  12.430  88.066 144.318  12.885  89.909 143.301  12.062  86.783 144.488  13.349
  88.925 145.405  12.718  90.760 144.087  11.835  90.308 145.137  12.305
  89.708 148.955  14.127  88.436 148.855  14.839  88.754 149.217  13.022  87.190
 149.021  14.839  87.602 149.587  12.607  86.397 149.471  13.574  85.181 148.706
  13.143  85.455 150.706  13.840  84.620 149.813  13.462  85.498 151.998  14.286
  84.215 152.788  14.533  86.741 152.766  14.531  84.714 153.868  15.016  86.311
 153.858  15.029  85.491 154.946  15.403  85.687 156.175  14.870  86.128 156.610
  13.530  85.474 157.263  15.578  86.350 155.787  12.647  86.223 158.034  13.244
  85.598 158.407  15.396  85.937 159.131  14.181  86.013 160.327  13.979  86.534
 158.283  12.312  89.250 147.703  13.790  87.970 142.939  11.919  88.979 144.331
  12.172  88.565 145.390  12.954  90.188 144.549  11.745  87.424 145.478  13.572
  89.488 146.456  13.072  91.140 145.322  11.801  90.811 146.243  12.552
  89.582 149.214  15.097  88.221 148.798  15.478  88.795 149.757  14.015  86.945
 148.863  15.338  87.701 150.103  13.416  86.364 149.608  14.098  85.441 148.869
  13.225  85.317 150.764  14.184  84.720 149.889  13.474  85.143 151.984  14.636
  83.926 152.798  14.449  86.196 152.736  15.486  84.225 153.937  14.850  85.685
 153.896  15.487  84.910 155.079  15.442  85.545 156.347  15.142  85.774 156.777
  13.776  85.407 157.468  15.817  85.779 155.945  12.909  85.870 158.209  13.488
  85.438 158.638  15.712  85.776 159.286  14.416  86.078 160.412  14.182  85.895
 158.518  12.524  89.304 148.127  14.293  88.655 144.364  10.720  89.437 145.274
  11.954  88.905 146.362  12.665  90.673 145.149  12.376  87.612 146.756  12.424
  89.756 146.982  13.578  91.538 145.428  13.139  91.159 146.444  13.700
  89.776 149.497  14.846  88.510 148.983  15.383  88.878 149.768  13.747  87.217
 148.957  15.409  87.702 149.959  13.275  86.482 149.581  14.201  85.557 148.663
  13.568  85.269 150.580  14.402  84.772 149.576  13.829  84.956 151.774  14.914
  83.625 152.445  14.944  86.059 152.574  15.522  84.012 153.645  15.258  85.492
 153.728  15.567  84.563 154.839  15.589  84.729 156.115  14.936  85.298 156.367
  13.634  84.758 157.212  15.628  85.411 155.452  12.792  85.761 157.738  13.313
  85.051 158.309  15.415  85.795 158.835  14.267  86.300 159.901  13.995  85.956
 157.962  12.345  89.552 148.346  14.194  89.880 144.359  10.582  90.351 145.507
  11.869  89.557 146.492  12.331  91.536 145.520  12.537  88.260 146.745  11.860
  90.092 147.244  13.471  92.189 146.086  13.374  91.440 146.890  13.905
