Cpptraj Generated trajectory                                                    
  84.922 154.486  14.247  84.932 153.473  15.288  84.128 153.315  14.013  84.527
 152.118  15.987  83.458 152.218  13.987  83.626 151.366  15.191  84.691 151.472
  17.164  83.273 150.283  15.866  84.549 150.215  16.454  83.641 151.419  18.045
  82.504 150.416  17.051  85.429 149.102  16.239  82.236 151.348  18.049  85.166
 148.150  15.460  85.651 156.026  11.938  85.267 156.607  12.942  84.701 155.862
  14.033  85.569 158.060  13.049  84.532 156.819  14.943  85.354 158.907  14.255
  84.736 157.937  15.162  85.408 160.092  14.259  85.843 158.544  12.203  86.657
 149.445  16.642  87.700 148.395  16.831  88.080 147.829  15.530  88.826 149.032
  17.562  87.291 147.325  17.830  82.769 150.212  18.625  82.536 149.302  19.728
  81.232 149.011  20.210  83.498 148.545  20.404  80.994 148.210  21.108  83.165
 147.720  21.303  81.967 147.608  21.634
  85.250 154.047  14.484  85.217 152.994  15.428  84.246 152.994  14.145  84.760
 151.689  16.098  83.484 151.971  14.186  83.744 151.058  15.293  85.046 150.849
  17.132  83.379 149.923  15.930  84.699 149.701  16.397  84.070 150.693  18.114
  82.705 150.130  17.086  85.432 148.467  16.322  82.688 151.038  18.157  85.020
 147.501  15.697  84.635 155.554  12.002  84.962 156.157  13.056  85.162 155.442
  14.378  85.087 157.605  13.125  85.253 156.316  15.347  85.342 158.414  14.198
  85.341 157.479  15.351  85.447 159.598  14.086  84.723 158.099  12.319  86.635
 148.578  16.996  87.670 147.516  16.980  88.031 147.288  15.599  88.801 148.080
  17.672  87.210 146.221  17.625  82.720 149.789  18.642  82.371 149.029  19.807
  81.637 147.766  19.838  82.819 149.426  21.072  81.682 147.009  20.824  82.678
 148.646  22.051  82.123 147.516  21.900
  85.349 153.949  13.908  85.533 152.887  14.896  84.510 152.814  13.680  85.181
 151.428  15.468  83.787 151.746  13.738  84.025 150.844  14.784  85.341 150.836
  16.699  83.628 149.832  15.618  84.895 149.616  16.107  84.328 151.061  17.627
  82.916 150.222  16.746  85.436 148.325  16.360  82.902 151.316  17.668  84.918
 147.374  15.853  84.913 155.634  11.595  85.182 156.144  12.680  85.136 155.360
  13.904  85.369 157.629  12.818  85.331 156.159  14.916  85.745 158.314  14.055
  85.596 157.271  15.013  85.817 159.548  14.243  85.191 158.081  11.928  86.644
 148.473  16.972  87.499 147.322  17.111  87.906 146.678  15.865  88.691 147.955
  17.622  86.865 146.417  17.991  83.162 150.188  18.409  82.861 149.208  19.439
  81.597 148.501  19.490  83.695 149.009  20.625  81.244 147.827  20.490  83.162
 148.401  21.548  82.131 147.661  21.335
  85.721 154.571  13.894  85.728 153.545  14.829  84.791 153.541  13.585  85.336
 152.171  15.441  84.068 152.470  13.549  84.397 151.561  14.641  85.520 151.405
  16.549  84.068 150.414  15.274  85.290 150.238  15.813  84.475 151.393  17.468
  83.240 150.619  16.382  85.827 148.982  16.185  83.048 151.549  17.455  85.301
 148.000  15.751  85.060 156.322  11.505  85.223 156.828  12.589  85.432 155.956
  13.860  85.361 158.305  12.747  85.532 156.825  14.840  85.626 158.980  13.977
  85.656 157.980  15.059  85.585 160.161  14.163  85.028 158.978  12.067  86.889
 149.121  16.971  87.764 147.982  17.122  88.131 147.344  15.829  88.903 148.379
  17.939  87.147 146.968  17.945  83.233 150.358  17.912  82.885 149.371  18.928
  81.559 148.954  19.242  83.944 148.716  19.576  81.405 147.938  19.922  83.620
 147.737  20.280  82.404 147.396  20.447
  85.889 154.535  14.153  85.916 153.348  14.983  85.228 153.415  13.627  85.589
 151.867  15.409  84.704 152.271  13.320  84.813 151.260  14.393  85.436 151.123
  16.547  84.132 150.228  14.929  85.202 149.931  15.747  84.156 151.295  17.128
  83.163 150.506  15.789  86.219 148.943  15.508  82.799 151.535  16.716  86.063
 148.083  14.624  85.385 156.193  11.668  85.529 156.648  12.799  85.619 155.904
  14.069  85.801 158.105  12.880  85.905 156.795  15.001  85.984 158.915  14.037
  86.075 157.960  15.113  85.852 160.167  14.028  85.667 158.497  11.955  87.136
 149.084  16.488  88.159 148.056  16.692  88.731 147.617  15.442  89.226 148.404
  17.600  87.550 146.861  17.424  82.794 150.368  17.377  82.425 149.622  18.551
  81.341 148.755  18.575  83.221 149.553  19.748  81.131 148.019  19.564  82.862
 148.824  20.687  82.020 147.955  20.503
  86.149 154.273  14.280  85.934 153.317  15.283  85.295 153.204  13.891  85.371
 152.022  15.935  84.624 152.095  13.802  84.517 151.274  15.004  85.356 151.261
  17.136  83.942 150.207  15.714  85.140 150.033  16.469  84.245 151.335  17.865
  83.125 150.534  16.751  86.029 148.937  16.313  82.858 151.528  17.723  85.766
 147.939  15.634  86.809 155.673  11.850  86.456 156.337  12.849  86.050 155.650
  14.090  86.358 157.795  12.787  85.503 156.437  14.897  85.831 158.585  13.869
  85.496 157.605  14.886  85.646 159.801  13.867  86.787 158.209  11.968  87.208
 149.247  16.858  88.433 148.401  16.764  88.709 147.941  15.414  89.516 149.352
  17.076  88.304 147.404  17.764  83.009 150.337  18.359  82.474 149.588  19.566
  81.282 148.752  19.540  83.110 149.516  20.903  81.050 148.025  20.521  82.675
 148.858  21.829  81.917 147.922  21.481
  85.750 153.783  14.017  85.635 152.820  15.105  84.869 152.646  13.736  85.180
 151.489  15.774  84.160 151.592  13.764  84.341 150.790  14.905  85.276 150.887
  17.038  83.884 149.712  15.725  85.114 149.626  16.444  84.109 150.966  17.792
  83.017 149.993  16.754  86.306 148.876  15.935  82.714 151.069  17.600  86.206
 148.033  15.048  86.737 155.411  11.741  86.292 155.943  12.731  85.535 155.134
  13.759  86.449 157.384  12.941  85.085 156.008  14.611  85.805 158.167  13.969
  85.081 157.170  14.798  85.691 159.378  14.078  86.745 157.887  12.113  87.432
 149.075  16.690  88.724 148.411  16.537  89.214 148.609  15.123  89.615 149.082
  17.416  88.584 146.994  16.796  83.045 149.936  18.322  82.756 149.054  19.438
  81.569 148.274  19.547  83.675 148.687  20.522  81.353 147.536  20.503  83.282
 148.038  21.462  82.242 147.314  21.343
  85.969 153.925  14.128  85.846 152.885  14.996  85.035 152.922  13.670  85.321
 151.553  15.617  84.361 151.856  13.576  84.421 150.910  14.690  85.497 150.850
  16.747  84.007 149.827  15.354  85.278 149.599  15.942  84.377 150.843  17.566
  83.184 150.120  16.407  86.153 148.503  15.893  82.979 151.082  17.451  85.930
 147.506  15.205  85.886 155.700  11.734  85.851 156.169  12.846  85.893 155.329
  14.033  85.850 157.656  13.031  85.722 156.146  15.090  85.705 158.405  14.224
  85.577 157.301  15.242  85.726 159.641  14.360  85.887 158.173  12.161  87.275
 148.782  16.665  88.535 148.045  16.527  88.934 148.112  15.086  89.571 148.619
  17.466  88.435 146.591  16.861  83.238 149.906  17.985  82.897 148.861  18.981
  82.252 147.640  18.608  83.224 148.940  20.370  81.919 146.841  19.436  82.810
 148.010  21.089  82.260 146.986  20.644
  85.577 154.210  13.894  85.562 153.195  14.920  84.641 153.189  13.660  85.148
 151.821  15.499  83.908 152.092  13.650  84.214 151.198  14.701  85.362 151.061
  16.659  83.818 150.038  15.308  85.041 149.840  15.910  84.270 151.126  17.497
  83.004 150.237  16.403  85.763 148.590  15.972  82.821 151.205  17.384  85.380
 147.570  15.394  85.771 155.912  11.583  85.707 156.439  12.662  85.333 155.622
  13.808  85.919 157.888  12.860  85.243 156.448  14.825  85.771 158.688  14.052
  85.387 157.622  15.008  85.906 159.888  14.119  86.209 158.444  12.064  86.949
 148.657  16.583  87.674 147.463  16.924  88.186 146.791  15.779  88.817 147.906
  17.715  86.953 146.688  17.893  83.212 150.079  18.027  82.852 149.147  19.065
  82.094 147.935  18.860  83.379 149.284  20.466  81.854 147.191  19.846  83.073
 148.399  21.240  82.227 147.526  20.990
  85.586 154.612  13.866  85.719 153.552  14.766  84.676 153.508  13.583  85.349
 152.120  15.399  83.901 152.476  13.578  84.187 151.553  14.619  85.454 151.349
  16.506  83.723 150.456  15.364  85.060 150.168  15.851  84.502 151.563  17.462
  83.081 150.831  16.508  85.610 148.939  16.065  83.107 151.752  17.624  84.962
 147.911  15.774  85.559 156.536  11.684  85.546 156.907  12.844  85.238 155.966
  13.957  85.863 158.306  13.132  85.150 156.712  15.067  85.677 158.935  14.435
  85.354 157.837  15.361  85.769 160.184  14.544  86.062 158.789  12.264  86.705
 149.038  16.859  87.298 147.875  17.420  87.871 146.943  16.457  88.387 148.210
  18.303  86.264 147.253  18.275  83.343 150.524  18.020  83.008 149.448  18.896
  81.620 148.903  18.890  83.899 148.747  19.724  81.422 147.913  19.594  83.511
 147.748  20.366  82.261 147.475  20.409
  85.823 154.205  14.084  85.491 153.146  14.968  84.600 153.463  13.698  84.823
 151.851  15.394  83.691 152.632  13.560  83.715 151.519  14.493  84.863 150.951
  16.438  83.200 150.388  15.095  84.402 149.934  15.624  83.817 151.094  17.325
  82.423 150.569  16.221  85.153 148.748  15.314  82.414 151.421  17.374  84.655
 147.742  14.778  85.445 156.149  11.923  85.810 156.534  12.982  86.062 155.605
  14.134  86.060 157.969  13.212  86.228 156.396  15.151  86.263 158.659  14.418
  86.353 157.579  15.393  86.345 159.851  14.496  85.859 158.558  12.414  86.382
 148.666  16.014  87.123 147.440  16.206  87.457 146.828  14.896  88.359 147.747
  16.949  86.312 146.511  16.878  82.470 150.159  17.753  82.287 149.213  18.818
  80.970 148.583  19.204  83.345 148.747  19.749  80.934 147.740  20.139  83.106
 147.886  20.565  81.948 147.513  20.856
  85.735 154.153  13.969  85.565 153.004  14.793  84.556 153.431  13.730  84.977
 151.640  15.239  83.601 152.601  13.667  83.788 151.443  14.545  85.106 150.711
  16.237  83.217 150.323  15.032  84.490 149.793  15.400  84.230 150.843  17.249
  82.684 150.625  16.286  84.996 148.530  14.901  82.936 151.373  17.528  84.310
 147.835  14.130  85.248 155.912  11.646  85.568 156.396  12.745  85.835 155.536
  13.938  85.730 157.838  12.772  85.997 156.361  14.956  85.929 158.597  13.985
  85.991 157.566  15.068  85.940 159.828  14.031  85.514 158.378  11.942  86.202
 148.174  15.363  86.823 146.971  14.998  87.316 147.268  13.645  87.964 146.773
  15.856  86.028 145.729  15.073  82.835 150.055  17.772  82.138 149.039  18.585
  80.765 148.893  18.775  82.929 148.109  19.478  80.328 148.023  19.529  82.313
 147.443  20.319  81.063 147.343  20.229
  85.654 154.139  14.044  85.556 153.004  14.859  84.485 153.332  13.801  84.899
 151.690  15.432  83.530 152.474  13.788  83.706 151.408  14.720  85.082 150.753
  16.378  83.165 150.369  15.350  84.420 149.817  15.581  84.231 150.922  17.485
  82.642 150.570  16.587  84.668 148.433  15.519  82.898 151.241  17.821  83.975
 147.580  14.983  84.616 156.078  12.297  85.254 156.489  13.257  85.733 155.527
  14.190  85.506 157.903  13.537  86.379 156.207  15.104  86.278 158.502  14.612
  86.677 157.313  15.367  86.502 159.652  14.850  85.207 158.552  12.818  86.015
 148.287  15.776  86.757 147.065  15.465  86.901 146.786  13.993  88.146 147.197
  16.046  86.136 145.918  16.094  83.133 149.987  18.129  82.908 148.936  19.050
  81.661 148.225  19.240  83.973 148.435  19.911  81.718 147.189  19.950  83.816
 147.500  20.672  82.638 147.070  20.809
  84.786 154.267  13.605  84.971 153.159  14.455  83.598 153.451  13.857  84.676
 151.813  15.158  82.712 152.576  14.264  83.279 151.497  15.035  85.159 150.909
  16.114  83.083 150.350  15.791  84.387 149.824  15.652  84.713 151.116  17.459
  82.952 150.659  17.126  84.608 148.441  15.758  83.521 151.516  18.107  83.713
 147.626  15.614  84.895 156.336  11.571  85.089 156.671  12.717  84.885 155.665
  13.791  85.336 158.007  13.069  85.056 156.299  14.943  85.530 158.547  14.352
  85.358 157.382  15.280  85.756 159.738  14.610  85.444 158.571  12.234  85.953
 148.193  15.813  86.515 146.911  15.553  86.368 146.439  14.216  87.992 146.992
  15.789  85.925 145.955  16.571  83.763 150.211  18.484  83.587 149.135  19.420
  82.301 148.692  19.938  84.685 148.444  20.035  82.237 147.810  20.797  84.484
 147.615  20.910  83.325 147.168  21.077
  85.547 154.746  14.034  85.341 153.696  14.961  84.303 153.993  13.896  84.730
 152.407  15.614  83.317 153.112  13.979  83.524 152.095  14.989  85.056 151.460
  16.581  83.042 150.918  15.554  84.380 150.526  15.753  84.244 151.449  17.660
  82.654 150.985  16.871  84.782 149.256  15.465  82.893 151.775  18.000  83.970
 148.421  15.145  85.245 156.367  11.722  85.620 156.935  12.749  85.646 156.165
  13.995  85.955 158.387  12.818  85.977 156.954  14.971  86.273 159.120  14.004
  86.183 158.142  15.052  86.405 160.286  14.053  85.899 158.881  11.935  85.987
 148.847  16.026  86.489 147.511  15.848  86.649 147.296  14.413  87.808 147.429
  16.439  85.646 146.580  16.568  83.166 150.491  18.342  83.309 149.459  19.403
  82.753 149.448  20.748  84.114 148.291  19.204  82.896 148.532  21.530  84.063
 147.350  19.922  83.606 147.573  21.083
  85.407 154.473  13.978  85.430 153.419  14.897  84.253 153.656  13.956  84.949
 152.110  15.578  83.311 152.778  14.074  83.665 151.750  14.979  85.181 151.355
  16.652  83.241 150.694  15.752  84.552 150.266  16.025  84.322 151.579  17.734
  82.700 151.118  16.942  85.085 148.929  15.871  82.987 151.928  18.080  84.490
 147.922  15.487  86.990 156.481  12.336  86.313 156.812  13.320  85.486 155.859
  14.100  86.291 158.214  13.668  84.779 156.535  14.887  85.483 158.811  14.687
  84.682 157.675  15.187  85.462 159.977  14.941  86.754 158.865  13.045  86.457
 148.893  16.292  87.122 147.598  16.531  87.363 146.833  15.287  88.484 147.814
  17.144  86.504 146.684  17.511  83.274 150.641  18.426  83.171 149.567  19.334
  82.961 149.650  20.760  83.645 148.228  19.011  83.388 148.801  21.497  83.741
 147.315  19.825  83.620 147.645  21.008
  85.397 154.816  14.179  85.477 153.708  15.050  84.473 153.719  13.845  85.231
 152.338  15.621  83.812 152.654  13.768  84.200 151.739  14.861  85.509 151.506
  16.660  83.852 150.596  15.528  85.221 150.364  15.916  84.571 151.452  17.697
  83.213 150.795  16.739  85.747 149.107  16.080  83.200 151.592  17.911  85.156
 148.178  15.571  85.049 156.408  11.851  85.387 156.971  12.925  85.321 156.194
  14.153  85.786 158.431  12.998  85.677 157.050  15.075  86.319 159.116  14.165
  85.973 158.160  15.285  86.757 160.262  14.228  85.811 158.942  12.123  86.966
 149.150  16.737  87.424 147.885  17.225  87.716 146.906  16.132  88.674 148.115
  17.995  86.492 147.318  18.217  83.474 150.320  18.251  83.258 149.331  19.211
  83.117 149.439  20.632  83.188 147.934  18.826  83.013 148.437  21.359  82.783
 147.075  19.623  82.780 147.337  20.861
  85.892 154.405  13.648  85.980 153.409  14.687  84.833 153.479  13.661  85.559
 152.021  15.376  84.043 152.438  13.767  84.356 151.525  14.774  85.896 151.285
  16.448  84.011 150.478  15.506  85.348 150.128  15.918  85.056 151.427  17.521
  83.477 150.815  16.780  85.692 148.729  16.073  83.680 151.747  17.775  84.926
 147.772  15.912  86.199 156.313  11.306  86.127 156.742  12.389  85.810 155.826
  13.562  86.213 158.168  12.617  85.601 156.665  14.606  86.215 158.876  13.881
  85.778 157.844  14.845  86.406 160.086  14.048  86.511 158.653  11.778  86.992
 148.728  16.475  87.749 147.641  16.776  88.062 146.851  15.566  88.986 148.144
  17.341  87.064 146.843  17.841  83.889 150.479  18.215  83.617 149.476  19.205
  83.312 149.724  20.533  83.609 148.057  18.880  82.860 148.804  21.252  82.971
 147.261  19.638  82.701 147.639  20.805
  86.072 154.294  13.787  86.007 153.225  14.713  85.014 153.333  13.547  85.470
 151.932  15.401  84.107 152.390  13.519  84.285 151.432  14.625  85.654 151.089
  16.419  83.650 150.457  15.360  84.929 150.020  15.760  84.727 151.313  17.459
  83.208 150.832  16.635  85.425 148.724  15.554  83.418 151.786  17.698  84.829
 147.823  15.004  85.984 156.084  11.495  85.931 156.616  12.618  85.789 155.717
  13.814  86.004 158.071  12.852  85.872 156.408  14.859  86.110 158.674  14.137
  86.017 157.570  15.079  86.209 159.886  14.323  86.057 158.655  12.026  86.658
 148.542  16.280  87.456 147.354  16.245  88.073 147.216  14.930  88.512 147.567
  17.241  86.696 146.178  16.603  83.505 150.469  18.144  83.532 149.571  19.233
  82.699 149.689  20.372  84.523 148.584  19.306  82.984 148.967  21.338  84.656
 147.894  20.331  84.055 148.292  21.372
  85.011 154.699  13.661  85.189 153.637  14.626  83.956 153.741  13.620  84.799
 152.322  15.349  83.215 152.756  13.792  83.640 151.794  14.812  85.163 151.632
  16.432  83.352 150.686  15.537  84.723 150.433  15.774  84.403 151.660  17.552
  82.831 150.998  16.790  85.369 149.159  15.850  83.051 151.834  17.926  84.737
 148.161  15.762  85.245 156.414  11.376  85.226 156.913  12.483  84.923 156.072
  13.627  85.535 158.308  12.663  85.141 156.825  14.693  85.671 159.044  13.906
  85.401 157.982  14.924  86.024 160.183  13.969  85.551 158.834  11.798  86.746
 149.323  15.996  87.521 148.136  16.371  87.553 147.188  15.291  88.895 148.543
  16.558  87.035 147.413  17.575  83.372 150.539  18.234  83.246 149.378  19.081
  82.136 149.255  20.038  84.129 148.249  19.128  81.951 148.166  20.610  83.910
 147.325  19.922  82.729 147.207  20.392
  85.598 155.067  14.378  85.472 153.890  15.173  84.607 154.155  13.886  84.978
 152.466  15.583  83.848 153.111  13.696  83.995 152.059  14.649  85.025 151.622
  16.657  83.584 150.864  15.130  84.736 150.493  15.846  83.828 151.654  17.402
  82.635 150.919  16.115  85.534 149.402  15.534  82.385 151.774  17.228  85.216
 148.561  14.757  85.861 156.723  12.006  85.888 157.238  13.125  85.776 156.446
  14.383  86.062 158.719  13.265  85.809 157.324  15.404  86.118 159.468  14.476
  85.990 158.489  15.509  86.219 160.683  14.524  86.092 159.217  12.384  86.685
 149.442  16.332  87.394 148.197  16.680  87.949 147.620  15.413  88.435 148.609
  17.638  86.450 147.183  17.297  82.692 150.547  17.787  82.432 149.629  18.853
  81.162 149.278  19.486  83.508 148.982  19.635  81.118 148.589  20.546  83.309
 148.502  20.711  82.157 148.379  21.188
  85.949 154.853  14.120  85.827 153.729  14.960  85.086 153.850  13.529  85.424
 152.235  15.282  84.439 152.756  13.265  84.575 151.665  14.246  85.358 151.429
  16.350  83.910 150.591  14.805  85.125 150.322  15.551  84.244 151.611  17.059
  82.971 150.914  15.790  85.744 149.084  15.682  82.819 151.845  16.880  85.346
 148.059  15.176  86.280 156.720  11.989  86.107 157.157  13.078  85.829 156.229
  14.174  86.111 158.569  13.351  85.834 156.892  15.252  86.079 159.204  14.641
  85.921 158.016  15.574  86.204 160.432  14.794  86.240 159.187  12.559  86.814
 149.184  16.510  87.433 148.051  17.182  87.880 147.043  16.202  88.587 148.472
  17.954  86.463 147.470  17.999  82.975 150.598  17.358  82.469 149.666  18.329
  81.302 148.814  18.018  82.952 149.431  19.689  80.985 147.914  18.758  82.310
 148.637  20.435  81.470 147.840  19.932
  86.291 154.785  13.988  86.148 153.755  14.879  85.297 153.769  13.626  85.666
 152.382  15.475  84.504 152.766  13.550  84.671 151.872  14.577  85.498 151.774
  16.698  84.028 150.876  15.225  85.153 150.579  16.053  84.341 152.138  17.345
  83.062 151.350  16.118  85.656 149.312  16.407  82.895 152.364  17.155  85.369
 148.356  15.749  85.483 156.276  11.668  85.617 156.895  12.768  85.888 156.132
  13.996  85.537 158.387  12.908  86.044 156.898  15.004  85.634 159.108  14.176
  85.963 158.070  15.157  85.614 160.312  14.346  85.306 158.921  12.079  86.627
 149.339  17.382  87.467 148.219  17.788  88.366 147.839  16.669  88.231 148.576
  18.965  86.615 147.129  18.303  83.083 151.111  17.738  82.547 150.099  18.618
  81.225 149.504  18.427  83.264 149.409  19.668  80.874 148.441  18.981  82.764
 148.388  20.179  81.657 147.955  19.887
  85.695 154.860  13.977  85.562 153.800  14.902  84.924 153.784  13.471  85.092
 152.386  15.370  84.211 152.696  13.320  84.245 151.805  14.420  85.054 151.532
  16.444  83.696 150.698  15.005  84.757 150.373  15.741  83.877 151.736  17.194
  82.741 150.982  15.932  85.339 149.114  15.827  82.507 151.968  17.002  84.838
 148.121  15.307  85.921 156.347  11.541  85.897 156.898  12.603  85.616 156.217
  13.829  86.206 158.289  12.663  85.767 157.090  14.854  86.289 159.112  13.865
  86.023 158.247  14.974  86.515 160.308  13.799  86.463 158.728  11.786  86.572
 149.175  16.478  87.384 147.985  16.784  87.680 147.409  15.451  88.563 148.401
  17.563  86.576 147.118  17.607  82.668 150.792  17.547  82.382 149.742  18.593
  81.160 149.118  19.052  83.506 149.158  19.261  81.120 148.345  20.020  83.345
 148.289  20.171  82.182 147.899  20.462
  85.632 154.706  13.771  85.417 153.744  14.789  84.539 153.778  13.564  84.796
 152.522  15.520  83.674 152.780  13.576  83.759 151.924  14.732  84.888 151.831
  16.689  83.250 150.819  15.435  84.543 150.648  15.940  83.785 151.890  17.594
  82.517 151.100  16.570  85.371 149.577  15.607  82.373 152.046  17.600  85.027
 148.775  14.776  86.353 156.352  11.400  86.068 156.892  12.454  85.678 156.149
  13.660  86.220 158.393  12.603  85.602 156.983  14.605  86.076 159.149  13.769
  85.688 158.122  14.837  86.252 160.327  13.884  86.598 158.887  11.803  86.532
 149.601  16.302  87.353 148.410  16.348  88.105 148.100  15.106  88.433 148.660
  17.273  86.481 147.384  16.876  82.603 150.850  18.141  82.127 149.805  19.023
  80.839 149.133  19.069  82.994 149.235  20.023  80.621 148.206  19.928  82.699
 148.268  20.703  81.550 147.744  20.590
  85.673 154.631  13.983  85.665 153.548  14.957  84.679 153.704  13.789  85.240
 152.239  15.548  83.876 152.711  13.766  84.145 151.727  14.756  85.385 151.499
  16.696  83.730 150.578  15.361  85.042 150.396  15.882  84.345 151.425  17.589
  83.013 150.721  16.516  85.955 149.388  15.465  82.915 151.646  17.602  85.697
 148.506  14.747  86.669 156.521  11.867  86.116 156.972  12.830  85.493 156.045
  13.895  86.233 158.362  13.087  85.126 156.852  14.963  85.714 159.062  14.251
  85.211 158.010  15.128  85.708 160.313  14.434  86.646 158.862  12.308  87.196
 149.513  16.182  88.123 148.531  16.274  88.406 147.739  15.078  89.408 149.113
  16.668  87.603 147.526  17.262  83.146 150.473  18.173  82.596 149.729  19.281
  81.278 149.039  19.248  83.467 149.271  20.349  81.068 148.181  20.045  83.119
 148.277  20.977  81.986 147.741  20.718
  85.928 154.913  14.341  85.777 153.855  15.253  84.969 153.848  13.889  85.237
 152.514  15.785  84.241 152.842  13.749  84.315 151.957  14.855  85.170 151.750
  16.902  83.695 150.879  15.427  84.869 150.609  16.166  83.987 151.864  17.687
  82.834 151.155  16.466  85.775 149.507  15.855  82.603 152.033  17.520  85.479
 148.611  15.080  85.754 156.610  11.816  85.874 157.147  12.958  85.831 156.388
  14.246  86.122 158.574  12.936  85.860 157.281  15.170  86.299 159.361  14.095
  86.116 158.453  15.212  86.445 160.560  14.094  86.145 158.983  12.010  86.983
 149.657  16.524  88.058 148.775  16.391  88.401 148.608  14.993  89.300 149.270
  17.091  87.707 147.495  17.038  82.833 150.844  18.101  82.528 149.852  19.141
  81.313 149.108  19.036  83.477 149.329  20.047  81.097 148.153  19.843  83.141
 148.445  20.782  82.051 147.808  20.639
  85.907 154.764  14.311  85.857 153.590  15.101  84.927 153.811  13.872  85.382
 152.179  15.561  84.132 152.798  13.748  84.297 151.770  14.744  85.394 151.345
  16.618  83.776 150.666  15.322  84.949 150.254  15.906  84.403 151.643  17.491
  83.000 150.933  16.416  85.485 148.941  15.843  82.950 151.867  17.450  84.840
 148.033  15.307  85.895 156.382  12.023  85.882 156.950  13.095  85.759 156.171
  14.330  85.981 158.411  13.247  85.779 156.989  15.361  86.119 159.169  14.556
  85.919 158.154  15.621  86.336 160.366  14.657  86.140 158.982  12.426  86.722
 148.892  16.447  87.497 147.662  16.297  87.715 147.245  14.837  88.865 147.837
  16.879  86.992 146.584  17.108  83.164 150.615  17.929  82.872 149.665  18.979
  81.538 149.174  19.262  83.826 148.964  19.764  81.321 148.189  20.035  83.455
 148.145  20.654  82.277 147.663  20.618
  85.686 154.729  14.402  85.549 153.722  15.381  84.548 153.908  14.319  84.893
 152.458  16.156  83.564 153.026  14.359  83.710 152.063  15.467  85.187 151.575
  17.128  83.243 150.916  16.112  84.608 150.490  16.367  84.334 151.709  18.192
  82.775 151.083  17.406  85.191 149.188  16.221  82.972 151.967  18.525  84.563
 148.244  15.827  86.407 156.433  12.157  86.172 156.885  13.328  85.709 156.044
  14.442  86.140 158.326  13.496  85.421 156.879  15.468  85.842 159.057  14.658
  85.466 158.010  15.659  85.992 160.244  14.811  86.323 158.837  12.641  86.373
 149.004  17.024  87.048 147.717  17.099  87.489 147.306  15.781  88.170 148.053
  17.921  86.235 146.757  17.830  83.219 150.632  18.844  83.104 149.578  19.787
  81.987 148.790  20.021  84.243 149.022  20.507  82.006 147.736  20.683  84.133
 147.992  21.210  83.019 147.469  21.376
  85.404 154.675  14.349  85.394 153.674  15.333  84.300 153.738  14.213  85.013
 152.341  15.980  83.496 152.771  14.369  83.793 151.838  15.403  85.336 151.594
  17.005  83.408 150.737  16.087  84.797 150.464  16.354  84.481 151.621  18.085
  82.994 150.875  17.406  85.413 149.205  16.453  83.112 151.813  18.430  84.721
 148.216  16.291  85.482 156.343  11.844  85.359 156.921  12.949  85.220 156.084
  14.201  85.296 158.368  13.085  85.083 156.918  15.213  85.150 159.119  14.267
  85.089 158.058  15.299  85.250 160.337  14.314  85.313 158.901  12.223  86.715
 149.292  16.936  87.375 148.046  17.434  87.484 147.143  16.377  88.687 148.379
  18.077  86.556 147.459  18.540  83.596 150.625  18.903  83.395 149.626  19.879
  82.121 148.889  19.960  84.225 149.292  20.965  81.939 148.115  20.904  83.903
 148.460  21.833  82.818 147.857  21.751
  85.766 155.178  14.772  85.532 154.072  15.662  84.847 154.178  14.296  84.861
 152.713  16.110  84.070 153.177  14.100  84.007 152.219  15.146  84.931 151.848
  17.143  83.409 151.086  15.646  84.583 150.739  16.304  83.869 151.941  17.951
  82.636 151.283  16.801  85.173 149.414  16.302  82.491 152.098  17.920  84.709
 148.555  15.572  85.363 156.759  12.285  85.470 157.289  13.355  85.568 156.543
  14.623  85.501 158.759  13.371  85.644 157.489  15.567  85.525 159.677  14.502
  85.609 158.705  15.642  85.579 160.908  14.463  85.211 159.174  12.493  86.191
 149.226  17.154  86.914 147.947  17.325  87.684 147.647  16.095  87.747 148.121
  18.479  85.963 146.803  17.602  82.755 150.873  18.323  82.707 149.745  19.278
  81.480 149.140  19.747  83.868 149.132  19.939  81.460 148.300  20.648  83.726
 148.375  20.916  82.606 147.829  20.974
  85.374 155.042  14.589  85.352 153.958  15.477  84.313 154.145  14.384  84.951
 152.593  15.980  83.458 153.137  14.306  83.761 152.135  15.290  85.172 151.667
  17.041  83.375 150.955  15.821  84.670 150.568  16.265  84.136 151.641  18.033
  82.735 151.091  16.976  85.058 149.175  16.298  82.754 151.985  18.122  84.444
 148.252  15.784  85.677 156.777  12.272  85.554 157.300  13.408  85.403 156.459
  14.606  85.622 158.773  13.620  85.367 157.196  15.605  85.574 159.429  14.850
  85.445 158.337  15.831  85.916 160.615  14.927  85.714 159.355  12.796  86.300
 149.110  16.894  87.095 147.928  17.047  87.133 147.268  15.681  88.506 148.374
  17.469  86.542 147.034  17.986  82.915 150.731  18.503  82.509 149.796  19.512
  81.219 149.175  19.580  83.402 149.057  20.400  81.020 147.998  19.842  83.137
 147.890  20.713  81.942 147.525  20.554
  85.681 154.845  14.153  85.728 153.746  15.037  84.721 153.816  13.948  85.285
 152.341  15.717  83.961 152.793  13.803  84.183 151.810  14.854  85.413 151.545
  16.822  83.611 150.738  15.517  84.895 150.443  16.061  84.341 151.617  17.695
  82.949 150.968  16.679  85.628 149.226  15.832  82.979 151.958  17.683  85.234
 148.330  15.092  84.628 156.669  12.052  85.116 157.121  13.053  85.482 156.257
  14.217  85.343 158.587  13.181  86.097 157.008  15.069  85.981 159.309  14.301
  86.354 158.161  15.190  86.240 160.481  14.321  85.175 159.061  12.301  86.718
 149.208  16.583  87.796 148.211  16.417  88.282 147.798  15.033  89.009 148.776
  17.081  87.349 146.983  17.225  83.142 150.747  18.252  82.944 149.796  19.365
  81.626 149.429  19.813  83.997 148.891  19.847  81.494 148.431  20.521  83.691
 147.883  20.561  82.470 147.795  20.961
  86.158 155.001  14.106  86.134 153.868  14.991  85.227 153.931  13.790  85.618
 152.565  15.624  84.505 152.862  13.648  84.636 151.974  14.822  85.854 151.716
  16.732  84.266 150.833  15.447  85.528 150.573  15.938  84.867 151.651  17.677
  83.566 150.936  16.666  86.523 149.697  15.466  83.466 151.811  17.810  86.313
 148.971  14.524  85.021 156.865  12.012  85.393 157.281  13.111  85.857 156.360
  14.215  85.412 158.730  13.365  86.235 157.177  15.205  85.837 159.368  14.541
  86.190 158.312  15.429  85.894 160.594  14.607  85.072 159.373  12.660  87.419
 149.434  16.430  88.294 148.220  16.353  88.993 147.942  15.085  89.318 148.202
  17.422  87.444 147.019  16.608  83.814 150.578  18.212  83.480 149.546  19.264
  82.480 148.502  19.122  84.214 149.465  20.500  82.689 147.489  19.808  84.229
 148.392  21.124  83.301 147.605  20.932
  86.271 154.928  13.805  86.371 153.803  14.637  85.298 153.882  13.530  86.002
 152.354  15.161  84.567 152.837  13.520  84.843 151.871  14.457  86.214 151.589
  16.272  84.469 150.779  15.174  85.792 150.446  15.626  85.232 151.701  17.247
  83.804 151.043  16.349  86.478 149.202  15.481  83.839 151.918  17.427  85.877
 148.170  15.066  84.980 156.790  11.977  85.433 157.215  13.017  86.050 156.326
  14.019  85.398 158.618  13.303  86.411 157.032  15.051  85.790 159.331  14.514
  86.331 158.174  15.347  85.905 160.549  14.587  84.976 159.133  12.540  87.758
 149.394  15.923  88.646 148.281  16.098  88.586 147.251  15.047  89.930 148.921
  16.149  88.446 147.649  17.371  84.184 150.739  17.939  83.839 149.680  18.813
  82.576 149.089  18.719  84.586 149.269  19.980  82.341 148.089  19.418  84.107
 148.364  20.700  82.996 147.825  20.475
  86.444 155.072  13.832  86.438 153.962  14.702  85.663 153.986  13.372  85.999
 152.534  15.199  85.083 152.863  13.129  85.125 151.928  14.236  85.938 151.687
  16.275  84.604 150.717  14.730  85.750 150.531  15.486  84.716 151.811  16.967
  83.688 150.839  15.796  86.525 149.334  15.495  83.370 151.884  16.718  86.524
 148.573  14.533  84.897 156.677  11.832  85.424 157.161  12.865  86.074 156.381
  13.959  85.309 158.637  13.107  86.318 157.121  14.956  85.659 159.354  14.300
  86.236 158.281  15.211  85.750 160.568  14.326  84.938 159.193  12.345  87.278
 149.178  16.638  88.074 148.010  16.979  89.116 147.853  15.985  88.753 148.320
  18.248  87.118 146.912  17.110  83.604 150.751  17.373  83.130 149.790  18.337
  81.707 149.410  18.451  83.986 148.956  19.079  81.383 148.571  19.319  83.543
 148.003  19.699  82.271 147.811  19.828
  86.479 155.488  14.434  86.310 154.280  15.223  85.582 154.490  13.894  85.782
 152.854  15.570  84.829 153.454  13.592  84.870 152.413  14.543  85.661 152.067
  16.645  84.439 151.171  14.960  85.585 150.958  15.789  84.466 151.848  17.347
  83.448 151.230  15.881  86.005 149.644  16.113  83.076 151.956  17.129  85.469
 148.706  15.540  85.893 157.103  12.141  86.002 157.637  13.235  86.235 156.828
  14.401  85.976 159.069  13.461  86.120 157.592  15.451  85.985 159.802  14.727
  85.994 158.756  15.669  86.210 160.982  14.785  85.802 159.658  12.656  87.283
 149.660  16.705  87.955 148.440  16.994  88.329 147.722  15.711  89.240 148.854
  17.469  87.180 147.608  17.965  83.404 150.722  17.472  83.121 149.634  18.389
  81.770 149.299  18.656  84.014 148.554  18.738  81.461 148.277  19.242  83.587
 147.519  19.311  82.349 147.460  19.554
  85.874 155.194  14.434  85.798 154.113  15.250  84.852 154.249  14.012  85.287
 152.671  15.707  84.101 153.243  13.819  84.312 152.218  14.784  85.376 151.796
  16.765  83.711 151.146  15.418  84.889 150.679  16.023  84.411 151.993  17.680
  82.987 151.454  16.585  85.555 149.425  15.867  83.035 152.435  17.674  85.192
 148.528  15.115  85.641 157.067  12.194  85.872 157.504  13.321  85.961 156.593
  14.488  86.093 158.920  13.575  86.301 157.329  15.549  86.520 159.576  14.705
  86.516 158.462  15.710  86.815 160.746  14.797  85.983 159.524  12.770  86.769
 149.438  16.665  87.771 148.394  16.508  88.265 148.365  15.137  88.988 148.639
  17.381  87.186 147.057  16.850  83.248 151.204  18.236  82.755 150.025  19.008
  81.490 149.405  18.869  83.627 149.298  19.898  81.250 148.325  19.381  83.227
 148.301  20.477  82.147 147.835  20.154
  86.116 155.135  14.216  85.935 154.072  15.213  85.056 154.215  14.045  85.371
 152.822  15.918  84.145 153.324  13.974  84.246 152.417  15.088  85.534 151.969
  16.927  83.640 151.399  15.714  84.945 150.977  16.106  84.618 151.992  17.905
  83.153 151.554  16.986  85.521 149.684  15.902  83.266 152.387  18.087  85.049
 148.872  15.105  87.327 156.767  12.271  86.776 157.289  13.218  85.956 156.482
  14.068  86.803 158.764  13.546  85.425 157.247  15.032  86.149 159.455  14.625
  85.439 158.374  15.340  86.314 160.612  14.924  87.345 159.333  12.907  86.699
 149.601  16.626  87.509 148.382  16.575  87.811 147.986  15.146  88.757 148.639
  17.335  86.726 147.272  17.217  83.424 151.093  18.448  82.950 149.970  19.276
  81.945 149.063  18.877  83.666 149.513  20.433  81.900 147.937  19.441  83.507
 148.370  20.858  82.545 147.752  20.489
  85.963 155.074  13.957  85.861 154.049  14.897  84.955 154.085  13.614  85.398
 152.639  15.399  84.243 153.051  13.490  84.452 152.026  14.556  85.505 151.924
  16.518  83.935 150.927  15.237  85.222 150.722  15.749  84.386 151.928  17.339
  83.164 151.157  16.315  86.059 149.590  15.623  83.020 152.050  17.374  85.715
 148.681  14.884  85.815 156.859  11.565  85.925 157.312  12.706  85.764 156.461
  13.929  86.228 158.690  12.869  85.998 157.268  14.972  86.366 159.466  14.123
  86.273 158.402  15.101  86.636 160.704  14.216  86.340 159.164  11.980  87.006
 149.563  16.561  87.696 148.345  16.935  88.578 147.931  15.801  88.544 148.836
  18.052  86.852 147.235  17.447  83.313 150.836  17.804  83.038 149.863  18.762
  81.889 148.988  18.723  83.871 149.537  19.897  81.751 148.038  19.487  83.696
 148.504  20.540  82.655 147.810  20.321
  85.840 154.930  14.395  85.852 153.764  15.211  84.863 153.950  14.040  85.441
 152.312  15.660  84.119 152.893  13.803  84.349 151.841  14.785  85.559 151.431
  16.635  83.859 150.780  15.407  85.105 150.360  15.881  84.579 151.528  17.623
  83.102 151.088  16.571  85.491 149.012  15.975  83.203 151.883  17.816  84.807
 148.069  15.578  85.395 156.911  12.392  85.542 157.260  13.543  85.730 156.312
  14.636  85.775 158.681  13.889  85.998 156.961  15.721  86.029 159.295  15.127
  86.155 158.102  15.989  86.083 160.487  15.402  85.639 159.322  13.115  86.663
 148.971  16.561  87.388 147.799  16.988  87.528 146.855  15.890  88.657 148.197
  17.582  86.623 147.142  18.101  83.489 150.598  18.195  83.121 149.644  19.154
  81.744 149.204  19.291  84.009 148.891  20.030  81.452 148.169  19.883  83.567
 147.858  20.496  82.340 147.598  20.561
  86.276 154.742  14.081  86.006 153.755  15.006  85.100 153.962  13.883  85.341
 152.482  15.677  84.093 153.118  13.888  84.191 152.142  14.905  85.497 151.624
  16.749  83.598 151.092  15.560  84.867 150.637  15.994  84.520 151.740  17.706
  82.941 151.428  16.797  85.484 149.434  15.681  83.134 152.095  18.009  84.945
 148.560  14.997  85.988 156.628  11.773  86.108 157.084  12.926  86.294 156.087
  14.042  86.322 158.505  13.180  86.407 156.829  15.124  86.527 159.066  14.487
  86.436 157.990  15.414  86.655 160.273  14.735  86.078 159.102  12.399  86.513
 149.201  16.544  87.043 147.844  16.695  87.558 147.236  15.405  88.149 147.940
  17.637  86.034 147.093  17.326  83.124 150.732  18.248  82.734 149.740  19.213
  81.675 148.771  18.945  83.413 149.425  20.386  81.395 147.907  19.780  83.010
 148.511  21.146  82.202 147.673  20.707
  86.409 154.748  14.277  86.229 153.642  15.156  85.417 153.820  13.778  85.635
 152.315  15.639  84.712 152.780  13.590  84.688 151.877  14.647  85.566 151.496
  16.722  84.110 150.735  15.223  85.266 150.380  15.951  84.425 151.601  17.504
  83.254 150.945  16.241  85.884 149.128  16.098  83.025 151.834  17.362  85.470
 148.074  15.613  86.803 156.562  12.071  86.528 156.978  13.188  86.355 156.136
  14.313  86.456 158.417  13.436  86.166 156.841  15.431  86.167 159.105  14.698
  86.110 157.978  15.678  86.067 160.304  14.886  86.780 159.043  12.708  86.861
 149.245  17.053  87.436 148.044  17.664  88.052 147.199  16.676  88.532 148.503
  18.554  86.370 147.318  18.401  83.223 150.651  17.999  82.564 149.725  18.943
  81.282 149.101  18.581  83.212 149.005  20.003  80.711 148.288  19.319  82.609
 148.043  20.517  81.400 147.769  20.235
  86.562 154.610  14.399  86.311 153.540  15.323  85.612 153.661  13.946  85.550
 152.316  15.852  84.762 152.719  13.764  84.667 151.819  14.889  85.390 151.543
  16.991  84.014 150.727  15.355  85.123 150.409  16.174  84.147 151.572  17.621
  83.089 150.969  16.277  85.737 149.090  16.296  82.789 151.790  17.412  85.481
 148.129  15.667  87.393 156.402  12.113  86.952 156.948  13.121  86.510 156.069
  14.269  86.853 158.350  13.289  86.004 156.847  15.155  86.203 159.104  14.353
  85.796 157.977  15.267  86.201 160.282  14.424  87.267 158.907  12.551  86.547
 149.123  17.345  86.982 147.930  18.112  87.963 147.133  17.361  87.708 148.338
  19.263  85.815 147.111  18.600  82.940 150.526  17.883  82.355 149.476  18.629
  81.231 148.692  18.269  83.146 148.867  19.743  80.985 147.645  18.829  82.771
 147.755  20.155  81.648 147.307  19.819
  86.544 154.521  14.580  86.100 153.484  15.418  85.641 153.612  13.994  85.278
 152.184  15.788  84.769 152.655  13.633  84.518 151.641  14.663  85.066 151.397
  16.862  83.909 150.491  15.129  84.941 150.211  16.055  83.835 151.379  17.378
  82.809 150.621  16.032  85.581 148.993  16.295  82.465 151.501  17.079  85.255
 148.046  15.662  87.145 156.262  12.458  86.654 156.762  13.498  86.278 155.911
  14.586  86.383 158.196  13.575  85.854 156.659  15.576  85.751 158.846  14.726
  85.643 157.834  15.688  85.544 160.072  14.837  86.650 158.762  12.777  86.424
 149.033  17.401  87.311 147.838  17.683  88.244 147.662  16.559  88.272 148.283
  18.698  86.631 146.616  18.121  82.598 150.280  17.565  82.555 149.281  18.622
  81.565 148.189  18.692  83.579 149.174  19.612  81.889 147.281  19.467  83.704
 148.198  20.338  82.728 147.421  20.390
  86.195 154.600  14.394  86.062 153.600  15.360  85.247 153.526  14.053  85.512
 152.258  16.084  84.524 152.470  13.996  84.628 151.576  15.138  85.555 151.491
  17.214  84.312 150.394  15.779  85.486 150.288  16.541  84.397 151.478  17.985
  83.338 150.569  16.755  86.240 149.155  16.974  83.045 151.558  17.705  86.003
 148.077  16.444  86.617 156.460  12.138  86.388 156.851  13.226  86.083 155.963
  14.406  86.341 158.233  13.516  85.809 156.644  15.477  86.117 158.891  14.757
  85.788 157.797  15.782  86.405 160.057  14.917  86.513 158.780  12.680  87.089
 149.345  18.103  87.855 148.328  18.759  88.484 147.408  17.773  88.794 148.888
  19.702  86.863 147.550  19.532  83.295 150.461  18.448  82.838 149.394  19.289
  81.636 148.641  19.223  83.756 148.881  20.283  81.376 147.802  20.122  83.477
 147.855  20.877  82.408 147.279  20.618
  86.463 154.673  14.586  86.125 153.640  15.520  85.731 153.471  14.032  85.686
 152.230  16.010  85.113 152.365  13.826  85.071 151.449  14.970  85.396 151.583
  17.157  84.520 150.331  15.527  85.574 150.363  16.459  84.115 151.572  17.590
  83.374 150.465  16.344  86.507 149.369  16.762  82.773 151.417  17.211  86.715
 148.357  16.049  86.634 156.160  12.208  86.362 156.770  13.250  86.043 155.992
  14.383  86.219 158.271  13.400  85.789 156.837  15.452  85.905 159.015  14.652
  85.749 158.004  15.696  85.922 160.214  14.683  86.249 158.810  12.543  87.030
 149.672  17.959  88.245 149.114  18.465  89.360 149.364  17.504  88.537 149.806
  19.716  87.989 147.702  18.799  83.197 150.390  18.028  83.006 149.286  18.879
  81.891 148.495  18.770  83.946 148.809  19.875  81.655 147.540  19.483  83.556
 147.831  20.595  82.581 147.170  20.244
  85.350 154.902  14.955  85.665 153.745  15.716  85.242 153.699  14.238  85.842
 152.204  15.961  85.141 152.498  13.793  85.525 151.463  14.779  85.716 151.417
  17.015  85.197 150.256  15.282  86.054 150.257  16.312  84.380 151.270  17.385
  83.935 150.283  15.849  86.987 149.300  16.652  83.123 151.066  16.785  87.305
 148.369  15.926  85.928 156.320  12.373  85.969 156.936  13.418  85.797 156.224
  14.711  86.172 158.385  13.416  85.787 157.167  15.596  86.162 159.246  14.521
  85.973 158.332  15.707  86.353 160.453  14.458  86.339 158.828  12.520  87.831
 149.745  17.582  88.795 148.875  18.192  89.871 148.497  17.232  89.390 149.771
  19.207  88.159 147.692  18.794  83.457 149.871  17.380  83.075 148.946  18.370
  81.684 148.675  18.503  83.884 148.589  19.406  81.293 148.027  19.509  83.393
 147.847  20.247  82.154 147.757  20.381
  86.096 154.503  14.383  86.087 153.463  15.371  85.602 153.252  13.904  85.770
 152.055  15.945  85.147 152.039  13.779  85.210 151.175  14.993  85.532 151.395
  17.133  84.799 149.959  15.573  85.756 150.154  16.508  84.255 151.227  17.602
  83.682 150.059  16.320  86.905 149.289  16.721  82.925 150.989  17.095  87.148
 148.373  15.921  86.261 156.333  11.970  86.010 156.707  13.092  85.739 155.831
  14.208  86.065 158.170  13.260  85.663 156.675  15.242  85.934 158.942  14.451
  85.693 157.886  15.415  85.914 160.153  14.591  86.316 158.672  12.417  87.347
 149.374  18.074  88.010 148.267  18.700  89.226 147.809  17.974  88.324 148.747
  20.049  87.061 147.090  18.808  83.325 150.058  18.038  83.020 148.917  18.889
  81.690 148.268  18.927  83.990 148.112  19.626  81.509 147.232  19.639  83.655
 147.078  20.259  82.393 146.821  20.287
  86.537 154.145  14.589  86.347 153.098  15.542  85.900 153.043  13.975  85.947
 151.719  15.949  85.396 151.899  13.695  85.402 150.997  14.804  85.730 151.082
  17.066  84.926 149.835  15.324  85.849 149.872  16.348  84.411 151.038  17.442
  83.770 149.969  16.019  86.704 148.834  16.664  83.094 151.017  16.808  86.728
 147.758  16.030  86.848 155.812  12.253  86.444 156.346  13.230  86.190 155.536
  14.423  86.259 157.780  13.291  85.869 156.319  15.412  86.088 158.561  14.440
  85.870 157.503  15.490  86.171 159.807  14.552  86.486 158.249  12.422  87.363
 149.030  17.925  87.986 148.015  18.757  88.941 147.315  18.013  88.751 148.605
  19.884  87.100 147.030  19.289  83.235 149.873  17.464  82.694 149.107  18.556
  81.431 148.470  18.559  83.479 148.845  19.709  81.082 147.916  19.551  82.939
 148.214  20.658  81.911 147.560  20.417
