Cpptraj Generated trajectory                                                    
  84.020 147.606  15.947  84.016 148.772  15.609  84.968 149.549  16.201  83.083
 149.190  14.502  85.132 150.827  15.967  82.788 150.323  14.004  82.107 148.457
  13.970  84.443 151.820  15.296  83.344 151.572  14.341  81.760 149.778  13.368
  81.357 148.603  12.840  84.491 153.342  15.330  82.711 152.799  13.785  84.201
 154.661  15.126  83.432 153.714  14.363  85.555 149.065  16.871  84.785 155.773
  14.569  84.935 156.191  13.165  84.947 156.864  15.286  84.853 155.402  12.215
  85.172 157.613  12.859  85.046 158.047  15.103  85.167 158.693  13.777  85.342
 159.868  13.496  85.237 157.794  11.865  80.527 148.874  13.923  79.146 148.891
  14.381  78.554 149.929  15.142  78.210 147.805  14.097  77.426 149.797  15.613
  76.999 147.874  14.426  76.648 148.952  15.013
  84.470 147.574  16.020  84.477 148.755  15.588  85.297 149.641  16.142  83.351
 149.107  14.548  85.204 150.934  15.941  82.961 150.259  14.047  82.397 148.387
  13.960  84.557 151.886  15.202  83.424 151.540  14.303  81.971 149.708  13.286
  81.763 148.450  12.751  84.528 153.385  15.284  82.787 152.752  13.805  84.112
 154.697  15.093  83.378 153.724  14.394  85.921 149.286  16.857  84.633 155.911
  14.647  84.969 156.198  13.257  84.544 157.017  15.348  84.986 155.350  12.379
  85.262 157.643  12.890  84.763 158.146  15.124  85.215 158.734  13.883  85.633
 159.845  13.621  85.569 157.879  11.954  80.806 148.684  13.720  79.421 148.788
  13.967  78.610 149.990  13.964  78.684 147.703  14.534  77.399 149.929  14.218
  77.523 147.854  14.990  77.092 149.040  15.014
  84.379 147.398  15.813  84.383 148.576  15.516  85.342 149.426  16.210  83.439
 149.090  14.514  85.492 150.703  15.951  83.166 150.248  13.981  82.513 148.448
  13.783  84.779 151.708  15.291  83.692 151.471  14.270  82.200 149.795  13.152
  81.883 148.570  12.610  84.923 153.214  15.409  83.191 152.775  13.813  84.759
 154.575  15.150  83.886 153.686  14.428  86.012 148.980  16.826  85.430 155.658
  14.753  85.638 156.033  13.322  85.209 156.816  15.341  85.736 155.122  12.479
  85.645 157.436  12.980  85.106 157.964  15.122  85.406 158.545  13.806  85.546
 159.692  13.475  85.839 157.698  12.020  80.989 148.898  13.553  79.571 148.769
  13.979  78.488 148.718  13.082  79.182 148.705  15.330  77.339 148.571  13.582
  78.002 148.792  15.667  77.164 148.864  14.744
  84.807 147.612  15.665  84.524 148.790  15.505  85.382 149.715  16.093  83.394
 149.218  14.597  85.194 151.065  15.980  82.920 150.314  14.035  82.526 148.463
  13.984  84.429 151.972  15.362  83.297 151.565  14.402  82.069 149.699  13.299
  81.861 148.424  12.825  84.390 153.446  15.402  82.564 152.819  13.986  83.950
 154.776  15.271  83.208 153.784  14.551  86.181 149.414  16.639  84.519 156.043
  14.768  84.925 156.408  13.418  84.571 157.127  15.507  84.906 155.595  12.500
  85.447 157.788  13.176  84.935 158.214  15.347  85.577 158.908  14.151  86.129
 159.944  14.024  85.772 158.134  12.281  80.943 148.715  13.804  79.507 148.869
  14.096  78.523 148.377  13.194  78.904 149.678  15.107  77.318 148.671  13.296
  77.693 149.916  15.187  76.934 149.370  14.280
  84.222 148.479  16.753  84.195 149.610  16.264  84.878 150.631  16.931  83.502
 149.775  14.975  84.784 151.918  16.532  83.270 150.801  14.150  82.944 148.798
  14.202  84.345 152.735  15.482  83.613 152.169  14.308  82.600 149.961  13.271
  82.607 148.620  12.868  84.326 154.162  15.243  83.296 153.176  13.350  84.169
 155.378  14.576  83.731 154.260  13.868  85.344 150.447  17.812  84.900 156.540
  14.296  85.110 157.237  12.989  85.065 157.478  15.197  84.922 156.588  11.939
  85.545 158.611  12.988  85.299 158.600  15.234  85.663 159.482  14.177  86.092
 160.655  14.153  85.635 159.066  12.087  81.417 148.824  13.545  80.044 148.764
  13.562  79.247 147.994  12.617  79.189 149.659  14.340  78.056 148.192  12.481
  77.980 149.532  14.271  77.441 148.688  13.484
  84.185 148.069  17.543  84.161 149.142  16.912  84.447 150.256  17.688  83.850
 149.278  15.455  84.582 151.518  17.236  83.776 150.254  14.509  83.445 148.339
  14.622  84.290 152.205  15.999  84.028 151.545  14.680  83.447 149.404  13.552
  83.465 148.055  13.290  84.366 153.714  15.572  83.893 152.555  13.542  84.170
 154.936  14.889  84.037 153.696  14.152  84.671 150.028  18.649  84.909 156.102
  14.560  85.204 156.519  13.190  85.058 157.071  15.408  85.012 155.897  12.173
  85.723 157.950  13.087  85.395 158.221  15.292  85.831 158.884  14.087  86.314
 159.983  14.020  86.014 158.177  12.144  82.178 148.355  13.709  80.795 148.640
  13.306  80.032 147.779  12.359  80.062 149.891  13.591  78.907 148.066  12.067
  78.869 149.948  13.317  78.355 149.141  12.491
  83.698 148.124  17.013  83.882 149.115  16.405  84.211 150.223  17.161  83.786
 149.057  14.916  84.567 151.422  16.737  83.814 150.021  14.025  83.385 148.068
  14.089  84.470 152.066  15.506  84.096 151.363  14.163  83.489 149.182  12.985
  83.429 147.805  12.721  84.474 153.546  15.117  84.061 152.407  13.090  84.345
 154.765  14.451  84.233 153.551  13.665  84.339 150.111  18.160  85.071 155.968
  14.254  85.685 156.387  12.998  85.029 156.966  15.117  85.844 155.632  12.083
  86.141 157.736  12.925  85.354 158.102  15.047  86.007 158.805  13.900  86.338
 159.972  13.847  86.783 157.837  12.147  82.167 148.005  13.129  80.829 148.232
  12.754  80.343 147.735  11.532  79.812 149.004  13.449  79.195 147.904  11.160
  78.712 149.161  12.911  78.448 148.710  11.747
  83.551 148.285  17.272  83.730 149.382  16.681  84.068 150.515  17.410  83.627
 149.337  15.196  84.216 151.692  16.836  83.840 150.231  14.217  83.194 148.370
  14.385  84.307 152.253  15.564  84.189 151.504  14.331  83.428 149.366  13.306
  83.523 147.972  13.124  84.440 153.701  15.142  84.384 152.338  13.172  84.527
 154.822  14.268  84.466 153.568  13.607  84.422 150.337  18.343  85.358 155.924
  13.982  85.574 156.588  12.668  85.683 156.820  14.927  85.326 156.073  11.564
  86.043 157.929  12.741  86.040 157.928  15.022  86.336 158.712  13.886  86.777
 159.847  13.846  86.278 158.423  11.888  82.242 148.452  13.052  80.999 148.325
  12.364  80.476 147.157  11.528  79.951 149.228  12.642  79.328 147.248  11.032
  78.786 149.068  12.189  78.538 148.010  11.630
  82.868 148.591  17.227  83.418 149.465  16.669  83.782 150.550  17.376  83.654
 149.267  15.234  84.337 151.662  16.817  84.049 150.040  14.294  83.463 148.222
  14.438  84.537 152.152  15.593  84.428 151.366  14.347  83.789 149.133  13.314
  83.792 147.793  13.171  84.616 153.607  15.165  84.603 152.250  13.170  84.582
 154.737  14.343  84.641 153.464  13.661  83.704 150.521  18.386  85.268 155.972
  14.096  85.572 156.515  12.719  85.676 156.906  14.969  85.463 155.873  11.693
  86.166 157.889  12.655  86.083 157.969  14.951  86.372 158.799  13.701  86.717
 159.944  13.678  86.400 158.238  11.733  82.527 148.201  13.036  81.288 147.987
  12.442  80.736 146.689  12.200  80.386 149.048  12.176  79.698 146.658  11.492
  79.300 148.812  11.626  78.940 147.640  11.357
  82.499 148.514  17.174  82.988 149.522  16.682  83.349 150.650  17.443  83.264
 149.496  15.215  83.612 151.799  16.859  83.623 150.319  14.296  83.099 148.446
  14.437  83.817 152.514  15.634  83.942 151.671  14.416  83.637 149.358  13.354
  83.773 147.971  13.282  83.905 153.907  15.095  84.251 152.460  13.197  84.051
 154.970  14.258  84.131 153.678  13.633  83.163 150.697  18.438  84.721 156.223
  14.070  85.224 156.720  12.776  85.021 157.204  14.946  85.244 156.013  11.762
  85.818 158.030  12.709  85.430 158.328  14.933  85.920 159.091  13.772  86.402
 160.225  13.659  86.045 158.363  11.779  82.493 148.306  12.853  81.384 147.694
  12.227  81.005 146.340  12.271  80.335 148.574  11.755  79.957 145.964  11.731
  79.300 148.074  11.330  79.033 146.846  11.556
  82.484 148.842  17.808  82.745 149.770  17.048  82.652 151.018  17.642  83.186
 149.589  15.636  83.025 152.166  17.014  83.572 150.332  14.644  83.263 148.424
  14.949  83.437 152.605  15.749  83.685 151.647  14.631  83.691 149.320  13.811
  83.931 147.941  13.847  83.760 153.992  15.214  84.047 152.444  13.420  83.873
 154.980  14.254  84.138 153.674  13.811  82.444 151.110  18.630  84.656 156.148
  14.134  85.120 156.749  12.854  84.919 156.986  15.127  85.086 156.157  11.759
  85.615 158.168  12.901  85.430 158.032  15.185  85.706 158.988  14.059  86.022
 160.150  14.138  85.879 158.583  12.015  82.603 148.050  13.550  81.572 147.952
  12.529  81.018 146.641  12.132  80.682 148.980  12.022  80.102 146.548  11.339
  79.742 148.750  11.298  79.481 147.556  10.973
  81.789 149.192  17.742  82.437 150.089  17.185  82.387 151.409  17.726  83.071
 149.826  15.860  83.053 152.447  17.180  83.677 150.551  14.897  83.233 148.640
  15.293  83.496 152.842  15.918  83.841 151.885  14.828  83.968 149.458  14.220
  84.123 148.068  14.441  83.807 154.180  15.253  84.509 152.536  13.710  84.209
 155.202  14.339  84.444 153.839  13.966  81.804 151.575  18.538  85.058 156.303
  14.245  85.901 156.640  13.079  84.874 157.361  14.981  86.103 155.853  12.186
  86.401 157.962  13.025  85.268 158.476  14.960  86.145 159.076  13.916  86.468
 160.247  13.732  86.841 158.231  12.152  82.888 148.257  13.791  81.950 147.925
  12.736  82.153 146.877  11.777  80.730 148.544  12.578  81.239 146.542  11.038
  79.969 148.200  11.682  80.135 147.056  11.170
  81.660 149.424  17.961  81.994 150.197  17.097  81.726 151.511  17.355  82.729
 149.733  15.873  82.041 152.521  16.564  83.253 150.409  14.856  82.948 148.545
  15.381  82.788 152.787  15.502  83.420 151.777  14.573  83.648 149.255  14.343
  83.999 147.971  14.633  83.194 154.081  14.854  84.094 152.407  13.390  83.728
 155.002  13.943  83.928 153.656  13.637  81.369 151.719  18.280  84.687 155.951
  14.013  85.079 156.712  12.815  84.862 156.781  15.038  84.846 156.249  11.720
  85.633 158.042  13.017  85.294 157.885  15.162  85.808 158.761  14.173  86.344
 159.861  14.281  85.911 158.573  12.199  82.882 147.889  13.867  82.186 147.005
  13.001  82.611 145.745  12.495  81.121 147.483  12.238  82.145 145.232  11.486
  80.736 146.949  11.188  81.299 145.862  10.869
  81.747 148.910  17.469  82.231 149.880  16.974  82.013 151.168  17.499  83.030
 149.612  15.726  82.383 152.283  16.832  83.578 150.326  14.771  83.299 148.419
  15.123  83.053 152.660  15.669  83.641 151.615  14.692  83.931 149.229  14.053
  84.247 147.905  14.304  83.314 153.995  14.983  84.160 152.344  13.534  83.692
 154.948  14.036  84.029 153.583  13.779  81.627 151.280  18.429  84.608 156.056
  13.997  85.138 156.603  12.751  84.823 156.973  14.966  85.006 156.114  11.647
  85.744 157.957  12.751  85.295 158.070  14.970  85.919 158.895  13.886  86.513
 159.970  13.937  86.125 158.231  11.853  82.943 147.939  13.734  81.896 147.365
  12.961  81.680 145.968  12.736  80.764 148.126  12.544  80.584 145.523  12.384
  79.680 147.589  12.319  79.613 146.372  12.445
  81.976 148.826  17.685  82.590 149.655  17.061  82.744 150.940  17.664  83.088
 149.358  15.654  83.313 151.983  17.089  83.536 150.099  14.643  82.836 148.342
  14.936  83.767 152.406  15.843  83.844 151.411  14.660  83.388 149.028  13.804
  83.434 147.692  13.845  83.866 153.776  15.224  84.310 152.153  13.496  84.004
 154.739  14.197  84.221 153.412  13.816  82.432 151.009  18.625  84.759 155.951
  14.023  85.122 156.580  12.752  84.839 156.844  14.992  85.102 156.003  11.644
  85.521 157.960  12.796  85.146 157.983  15.021  85.627 158.833  13.937  86.083
 159.986  13.928  85.751 158.335  11.883  82.182 148.053  13.411  81.036 147.691
  12.599  81.039 146.506  11.777  79.926 148.488  12.491  80.019 146.263  11.098
  78.958 148.153  11.758  79.131 147.145  11.018
  81.780 148.720  17.731  82.228 149.608  17.089  82.313 150.830  17.644  82.709
 149.330  15.696  82.676 151.912  16.927  83.265 150.007  14.688  82.671 148.138
  15.044  83.343 152.267  15.805  83.615 151.273  14.684  83.306 148.922  13.940
  83.314 147.565  13.977  83.745 153.544  15.209  84.288 151.908  13.587  84.080
 154.517  14.299  84.214 153.150  13.822  81.839 150.910  18.536  84.989 155.579
  14.168  85.415 156.111  12.823  85.159 156.535  15.033  85.384 155.434  11.837
  85.898 157.492  12.741  85.539 157.658  15.019  85.973 158.416  13.853  86.369
 159.565  13.835  86.191 157.847  11.838  82.029 147.844  13.595  81.048 147.610
  12.602  80.859 146.392  11.933  80.011 148.589  12.251  79.934 146.242  11.093
  79.162 148.332  11.399  79.196 147.232  10.823
  81.764 148.870  18.079  82.199 149.784  17.379  82.343 151.012  17.984  82.683
 149.476  16.002  82.844 152.094  17.322  83.291 150.095  14.972  82.750 148.226
  15.405  83.356 152.402  16.074  83.643 151.421  14.934  83.397 148.986  14.301
  83.562 147.619  14.473  84.181 153.646  15.627  84.338 152.092  13.825  85.066
 154.494  14.952  84.706 153.195  14.342  81.757 151.190  18.791  85.035 155.791
  14.520  85.647 156.305  13.225  85.027 156.792  15.324  86.141 155.609  12.345
  85.812 157.754  13.106  85.359 157.951  15.327  85.669 158.732  14.178  85.911
 159.915  13.944  86.072 158.139  12.205  82.331 147.917  13.917  81.240 147.532
  13.022  80.952 146.205  12.481  80.152 148.449  12.738  79.881 146.012  11.974
  79.073 148.026  12.268  79.030 146.898  11.839
  82.156 149.078  18.824  82.488 149.883  17.948  82.750 151.185  18.409  82.625
 149.549  16.547  83.350 152.130  17.667  83.092 150.098  15.448  82.381 148.369
  16.057  83.741 152.365  16.418  83.660 151.355  15.297  82.841 149.030  14.784
  82.905 147.690  14.969  84.307 153.578  15.782  84.233 151.962  14.051  84.900
 154.462  14.854  84.552 153.132  14.395  82.302 151.542  19.244  85.068 155.787
  14.547  85.222 156.385  13.251  85.462 156.709  15.404  85.058 155.576  12.324
  85.546 157.834  13.123  85.762 157.887  15.398  85.844 158.749  14.155  86.047
 159.947  14.101  85.285 158.212  12.220  81.590 148.029  14.648  80.483 148.051
  13.725  79.888 146.890  13.084  79.935 149.259  13.144  79.112 146.969  12.159
  79.054 149.161  12.291  78.600 148.089  11.984
  82.361 148.568  18.934  82.826 149.415  18.190  83.140 150.643  18.730  83.066
 149.080  16.753  83.552 151.708  18.048  83.502 149.741  15.703  82.726 147.943
  16.020  83.982 151.956  16.751  83.997 151.003  15.644  83.218 148.766  14.852
  82.963 147.374  14.810  84.590 153.211  16.216  84.520 151.681  14.445  85.187
 154.200  15.350  84.865 152.868  14.819  83.078 150.777  19.733  84.988 155.490
  14.811  85.497 155.971  13.467  85.014 156.553  15.532  85.714 155.250  12.560
  85.691 157.380  13.215  85.193 157.722  15.434  85.622 158.435  14.240  85.833
 159.599  14.086  86.125 157.634  12.336  81.811 148.010  14.634  80.580 148.067
  13.842  80.175 147.012  12.981  79.965 149.293  13.534  79.496 147.245  11.939
  79.250 149.369  12.576  79.143 148.410  11.754
  82.518 149.000  18.750  83.157 149.771  18.054  83.640 150.925  18.706  83.284
 149.515  16.549  84.290 151.841  18.030  83.828 150.156  15.494  82.766 148.578
  15.792  84.729 152.215  16.764  84.503 151.355  15.528  83.358 149.301  14.638
  83.099 147.980  14.595  85.555 153.316  16.171  84.984 152.036  14.259  86.167
 154.201  15.293  85.540 153.050  14.742  83.524 150.881  19.711  85.925 155.531
  14.758  86.267 155.979  13.492  85.876 156.572  15.593  86.463 155.223  12.554
  86.382 157.396  13.278  85.909 157.689  15.478  86.203 158.407  14.262  86.129
 159.653  14.097  86.597 157.735  12.348  81.965 148.676  14.366  80.760 148.634
  13.610  80.321 147.449  12.878  79.914 149.745  13.318  79.311 147.456  12.134
  78.924 149.675  12.535  78.614 148.499  12.104
  82.521 149.208  18.443  83.231 149.835  17.703  83.944 150.891  18.267  83.310
 149.537  16.225  84.639 151.741  17.597  83.923 150.026  15.199  82.800 148.483
  15.544  85.109 151.971  16.302  84.677 151.153  15.124  83.571 149.033  14.355
  83.187 147.697  14.454  85.721 153.209  15.734  85.135 151.794  13.890  86.285
 154.070  14.772  85.672 152.920  14.210  83.837 151.104  19.252  86.069 155.362
  14.365  86.435 155.963  12.995  85.769 156.288  15.220  86.908 155.271  12.074
  86.320 157.385  12.937  85.769 157.452  15.165  85.960 158.283  14.006  85.941
 159.456  13.887  86.656 157.799  12.076  82.091 148.390  14.088  80.849 148.385
  13.352  80.435 147.412  12.384  79.977 149.587  13.309  79.467 147.612  11.653
  79.131 149.677  12.426  78.731 148.613  11.905
  82.586 147.983  18.071  83.109 148.982  17.483  83.371 150.136  18.227  83.365
 148.906  16.013  83.794 151.264  17.663  83.843 149.734  15.015  83.029 147.959
  15.167  84.336 151.774  16.461  84.325 150.959  15.211  83.543 148.847  14.085
  83.380 147.491  13.922  84.879 153.106  16.061  84.875 151.750  14.081  85.526
 154.087  15.320  85.225 152.900  14.590  83.379 150.095  19.240  85.446 155.420
  14.970  85.995 155.967  13.778  85.297 156.363  15.813  86.451 155.239  12.942
  86.215 157.355  13.637  85.447 157.547  15.825  86.038 158.315  14.713  86.238
 159.536  14.653  86.628 157.622  12.751  82.140 148.043  13.882  80.872 148.203
  13.225  80.367 147.251  12.227  79.994 149.336  13.440  79.332 147.525  11.602
  78.984 149.395  12.724  78.597 148.370  12.138
  81.691 149.552  18.305  82.275 150.302  17.554  82.656 151.547  18.096  82.556
 149.899  16.119  83.606 152.306  17.488  83.197 150.436  15.088  82.141 148.788
  15.441  84.079 152.516  16.236  83.848 151.655  15.012  82.875 149.378  14.248
  82.659 148.043  14.403  84.950 153.627  15.635  84.539 152.139  13.795  85.646
 154.339  14.733  85.092 153.187  14.206  82.428 151.755  19.061  85.845 155.716
  14.345  86.620 156.289  13.230  85.456 156.679  15.095  87.274 155.639  12.447
  86.665 157.781  13.181  85.602 157.833  15.170  86.289 158.689  14.200  86.560
 159.860  14.133  87.138 158.244  12.414  81.488 148.540  14.101  80.254 148.332
  13.365  80.009 147.292  12.445  79.197 149.340  13.343  78.978 147.290  11.745
  78.289 149.194  12.525  78.385 148.367  11.604
  82.131 148.723  18.049  82.911 149.477  17.488  83.507 150.532  18.192  83.149
 149.249  16.031  84.235 151.504  17.613  83.556 150.025  15.054  82.751 148.263
  15.272  84.679 151.985  16.340  84.193 151.237  15.140  83.226 149.158  14.118
  82.998 147.749  13.998  85.439 153.160  15.766  84.614 151.987  13.883  86.117
 154.071  14.834  85.328 153.009  14.319  83.218 150.629  19.158  86.016 155.359
  14.415  86.673 155.965  13.159  85.795 156.412  15.175  87.239 155.271  12.330
  86.671 157.414  12.968  85.806 157.559  15.178  86.251 158.402  13.991  86.307
 159.659  13.832  86.883 157.779  12.047  81.850 148.418  13.919  80.442 148.497
  13.686  79.639 147.598  12.799  79.557 149.275  14.495  78.398 147.543  12.969
  78.331 149.084  14.521  77.837 148.318  13.761
  83.639 148.139  18.618  83.928 149.035  17.872  84.731 150.053  18.413  83.445
 148.995  16.502  85.054 151.143  17.787  83.774 149.732  15.457  82.621 148.202
  15.834  85.206 151.621  16.548  84.600 150.874  15.347  82.938 149.020  14.703
  82.545 147.670  14.591  85.872 152.801  15.866  84.923 151.515  14.101  86.386
 153.697  14.906  85.637 152.542  14.421  85.104 149.849  19.333  86.125 155.059
  14.614  86.516 155.749  13.396  85.801 155.985  15.515  86.882 155.155  12.375
  86.550 157.245  13.407  85.692 157.150  15.570  86.064 158.152  14.482  86.050
 159.341  14.363  86.964 157.621  12.562  81.492 148.545  14.708  80.227 148.916
  14.194  79.782 148.602  12.854  79.052 149.185  15.035  78.597 148.771  12.494
  77.919 149.301  14.568  77.826 149.284  13.317
  82.611 148.287  18.075  83.104 149.207  17.468  83.666 150.274  18.174  82.946
 149.174  16.041  84.251 151.234  17.495  83.290 149.798  14.930  82.211 148.283
  15.375  84.444 151.690  16.126  84.025 150.941  14.889  82.642 149.003  14.096
  82.190 147.728  14.136  85.333 152.742  15.631  84.484 151.688  13.690  86.040
 153.605  14.802  85.254 152.617  14.158  83.651 150.260  19.187  86.113 154.934
  14.446  86.792 155.660  13.314  85.516 155.868  15.088  87.228 154.948  12.399
  86.853 157.102  13.217  85.555 157.101  15.076  86.273 158.034  14.158  86.272
 159.240  14.031  87.325 157.536  12.433  81.115 148.550  14.271  79.765 148.756
  13.995  79.154 148.309  12.770  78.836 149.489  14.861  77.936 148.609  12.505
  77.612 149.545  14.563  77.245 148.896  13.511
  82.083 149.294  18.696  82.678 150.019  17.898  83.470 151.048  18.329  82.432
 149.699  16.406  84.145 151.929  17.540  82.836 150.303  15.229  81.890 148.659
  15.752  84.338 152.175  16.190  83.652 151.435  15.128  82.315 149.400  14.407
  81.975 148.078  14.441  85.201 153.192  15.515  83.991 152.072  13.809  85.877
 153.903  14.552  84.898 152.972  14.114  83.469 151.290  19.313  85.852 155.321
  14.211  86.465 155.890  13.061  85.533 156.288  14.976  86.740 155.209  12.068
  86.689 157.331  13.016  85.650 157.457  15.050  86.448 158.234  14.016  86.798
 159.389  14.028  87.155 157.691  12.192  80.825 148.814  14.457  79.530 149.067
  13.869  79.104 148.588  12.547  78.491 149.638  14.618  77.872 148.425  12.350
  77.307 149.411  14.313  77.064 148.975  13.167
  81.779 149.046  17.876  82.456 149.800  17.200  83.242 150.778  17.882  82.446
 149.580  15.743  83.926 151.691  17.223  82.768 150.343  14.695  81.778 148.584
  15.083  84.155 152.100  15.965  83.567 151.446  14.740  82.126 149.568  13.831
  81.831 148.188  13.745  84.988 153.253  15.428  84.081 152.112  13.560  85.671
 154.092  14.594  84.802 153.111  14.002  83.260 150.864  18.892  85.743 155.503
  14.318  86.383 156.214  13.129  85.475 156.481  15.220  86.715 155.662  12.165
  86.638 157.682  13.241  85.615 157.650  15.267  86.222 158.564  14.310  86.400
 159.741  14.297  87.073 158.084  12.419  80.667 148.892  13.977  79.251 148.812
  14.008  78.446 148.251  12.927  78.438 149.383  15.039  77.248 148.095  13.156
  77.205 149.299  15.020  76.699 148.849  13.984
  82.532 148.860  18.766  82.920 149.580  17.894  83.694 150.709  18.283  82.614
 149.381  16.462  84.124 151.701  17.532  82.905 150.061  15.317  81.799 148.454
  15.939  84.129 152.048  16.216  83.610 151.197  15.092  82.159 149.214  14.648
  81.794 147.847  14.693  84.772 153.183  15.538  83.880 151.858  13.809  85.282
 154.056  14.558  84.609 152.867  14.088  83.913 150.767  19.271  85.175 155.348
  14.152  85.886 155.890  12.962  85.003 156.418  14.893  86.340 155.029  12.218
  86.206 157.298  12.807  85.231 157.588  14.898  85.912 158.365  13.722  86.100
 159.566  13.576  86.732 157.518  11.970  80.673 148.626  14.737  79.295 148.738
  14.349  78.758 148.469  13.042  78.296 149.276  15.252  77.582 148.699  12.767
  77.151 149.494  14.850  76.866 149.231  13.623
  81.729 149.151  19.178  82.429 149.809  18.459  83.224 150.897  18.790  82.308
 149.361  17.018  83.967 151.567  17.966  82.804 149.698  15.870  81.554 148.386
  16.531  84.306 151.585  16.610  83.651 150.764  15.508  82.104 148.801  15.252
  81.440 147.596  15.424  85.210 152.446  15.766  84.155 151.166  14.102  85.990
 153.091  14.803  85.046 152.046  14.413  83.239 151.132  19.776  86.124 154.397
  14.341  86.748 154.769  13.018  85.575 155.475  14.862  87.301 154.025  12.237
  86.825 156.278  12.740  85.555 156.589  14.579  86.222 157.391  13.457  86.482
 158.564  13.230  87.266 156.622  11.895  80.451 148.524  15.342  79.106 148.747
  15.021  78.372 147.897  14.102  78.234 149.718  15.665  77.157 148.041  13.955
  77.065 149.797  15.365  76.553 148.834  14.746
  82.034 149.093  18.953  82.526 149.728  18.002  83.372 150.757  18.507  82.211
 149.420  16.508  84.170 151.423  17.671  82.650 149.909  15.375  81.285 148.605
  15.957  84.302 151.711  16.278  83.557 150.985  15.167  81.917 149.106  14.629
  81.194 147.865  14.825  85.203 152.687  15.517  84.010 151.442  13.852  85.876
 153.330  14.460  84.908 152.337  14.079  83.413 150.929  19.505  85.879 154.620
  13.866  86.655 155.015  12.677  85.622 155.727  14.504  86.971 154.100  11.881
  87.024 156.358  12.435  85.945 156.836  14.364  86.689 157.507  13.226  87.016
 158.675  12.998  87.588 156.497  11.605  80.291 148.903  14.710  78.918 149.234
  14.869  77.917 148.883  13.873  78.289 150.069  15.892  76.734 149.162  14.093
  77.076 150.330  15.954  76.403 150.062  14.957
  82.304 149.513  18.966  82.813 150.264  18.177  83.788 151.207  18.575  82.455
 150.037  16.769  84.419 151.959  17.711  82.826 150.405  15.612  81.617 149.095
  16.329  84.543 152.070  16.396  83.782 151.323  15.386  82.097 149.547  14.945
  81.678 148.279  15.267  85.358 153.076  15.601  84.140 151.811  14.014  86.011
 153.714  14.512  85.009 152.780  14.187  83.927 151.392  19.562  86.082 155.103
  14.102  86.735 155.546  12.886  85.616 156.183  14.702  87.125 154.675  12.106
  86.885 157.055  12.678  85.772 157.385  14.597  86.345 158.134  13.452  86.496
 159.306  13.196  87.451 157.333  11.885  80.586 149.022  15.151  79.236 149.070
  14.579  78.783 148.257  13.532  78.138 149.939  15.086  77.666 148.359  13.064
  77.027 149.911  14.579  76.790 149.020  13.668
  82.654 149.020  17.990  83.242 149.820  17.283  84.114 150.750  17.839  82.985
 149.649  15.877  84.765 151.527  17.085  83.388 150.247  14.778  82.260 148.721
  15.290  84.851 152.065  15.824  84.154 151.402  14.666  82.580 149.463  14.063
  82.167 148.107  14.125  85.656 153.161  15.201  84.431 152.156  13.468  86.261
 154.017  14.281  85.282 153.083  13.829  84.170 150.805  18.850  86.257 155.433
  14.010  86.682 156.224  12.799  85.914 156.340  14.875  87.019 155.602  11.829
  86.808 157.663  12.908  85.852 157.503  15.022  86.418 158.460  14.055  86.517
 159.704  13.960  87.099 158.233  12.123  81.103 149.010  14.134  79.682 149.221
  13.910  78.988 148.518  12.884  78.823 150.013  14.784  77.806 148.796  12.683
  77.626 150.087  14.521  77.179 149.384  13.571
  81.861 149.141  18.153  82.619 149.759  17.409  83.318 150.867  17.946  82.657
 149.413  15.951  84.148 151.676  17.208  83.326 149.852  14.929  82.020 148.484
  15.308  84.488 151.899  15.923  84.117 150.983  14.819  82.813 148.929  14.137
  82.244 147.684  14.218  85.480 152.920  15.320  84.700 151.489  13.555  86.200
 153.666  14.347  85.428 152.537  13.815  83.149 151.152  18.904  86.231 155.080
  14.058  86.769 155.718  12.858  85.938 155.992  14.957  86.989 155.136  11.777
  86.922 157.199  12.927  86.089 157.156  15.017  86.746 158.067  14.004  87.028
 159.202  14.043  87.371 157.573  12.099  81.252 148.529  13.878  79.857 148.754
  13.626  79.284 148.463  12.319  78.828 148.979  14.655  78.060 148.660  12.166
  77.645 149.206  14.290  77.292 148.920  13.160
  82.295 148.589  18.112  82.824 149.466  17.386  83.618 150.403  18.010  82.572
 149.404  15.905  84.262 151.300  17.273  82.986 150.007  14.800  81.854 148.495
  15.250  84.504 151.662  15.949  83.817 151.075  14.745  82.354 149.113  14.028
  81.881 147.806  14.104  85.377 152.730  15.319  84.244 151.696  13.485  86.102
 153.430  14.385  85.124 152.561  13.838  83.923 150.298  18.970  86.355 154.823
  14.034  87.103 155.343  12.849  85.795 155.881  14.586  87.587 154.484  12.081
  87.188 156.761  12.603  85.836 157.059  14.451  86.580 157.838  13.408  86.660
 159.028  13.246  87.795 157.052  11.846  80.714 148.559  14.191  79.495 148.916
  13.499  79.128 148.479  12.209  78.443 149.716  14.150  77.949 148.440  11.963
  77.353 149.892  13.526  77.074 149.115  12.630
  82.609 148.663  18.565  83.159 149.431  17.793  83.849 150.503  18.438  83.002
 149.269  16.313  84.591 151.338  17.785  83.505 149.911  15.255  82.306 148.335
  15.610  84.909 151.699  16.491  84.377 150.952  15.281  82.786 149.124  14.427
  82.249 147.848  14.316  85.747 152.833  15.896  84.969 151.558  14.038  86.296
 153.730  14.983  85.647 152.600  14.467  83.716 150.643  19.433  86.041 155.032
  14.447  86.854 155.609  13.460  85.432 156.020  15.067  87.504 154.933  12.736
  86.831 157.091  13.256  85.409 157.224  15.065  86.106 158.046  14.053  86.244
 159.256  13.963  87.398 157.485  12.515  81.241 148.727  14.356  79.826 149.064
  14.284  78.844 148.460  13.449  79.328 150.139  15.089  77.750 148.942  13.402
  78.183 150.567  14.916  77.477 149.954  14.081
  83.970 148.712  18.872  84.189 149.622  18.057  84.870 150.747  18.435  83.631
 149.472  16.658  85.349 151.676  17.572  83.680 150.210  15.542  82.802 148.502
  16.124  85.320 152.026  16.231  84.402 151.310  15.288  82.894 149.397  14.868
  82.625 148.059  14.896  85.952 153.125  15.286  84.344 151.966  13.946  86.147
 153.952  14.200  85.240 152.889  14.012  85.154 150.708  19.407  85.812 155.293
  13.923  86.512 156.113  12.867  85.454 156.157  14.774  87.148 155.594  11.955
  86.421 157.542  12.913  85.393 157.312  14.937  85.880 158.323  13.939  85.919
 159.577  14.010  86.907 158.020  12.164  81.470 148.765  15.166  80.120 149.068
  14.800  79.374 148.057  14.212  79.283 150.266  14.979  78.229 148.166  13.889
  78.110 150.237  14.730  77.628 149.209  14.220
  83.269 148.828  18.819  83.569 149.693  17.969  84.327 150.743  18.497  83.372
 149.439  16.577  84.658 151.782  17.736  83.594 150.059  15.453  82.829 148.396
  16.035  84.791 152.067  16.363  84.188 151.249  15.265  83.066 148.997  14.746
  83.090 147.667  14.932  85.423 153.297  15.679  84.559 151.873  13.984  85.890
 154.144  14.674  85.225 152.969  14.274  84.379 150.917  19.494  85.509 155.435
  14.222  85.819 156.037  12.902  85.432 156.521  15.033  86.137 155.344  12.000
  85.870 157.551  12.725  85.493 157.676  14.948  85.742 158.523  13.766  85.923
 159.683  13.641  86.029 157.909  11.791  81.788 148.095  14.846  80.590 148.081
  14.152  80.236 147.253  12.930  79.475 148.901  14.503  79.320 147.600  12.232
  78.528 148.999  13.753  78.410 148.235  12.806
  81.968 148.474  18.010  82.572 149.390  17.397  82.836 150.574  17.995  82.768
 149.185  15.875  83.435 151.569  17.405  83.401 149.915  14.919  82.518 148.060
  15.171  84.061 152.001  16.222  83.906 151.178  14.971  83.108 148.963  14.062
  82.989 147.581  13.970  84.909 153.215  15.823  84.527 151.916  13.844  85.658
 154.045  14.990  85.082 152.919  14.333  82.658 150.668  18.988  85.713 155.387
  14.656  85.950 155.898  13.346  85.630 156.386  15.432  86.320 155.181  12.435
  85.952 157.331  13.141  85.598 157.540  15.355  85.771 158.341  14.129  85.983
 159.541  13.954  86.246 157.625  12.217  81.814 148.191  13.659  80.461 148.174
  13.133  80.124 147.393  12.012  79.321 148.873  13.654  78.966 147.385  11.509
  78.237 148.789  13.036  78.018 147.824  12.219
  82.222 148.943  18.192  82.655 149.725  17.377  83.148 150.923  17.908  82.693
 149.428  15.895  83.788 151.881  17.299  83.108 150.121  14.867  82.109 148.557
  15.216  84.211 152.108  16.008  83.761 151.297  14.837  82.651 149.212  14.034
  82.329 147.890  14.042  84.912 153.307  15.384  84.252 151.935  13.594  85.592
 154.146  14.527  84.888 153.007  13.956  82.984 150.980  18.907  85.606 155.483
  14.094  86.410 155.882  12.936  85.235 156.569  14.739  86.993 155.073  12.249
  86.506 157.375  12.645  85.422 157.756  14.634  86.037 158.474  13.447  86.286
 159.654  13.258  87.075 157.671  11.860  81.148 148.525  14.007  79.894 148.674
  13.269  79.551 147.760  12.258  78.784 149.502  13.622  78.476 147.755  11.630
  77.752 149.498  12.932  77.648 148.642  12.024
  82.529 149.561  18.635  83.277 150.183  17.853  84.255 151.089  18.271  83.103
 149.886  16.339  84.984 151.752  17.369  83.651 150.243  15.130  82.404 148.857
  15.794  85.163 152.026  16.033  84.514 151.243  14.887  82.887 149.321  14.476
  82.411 148.066  14.696  85.783 153.177  15.271  84.825 151.786  13.563  86.261
 153.984  14.256  85.477 152.854  13.847  84.337 151.245  19.269  86.198 155.355
  13.971  86.533 156.095  12.703  85.862 156.277  14.839  86.931 155.387  11.743
  86.334 157.484  12.564  85.712 157.450  14.760  85.962 158.361  13.641  86.061
 159.597  13.627  86.536 157.937  11.681  81.381 148.951  14.552  80.083 149.236
  14.102  79.710 148.850  12.714  78.890 149.757  14.773  78.550 149.113  12.286
  77.864 150.065  14.158  77.708 149.637  13.008
  82.924 149.191  18.587  83.478 149.969  17.868  84.255 150.958  18.550  83.494
 149.782  16.463  84.869 151.852  17.829  83.958 150.360  15.339  82.803 148.873
  15.803  85.076 152.274  16.511  84.609 151.522  15.298  83.310 149.447  14.538
  82.825 148.142  14.602  85.873 153.465  15.955  85.139 152.232  14.074  86.451
 154.409  15.106  85.785 153.311  14.521  83.986 151.175  19.502  86.348 155.733
  14.714  86.879 156.315  13.473  85.918 156.733  15.449  87.392 155.652  12.595
  86.768 157.785  13.389  85.918 157.920  15.480  86.323 158.797  14.335  86.406
 160.008  14.180  87.240 158.190  12.589  81.701 148.903  14.675  80.459 149.277
  14.128  79.737 148.579  13.096  79.747 150.455  14.590  78.582 148.875  12.912
  78.566 150.655  14.197  78.105 149.911  13.309
  83.223 148.394  18.144  83.620 149.315  17.503  84.401 150.340  18.030  83.242
 149.272  16.040  84.787 151.319  17.332  83.570 149.929  14.940  82.540 148.298
  15.426  85.028 151.697  16.051  84.265 151.089  14.909  82.832 149.105  14.144
  82.366 147.759  14.186  85.811 152.830  15.365  84.580 151.819  13.651  86.349
 153.731  14.407  85.429 152.755  13.976  84.818 150.300  18.953  86.238 155.088
  14.161  86.456 155.786  12.902  86.111 156.033  15.110  86.715 155.112  11.944
  86.423 157.243  12.835  86.216 157.209  15.136  86.394 158.100  13.997  86.500
 159.345  13.918  86.474 157.611  11.892  81.376 148.648  14.395  80.071 149.125
  14.101  79.468 149.050  12.847  79.294 149.851  15.089  78.359 149.609  12.683
  78.186 150.287  14.815  77.754 150.154  13.651
  83.008 148.656  18.537  83.732 149.288  17.787  84.714 150.203  18.223  83.463
 149.064  16.363  85.211 151.172  17.475  83.672 149.886  15.298  82.740 148.178
  15.680  85.115 151.726  16.214  84.291 151.091  15.190  83.020 149.105  14.462
  82.771 147.695  14.392  85.765 152.929  15.573  84.451 151.877  13.894  86.088
 153.935  14.597  85.261 152.887  14.218  84.965 150.254  19.203  85.896 155.327
  14.339  86.577 155.988  13.194  85.802 156.262  15.235  87.007 155.269  12.331
  86.779 157.451  13.236  86.072 157.433  15.365  86.752 158.293  14.354  86.995
 159.505  14.376  87.016 157.934  12.378  81.577 148.356  14.532  80.265 148.513
  14.076  79.787 147.934  12.758  79.226 149.277  14.638  78.635 148.135  12.372
  78.140 149.452  14.114  77.823 148.770  13.083
  82.020 148.909  18.282  82.755 149.525  17.558  83.489 150.561  18.234  82.946
 149.232  16.063  84.360 151.318  17.567  83.658 149.730  15.045  82.445 148.156
  15.469  84.745 151.606  16.295  84.442 150.845  15.059  83.160 148.725  14.281
  82.765 147.419  14.378  85.652 152.702  15.723  85.164 151.385  13.831  86.458
 153.548  14.964  85.809 152.390  14.286  83.443 150.602  19.246  86.464 154.922
  14.492  86.724 155.374  13.109  86.287 155.963  15.231  86.988 154.602  12.187
  86.642 156.808  12.835  86.341 157.164  15.078  86.547 157.866  13.804  86.575
 159.038  13.547  86.778 157.163  11.896  81.684 148.218  14.005  80.306 148.414
  13.565  79.764 148.156  12.257  79.241 149.017  14.421  78.568 148.195  12.007
  78.084 148.983  14.067  77.806 148.697  12.875
  82.257 149.175  18.448  82.917 149.872  17.693  83.736 150.912  18.258  82.891
 149.568  16.237  84.618 151.687  17.616  83.484 150.057  15.217  82.284 148.553
  15.590  84.915 151.964  16.305  84.308 151.146  15.152  82.891 149.225  14.353
  82.472 147.878  14.356  85.748 152.991  15.590  84.758 151.739  13.867  86.339
 153.843  14.559  85.522 152.723  14.167  83.648 151.054  19.257  86.193 155.233
  14.248  86.361 155.953  12.964  86.164 156.161  15.191  86.530 155.345  11.941
  86.514 157.381  13.030  86.287 157.332  15.240  86.566 158.260  14.167  86.681
 159.501  14.105  86.732 157.698  12.092  81.304 148.662  14.370  80.051 148.713
  13.697  79.757 147.863  12.583  78.947 149.480  14.123  78.667 147.923  12.021
  77.859 149.384  13.538  77.770 148.619  12.561
  83.177 148.603  18.182  83.596 149.432  17.460  84.358 150.440  17.986  83.183
 149.422  15.989  84.939 151.366  17.214  83.357 150.203  14.930  82.263 148.650
  15.369  85.003 151.830  15.986  84.140 151.283  14.861  82.568 149.549  14.121
  82.112 148.218  14.042  85.743 152.916  15.368  84.319 152.067  13.612  86.274
 153.818  14.430  85.238 152.892  13.907  84.596 150.291  18.959  86.234 155.164
  14.250  86.454 155.845  12.979  86.089 156.060  15.183  86.724 155.139  12.019
  86.588 157.333  12.957  86.203 157.247  15.229  86.480 158.215  14.053  86.620
 159.449  13.998  86.713 157.728  12.032  81.018 149.013  14.397  79.594 149.196
  14.509  78.729 148.822  13.472  78.963 150.001  15.560  77.531 149.071  13.507
  77.723 150.278  15.414  77.112 149.708  14.490
  83.926 148.296  17.492  84.170 149.309  16.874  85.271 150.123  17.241  83.357
 149.579  15.644  85.560 151.274  16.562  83.276 150.529  14.632  82.346 148.845
  15.102  85.248 151.959  15.357  84.106 151.582  14.459  82.332 149.853  13.980
  81.829 148.604  13.850  85.825 153.248  14.769  84.093 152.482  13.330  86.085
 154.206  13.869  85.012 153.336  13.475  85.874 149.869  18.015  86.084 155.652
  13.755  85.877 156.431  12.496  86.594 156.488  14.633  85.546 155.895  11.425
  86.222 157.849  12.542  86.841 157.652  14.689  86.709 158.641  13.598  86.950
 159.841  13.539  85.991 158.410  11.731  80.885 149.246  14.559  79.550 149.627
  14.692  78.456 148.949  13.940  79.080 150.572  15.645  77.293 149.246  14.255
  77.901 150.735  15.796  77.083 150.069  15.188
  83.836 148.821  18.016  84.259 149.558  17.104  85.282 150.391  17.494  83.773
 149.417  15.717  85.825 151.169  16.638  83.935 150.043  14.520  82.814 148.535
  15.260  85.709 151.664  15.314  84.822 151.045  14.295  82.961 149.287  13.903
  82.524 147.992  14.006  86.272 152.865  14.565  84.826 151.806  13.004  86.471
 153.822  13.561  85.664 152.757  13.215  85.665 150.387  18.432  86.189 155.174
  13.419  86.292 155.944  12.146  86.109 155.995  14.446  86.451 155.434  11.090
  86.354 157.422  12.259  86.017 157.170  14.576  86.157 158.208  13.538  86.308
 159.411  13.597  86.461 157.933  11.391  81.470 148.771  14.345  80.069 148.934
  14.521  79.198 149.541  13.558  79.411 148.825  15.787  78.104 149.971  13.889
  78.377 149.493  16.031  77.706 150.022  15.063
  84.477 147.782  17.554  84.399 148.832  16.976  85.133 149.842  17.450  83.669
 148.958  15.654  85.336 151.041  16.858  83.759 149.856  14.694  82.830 148.170
  15.083  85.220 151.613  15.749  84.441 151.024  14.589  82.873 149.184  13.938
  82.573 147.850  13.756  85.648 152.933  15.197  84.505 151.885  13.397  85.992
 153.966  14.334  85.216 152.880  13.843  85.612 149.607  18.311  85.826 155.317
  14.061  86.277 155.890  12.736  85.667 156.291  14.859  86.288 155.210  11.686
  86.587 157.303  12.684  85.846 157.437  14.822  86.362 158.259  13.687  86.621
 159.399  13.618  86.708 157.677  11.751  81.503 148.465  14.271  80.076 148.398
  14.601  78.978 148.830  13.701  79.552 147.519  15.632  77.868 148.213  13.739
  78.413 147.046  15.617  77.613 147.597  14.810
