#Frame       SA_00001
       1     493.9522
       2     487.3003
       3     489.6354
       4     492.8451
       5     485.0774
       6     492.7396
       7     483.7683
       8     493.9645
       9     487.6346
      10     494.8590
      11     500.1203
      12     490.5209
      13     494.3845
      14     492.9007
      15     483.4497
      16     493.5826
      17     488.6578
      18     491.4745
      19     483.5547
      20     476.1986
      21     483.2222
      22     476.9832
      23     495.2070
      24     487.0054
      25     491.6886
      26     481.2648
      27     483.3414
      28     489.7095
      29     496.6272
      30     498.9054
      31     486.1602
      32     483.5951
      33     487.4791
      34     483.3191
      35     483.3051
      36     484.5719
      37     485.0620
      38     484.3421
      39     487.7221
      40     500.6662
      41     485.2744
      42     482.3202
      43     482.9264
      44     485.5183
      45     488.1409
      46     492.1578
      47     498.0412
      48     487.8477
      49     487.2253
      50     486.8949
