#Frame       SA_00001
       1   20843.7764
       2   22275.8154
       3   22989.1193
       4   23258.3365
       5   23445.8083
       6   23349.8074
       7   23305.4464
       8   23462.9596
       9   23727.7347
      10   23619.2203
      11   23929.2730
      12   23937.9106
      13   23313.3003
      14   23294.5424
      15   23506.0652
      16   23138.1546
      17   23461.4933
      18   23626.8617
      19   23628.0723
      20   23577.4714
      21   23293.5342
      22   23677.1541
      23   24253.3982
      24   24423.5834
      25   24395.7576
      26   24408.0475
      27   24662.1827
      28   24415.4116
      29   23855.7249
      30   23893.5414
      31   24131.1347
      32   24088.3291
      33   24406.8066
      34   24520.7541
      35   24933.8003
      36   24740.1532
      37   24787.0232
      38   24888.3291
      39   24632.3556
      40   24835.8289
      41   24896.5102
      42   24865.2379
      43   24937.0520
      44   24997.6828
      45   25278.7786
      46   25116.2478
      47   24573.9824
      48   24255.5978
      49   24635.8374
      50   24623.3621
