#Frame       SA_00001
       1   21013.2620
       2   22418.2436
       3   23135.1570
       4   23009.9645
       5   22880.7290
       6   22595.2832
       7   22835.2453
       8   23321.3943
       9   23626.6866
      10   23584.8884
      11   23413.9788
      12   23572.3980
      13   23581.7802
      14   23681.8228
      15   24012.6400
      16   24012.1915
      17   24002.0757
      18   24020.0488
      19   24401.6177
      20   24128.0599
      21   24279.2345
      22   24407.3083
      23   24295.0837
      24   24368.1781
      25   24151.5202
      26   23847.4803
      27   23896.2112
      28   24076.8023
      29   23895.4788
      30   24186.7924
      31   24483.4205
      32   24556.9038
      33   24713.4269
      34   24451.4020
      35   24560.7657
      36   24192.6877
      37   24238.4655
      38   23688.7470
      39   23931.4841
      40   23517.6998
      41   23651.7988
      42   23927.1035
      43   24158.1658
      44   24217.1407
      45   24160.3834
      46   24095.3589
      47   24348.3863
      48   24433.1681
      49   24276.7413
      50   24248.1353
