#Frame       SA_00001
       1   21043.4985
       2   22289.0293
       3   22995.6661
       4   22876.2176
       5   22928.9908
       6   22622.8918
       7   23168.8282
       8   23434.5235
       9   23787.2847
      10   23530.5654
      11   23638.1877
      12   23569.6341
      13   23553.0781
      14   23748.7839
      15   23822.1530
      16   23991.8318
      17   23967.4658
      18   24308.4204
      19   24472.2642
      20   24499.9831
      21   24644.2449
      22   24510.2900
      23   24437.7811
      24   24460.7199
      25   24396.2869
      26   23976.2639
      27   23865.8271
      28   23966.7653
      29   23761.8040
      30   23783.9479
      31   24469.6980
      32   24770.0501
      33   24815.8091
      34   24514.1763
      35   24616.2620
      36   24472.2381
      37   24506.6179
      38   24186.8232
      39   24691.3816
      40   24465.5837
      41   24513.7826
      42   24640.1324
      43   24450.9482
      44   24575.5065
      45   24482.7133
      46   24759.7222
      47   24703.3001
      48   24515.0652
      49   24318.5972
      50   23904.1172
