Cpptraj Generated trajectory                                                    
  84.934 154.125  13.406  84.157 153.287  14.231  85.961 153.677  12.573  84.546
 151.930  14.302  86.056 152.391  12.893  85.664 151.444  13.480  84.759 155.984
  11.036  84.793 156.409  12.190  84.649 155.507  13.382  85.030 157.846  12.462
  84.768 156.229  14.437  84.995 158.544  13.800  84.861 157.364  14.676  85.168
 159.755  14.080  85.261 158.405  11.649  83.076 153.762  14.941  81.856 153.710
  14.448  86.837 154.238  11.649  87.697 153.563  10.965  83.899 150.946  15.091
  83.024 149.962  15.364  81.791 150.225  16.102  83.975 149.912  16.313  81.716
 150.307  17.515  84.407 149.756  17.484  82.142 150.109  18.827  83.357 149.936
  18.162  81.838 149.244  19.274  80.530 150.530  15.438  80.493 150.419  14.202
  79.385 151.087  15.904  79.558 151.160  16.858
  85.165 153.968  13.628  84.364 153.108  14.463  86.230 153.573  12.819  84.739
 151.752  14.373  86.237 152.278  12.935  85.756 151.280  13.455  84.470 155.761
  11.198  84.774 156.152  12.367  84.798 155.314  13.603  85.082 157.559  12.450
  84.972 156.104  14.584  85.383 158.267  13.707  85.149 157.251  14.793  85.795
 159.421  13.705  85.113 158.036  11.557  83.388 153.507  15.278  82.302 153.959
  14.677  87.193 154.375  12.106  87.731 153.836  10.999  84.160 150.722  15.125
  83.208 149.761  15.157  81.864 150.007  15.763  84.022 149.535  16.228  81.565
 149.578  17.064  84.298 149.245  17.394  81.866 149.143  18.354  83.134 149.191
  17.865  81.571 148.184  18.537  80.781 150.731  15.068  80.909 150.872  13.942
  79.630 151.130  15.606  79.662 150.916  16.554
  85.688 153.778  13.387  84.966 152.983  14.238  86.588 153.309  12.488  85.293
 151.630  14.260  86.673 152.005  12.706  86.333 151.150  13.414  85.128 155.782
  11.227  85.273 156.174  12.321  85.436 155.224  13.469  85.269 157.600  12.612
  85.534 155.970  14.523  85.490 158.262  13.878  85.624 157.133  14.813  85.377
 159.466  14.102  85.099 158.187  11.803  83.981 153.429  15.128  82.865 153.852
  14.610  87.340 154.123  11.651  88.335 153.622  10.919  84.569 150.619  14.942
  83.489 149.788  14.890  82.300 150.127  15.686  84.405 149.188  15.705  82.102
 149.594  16.932  84.748 148.676  16.766  82.477 148.764  18.015  83.719 148.703
  17.366  82.020 147.854  17.965  81.152 150.898  15.244  81.071 151.318  14.097
  80.092 151.204  15.970  80.224 150.689  16.784
  85.414 154.272  13.321  84.577 153.367  14.002  86.406 153.872  12.462  84.950
 152.018  13.755  86.368 152.579  12.332  85.825 151.543  12.731  84.755 156.365
  11.474  85.033 156.714  12.618  85.157 155.625  13.627  85.236 158.044  13.010
  85.496 156.224  14.796  85.651 158.482  14.277  85.761 157.287  15.086  85.948
 159.668  14.516  85.265 158.782  12.317  83.556 153.751  14.813  82.468 154.337
  14.384  87.266 154.739  11.826  88.113 154.280  10.900  84.341 150.935  14.506
  83.372 149.911  14.636  82.275 149.996  15.658  84.440 149.472  15.306  82.469
 149.708  16.988  85.005 148.951  16.260  82.954 148.807  17.947  84.105 148.907
  17.119  82.450 147.921  17.921  80.923 150.507  15.315  80.749 150.601  14.132
  79.906 150.801  16.203  80.212 150.652  17.114
  85.519 154.433  13.162  84.623 153.591  13.925  86.411 153.835  12.216  84.945
 152.221  13.817  86.323 152.503  12.379  85.920 151.667  12.983  84.787 156.247
  11.043  85.036 156.691  12.118  85.302 155.801  13.249  85.178 158.174  12.307
  85.603 156.588  14.244  85.448 158.906  13.541  85.605 157.738  14.511  85.556
 160.115  13.787  84.960 158.743  11.498  83.608 154.052  14.709  82.710 154.845
  14.119  87.200 154.529  11.428  88.106 153.976  10.559  84.257 151.236  14.647
  83.461 150.085  14.638  82.183 150.201  15.383  84.383 149.892  15.542  81.999
 149.554  16.589  84.757 149.600  16.655  82.454 148.879  17.777  83.692 149.232
  17.226  82.248 147.886  17.670  81.166 151.112  15.035  81.149 151.751  13.974
  80.069 151.339  15.771  80.244 150.892  16.617
  85.373 154.351  13.360  84.613 153.561  14.167  86.207 153.899  12.444  84.887
 152.186  14.024  86.219 152.671  12.523  85.860 151.660  13.121  84.554 156.400
  11.348  84.973 156.717  12.503  85.293 155.708  13.530  85.349 158.105  12.830
  85.787 156.360  14.541  85.906 158.618  13.964  86.093 157.481  14.823  86.241
 159.758  14.136  85.196 158.744  12.058  83.632 154.050  15.064  82.527 154.573
  14.533  87.051 154.617  11.528  88.283 154.149  11.373  84.251 151.130  14.641
  83.046 150.432  14.850  82.134 150.793  15.986  84.070 149.673  15.353  82.363
 150.418  17.305  84.646 149.037  16.261  83.280 150.069  18.300  84.034 149.460
  17.252  82.858 149.355  18.894  80.905 151.463  15.739  80.642 151.702  14.565
  79.958 151.860  16.620  80.009 151.346  17.444
  85.798 154.044  13.402  84.980 153.297  14.261  86.654 153.495  12.514  85.005
 151.930  14.153  86.430 152.221  12.587  85.931 151.380  13.178  85.602 155.918
  11.201  85.709 156.355  12.280  85.739 155.487  13.440  85.715 157.789  12.424
  85.750 156.320  14.533  85.884 158.520  13.627  85.761 157.464  14.755  86.104
 159.724  13.697  85.759 158.320  11.562  84.080 153.833  15.154  83.097 154.477
  14.615  87.608 154.071  11.734  88.156 153.316  10.791  84.289 151.011  15.039
  83.260 150.169  15.204  82.205 150.653  16.073  84.292 149.783  16.015  82.130
 150.192  17.349  84.800 149.395  17.080  82.767 149.748  18.618  83.846 149.576
  17.835  82.256 148.905  18.878  81.086 151.370  15.657  81.091 151.701  14.440
  80.083 151.856  16.383  80.361 151.745  17.308
  85.802 154.354  12.981  84.929 153.571  13.789  86.750 153.850  12.144  85.195
 152.220  13.782  86.691 152.563  12.254  86.112 151.657  12.893  85.489 156.584
  10.987  85.830 156.864  12.134  85.735 155.797  13.159  86.213 158.296  12.496
  86.213 156.397  14.190  86.454 158.731  13.782  86.435 157.518  14.565  86.805
 159.851  14.084  86.033 158.992  11.783  83.947 154.073  14.601  82.876 154.532
  14.058  87.597 154.564  11.370  88.740 154.028  10.864  84.497 151.326  14.642
  83.473 150.462  14.796  82.431 150.635  15.786  84.586 149.940  15.374  82.644
 150.285  17.088  85.178 149.381  16.296  83.109 149.218  17.966  84.260 149.234
  17.144  82.538 148.400  17.756  81.109 151.171  15.583  80.867 151.502  14.434
  80.078 151.262  16.461  80.281 150.951  17.360
  86.072 154.266  13.099  85.207 153.377  13.869  87.040 153.754  12.287  85.431
 151.932  13.726  86.967 152.400  12.373  86.493 151.447  12.869  85.897 156.274
  10.943  86.017 156.608  12.133  85.986 155.692  13.201  86.075 157.954  12.449
  86.052 156.272  14.359  86.198 158.615  13.794  86.136 157.433  14.731  86.465
 159.794  13.965  86.000 158.561  11.641  84.240 153.806  14.701  83.190 154.433
  14.237  87.978 154.475  11.520  88.912 153.878  10.686  84.573 150.968  14.350
  83.388 150.242  14.361  82.479 150.519  15.468  84.364 149.414  14.875  82.703
 150.073  16.779  84.858 148.761  15.786  83.070 149.024  17.680  84.117 148.909
  16.757  82.463 148.219  17.527  81.262 151.317  15.357  80.948 151.742  14.270
  80.417 151.690  16.382  80.681 151.308  17.236
  85.478 154.831  13.144  84.596 153.975  13.852  86.544 154.270  12.402  84.945
 152.605  13.800  86.536 152.987  12.506  86.083 152.104  13.127  85.504 156.763
  10.973  85.657 157.181  12.143  85.414 156.275  13.277  86.029 158.523  12.457
  85.664 156.917  14.402  86.324 159.104  13.791  86.019 157.961  14.700  86.862
 160.193  13.994  86.048 159.164  11.673  83.468 154.393  14.540  82.566 155.246
  14.117  87.668 154.980  11.834  88.692 154.360  11.259  84.156 151.558  14.407
  83.214 150.568  14.234  82.112 150.435  15.173  84.297 150.030  14.898  82.126
 149.576  16.190  84.791 149.337  15.777  82.751 148.956  17.313  83.866 149.135
  16.523  82.513 148.036  17.682  80.876 151.193  15.033  80.752 151.969  14.111
  79.794 151.127  15.846  79.989 150.504  16.567
  85.816 154.474  13.693  84.802 153.717  14.274  86.867 153.901  12.952  84.932
 152.312  14.101  86.766 152.617  13.028  86.073 151.769  13.408  85.229 156.381
  11.507  85.580 156.819  12.606  85.829 155.867  13.749  85.800 158.247  12.827
  86.184 156.670  14.776  86.276 158.870  14.052  86.371 157.792  14.977  86.509
 160.026  14.073  85.657 158.920  12.083  83.750 154.301  14.848  82.831 154.712
  14.036  87.876 154.556  12.325  88.739 153.983  11.556  84.053 151.394  14.667
  82.877 150.703  14.683  81.965 150.654  15.794  83.886 149.814  15.059  82.148
 149.906  16.971  84.436 148.984  15.746  82.855 149.048  17.838  83.682 148.914
  16.737  82.315 148.199  18.000  80.611 151.305  15.784  80.384 151.916  14.730
  79.731 151.448  16.770  80.004 150.875  17.507
  85.895 154.666  13.565  85.018 153.830  14.389  87.015 154.163  12.887  85.313
 152.485  14.380  86.973 152.901  13.101  86.433 151.986  13.614  85.468 156.465
  11.331  85.771 156.920  12.408  85.616 156.016  13.612  86.087 158.374  12.555
  86.020 156.772  14.579  86.282 158.990  13.847  86.292 157.890  14.807  86.604
 160.146  13.965  86.029 158.958  11.729  84.017 154.362  15.162  82.941 154.718
  14.455  87.914 154.866  12.102  88.614 154.340  11.143  84.515 151.532  15.054
  83.457 150.662  14.964  82.277 150.609  15.860  84.449 150.033  15.664  82.193
 149.861  16.968  84.838 149.311  16.575  82.727 149.499  18.232  83.825 149.259
  17.356  82.360 148.607  18.563  81.066 151.362  15.593  80.979 151.971  14.522
  79.940 151.411  16.392  80.141 150.927  17.211
  85.439 154.743  13.291  84.505 153.949  14.002  86.547 154.218  12.628  84.753
 152.515  13.951  86.515 152.916  12.787  85.871 151.969  13.161  85.329 156.614
  11.073  85.479 156.993  12.208  85.087 156.091  13.233  86.027 158.331  12.504
  85.320 156.730  14.300  86.133 158.910  13.794  85.737 157.814  14.715  86.619
 160.033  13.944  86.480 158.745  11.698  83.387 154.353  14.739  82.274 154.477
  14.023  87.545 154.940  12.022  88.164 154.429  10.975  83.920 151.694  14.704
  83.261 150.486  14.854  81.944 150.513  15.539  84.224 150.489  15.828  81.823
 150.633  16.901  84.641 150.427  16.956  82.375 150.619  18.207  83.617 150.462
  17.614  82.102 149.881  18.855  80.674 150.490  14.903  80.634 150.211  13.702
  79.494 150.493  15.572  79.753 150.407  16.506
  85.857 154.238  13.398  85.069 153.752  14.521  86.460 153.344  12.493  85.017
 152.350  14.651  86.277 152.139  12.953  85.783 151.441  13.774  85.549 156.129
  10.909  85.800 156.581  11.996  86.009 155.716  13.226  85.948 158.015  12.160
  86.242 156.611  14.186  86.255 158.765  13.316  86.352 157.775  14.361  86.391
 159.996  13.338  85.856 158.629  11.360  84.408 154.639  15.383  83.261 155.096
  14.795  87.077 153.671  11.269  88.014 152.813  10.713  84.054 151.753  15.557
  83.268 150.698  15.809  81.840 150.848  15.946  83.846 151.005  17.018  81.253
 150.732  17.176  83.724 151.311  18.195  81.128 151.279  18.458  82.531 151.220
  18.437  80.734 150.710  19.206  80.899 150.968  14.903  81.326 151.498  13.934
  79.589 150.770  14.781  79.278 150.405  15.626
  85.469 154.405  13.496  84.707 153.602  14.367  86.576 153.929  12.812  85.160
 152.297  14.477  86.673 152.631  13.010  86.235 151.756  13.684  85.111 156.025
  11.028  85.282 156.513  12.083  85.214 155.740  13.355  85.688 157.916  12.162
  85.461 156.608  14.374  85.959 158.684  13.359  85.721 157.735  14.468  86.349
 159.831  13.422  85.962 158.336  11.281  83.542 153.862  15.035  82.557 154.517
  14.473  87.406 154.593  11.964  88.015 153.932  10.939  84.599 151.339  15.319
  83.909 150.227  15.505  82.423 150.163  15.439  84.254 150.697  16.743  81.627
 150.436  16.512  83.923 151.098  17.863  81.311 151.281  17.617  82.660 151.154
  17.824  80.626 150.805  18.203  81.788 150.080  14.176  82.445 149.764  13.224
  80.493 150.347  13.957  80.231 150.576  14.865
  85.715 153.896  13.298  84.831 153.314  14.197  86.566 153.205  12.530  84.941
 151.898  14.359  86.438 151.889  12.829  85.905 151.156  13.610  85.077 155.611
  10.975  85.473 156.139  12.023  85.561 155.349  13.258  85.730 157.582  12.112
  85.850 156.180  14.178  86.110 158.332  13.261  86.041 157.337  14.311  86.314
 159.541  13.329  85.754 157.948  11.168  83.863 154.000  14.912  82.729 154.262
  14.263  87.324 153.879  11.600  88.205 153.131  10.925  84.202 151.124  15.256
  83.687 149.970  15.543  82.336 149.632  15.171  83.685 150.689  16.680  81.262
 150.105  15.974  83.142 151.039  17.686  80.672 150.270  17.249  81.936 150.701
  17.522  80.507 149.336  17.623  81.993 148.749  14.023  82.909 148.126  13.530
  80.783 148.542  13.471  80.137 149.161  13.854
  85.664 153.943  13.565  84.993 153.117  14.512  86.563 153.436  12.579  85.403
 151.809  14.428  86.629 152.179  12.817  86.316 151.257  13.470  84.345 155.886
  11.515  84.917 156.212  12.555  85.463 155.361  13.577  85.074 157.643  12.766
  86.098 156.084  14.465  85.757 158.312  13.842  86.227 157.230  14.708  85.923
 159.505  13.915  84.684 158.314  12.114  84.155 153.623  15.457  82.929 153.968
  15.185  87.363 154.082  11.656  88.134 153.350  10.811  84.840 150.855  15.309
  84.170 149.734  15.471  82.897 149.567  14.777  83.918 150.443  16.582  81.694
 149.961  15.283  83.164 150.788  17.451  80.840 150.235  16.369  82.056 150.503
  17.028  80.298 149.407  16.614  82.756 149.010  13.475  83.771 148.462  12.930
  81.593 148.726  12.948  80.869 149.095  13.481
  85.913 154.258  14.266  84.974 153.526  15.001  87.020 153.712  13.721  85.317
 152.169  15.131  87.066 152.432  14.018  86.462 151.554  14.513  85.838 155.687
  11.767  85.881 156.408  12.781  85.778 155.660  14.060  85.983 157.888  12.834
  85.821 156.559  14.994  86.028 158.695  14.047  85.906 157.708  15.163  86.250
 159.877  14.060  86.098 158.309  11.920  83.764 154.059  15.528  82.865 154.356
  14.641  87.919 154.352  12.882  88.978 153.751  12.496  84.503 151.317  15.890
  83.823 150.220  15.947  82.434 150.145  15.551  83.879 150.716  17.249  81.394
 150.434  16.392  83.397 151.030  18.315  80.845 150.503  17.674  82.182 150.852
  18.077  80.435 149.629  18.004  82.045 149.590  14.204  82.893 149.576  13.364
  80.756 149.377  13.709  80.214 149.491  14.509
  86.175 154.122  14.444  85.318 153.459  15.360  87.221 153.473  13.732  85.550
 152.044  15.443  87.137 152.206  14.071  86.537 151.386  14.671  85.852 155.657
  11.976  85.881 156.236  13.050  85.983 155.543  14.301  85.805 157.675  13.101
  86.062 156.416  15.248  85.941 158.522  14.229  86.050 157.598  15.360  85.970
 159.756  14.088  85.714 158.023  12.154  84.267 154.085  16.001  83.176 154.485
  15.305  88.072 154.041  12.804  88.799 153.312  11.947  84.848 151.118  16.342
  83.918 150.161  16.422  82.508 150.418  16.065  84.103 150.514  17.736  81.576
 150.601  17.066  83.686 150.860  18.848  81.133 151.129  18.307  82.488 150.988
  18.656  80.582 150.477  18.864  81.934 150.564  14.731  82.567 150.622  13.709
  80.608 150.800  14.551  80.249 150.667  15.444
  86.600 153.990  14.109  85.861 153.275  15.048  87.641 153.438  13.370  86.129
 151.896  15.108  87.727 152.181  13.691  87.259 151.329  14.439  86.242 155.459
  11.632  86.196 156.076  12.669  86.353 155.366  13.941  86.118 157.571  12.695
  86.443 156.274  14.871  86.275 158.460  13.899  86.458 157.466  14.913  86.249
 159.668  13.954  85.861 158.131  11.891  84.858 153.814  15.755  83.689 153.922
  15.136  88.430 154.093  12.500  88.784 153.605  11.359  85.408 151.022  15.905
  84.396 150.091  15.823  82.953 150.546  15.889  84.757 150.031  17.150  82.188
 150.839  17.021  84.505 150.051  18.331  81.912 150.475  18.384  83.328 150.389
  18.439  81.441 149.579  18.504  82.198 150.911  14.722  82.801 151.033  13.706
  80.967 151.363  14.722  80.677 151.320  15.649
  86.449 153.885  13.695  85.682 153.133  14.646  87.443 153.299  12.917  86.066
 151.781  14.706  87.485 152.041  13.218  87.081 151.173  13.906  86.183 155.776
  11.401  86.259 156.246  12.556  86.284 155.259  13.680  86.200 157.641  12.873
  86.480 155.952  14.760  86.325 158.284  14.123  86.568 157.093  15.034  86.360
 159.517  14.302  85.937 158.221  12.085  84.591 153.579  15.390  83.629 154.283
  14.746  88.251 153.951  11.921  88.759 153.225  11.013  85.354 150.810  15.513
  84.294 149.956  15.468  82.868 150.394  15.687  84.804 149.984  16.748  82.322
 150.514  16.916  84.778 150.162  17.920  82.297 150.802  18.318  83.594 150.414
  18.156  81.872 150.053  18.865  81.969 150.833  14.637  82.264 150.696  13.472
  80.650 151.233  14.756  80.472 151.275  15.711
  85.891 153.847  13.788  85.196 152.993  14.664  86.877 153.431  12.916  85.619
 151.610  14.593  86.937 152.135  13.159  86.619 151.212  13.788  85.234 155.779
  11.624  85.621 156.083  12.704  85.677 155.238  13.868  86.172 157.495  12.884
  86.044 155.916  14.910  86.532 158.116  14.079  86.446 157.000  15.090  87.108
 159.136  14.158  86.325 158.055  12.053  84.135 153.355  15.488  83.043 153.827
  14.968  87.661 154.207  12.116  88.476 153.690  11.278  85.065 150.567  15.372
  84.062 149.641  15.569  82.645 150.032  15.711  84.635 149.909  16.742  82.009
 150.345  16.940  84.602 150.133  17.946  82.149 151.078  18.135  83.437 150.493
  18.100  81.559 150.821  18.925  81.758 150.203  14.447  82.329 149.931  13.401
  80.670 150.980  14.397  80.477 151.123  15.339
  86.022 154.325  13.565  85.200 153.657  14.456  86.927 153.731  12.755  85.503
 152.291  14.576  86.905 152.437  12.994  86.492 151.608  13.792  85.725 156.082
  11.251  86.024 156.569  12.337  85.952 155.713  13.538  86.515 157.896  12.431
  86.374 156.462  14.516  86.851 158.562  13.642  86.700 157.593  14.632  87.108
 159.786  13.860  86.616 158.445  11.585  84.192 154.351  15.159  83.126 154.892
  14.614  87.855 154.388  11.896  88.872 153.696  11.371  84.761 151.429  15.436
  83.878 150.363  15.451  82.397 150.574  15.594  84.406 150.447  16.698  81.841
 150.638  16.873  84.368 150.408  17.891  81.765 150.251  18.165  83.123 150.435
  18.108  81.485 149.322  18.481  81.540 150.623  14.484  82.004 150.542  13.317
  80.257 150.875  14.512  80.001 151.093  15.425
  86.226 154.459  13.610  85.407 153.701  14.449  87.168 153.890  12.784  85.746
 152.331  14.507  87.258 152.594  13.020  86.825 151.753  13.690  85.760 156.283
  11.238  85.889 156.708  12.326  85.931 155.812  13.521  85.987 158.192  12.500
  86.024 156.618  14.548  86.135 158.881  13.760  86.033 157.791  14.731  86.329
 160.040  13.977  86.089 158.742  11.655  84.380 154.284  15.126  83.298 154.552
  14.438  88.020 154.572  11.945  89.257 154.201  11.551  85.057 151.455  15.308
  84.203 150.418  15.379  82.806 150.693  15.814  84.882 150.433  16.508  82.383
 150.388  17.075  85.082 150.368  17.723  82.579 150.151  18.493  83.902 150.288
  18.094  82.514 149.146  18.651  81.756 151.197  14.991  82.013 151.517  13.870
  80.456 151.134  15.308  80.365 151.036  16.272
  86.314 154.156  13.883  85.422 153.334  14.589  87.497 153.701  13.227  85.838
 152.021  14.694  87.550 152.453  13.467  86.993 151.564  14.041  86.201 156.071
  11.586  86.183 156.460  12.771  86.143 155.554  13.908  86.214 157.874  13.079
  86.099 156.252  15.001  86.124 158.537  14.279  86.143 157.385  15.266  86.133
 159.731  14.323  86.303 158.434  12.240  84.256 153.783  15.173  83.401 154.484
  14.415  88.369 154.442  12.513  88.733 153.889  11.282  85.269 151.010  15.500
  84.412 149.948  15.581  83.044 150.198  16.078  85.152 149.796  16.692  82.726
 150.133  17.421  85.355 149.574  17.915  82.914 149.702  18.775  84.246 149.704
  18.397  82.456 148.817  18.989  81.977 150.518  15.103  82.226 150.663  13.909
  80.685 150.636  15.437  80.622 150.367  16.370
  85.993 153.497  13.711  85.089 152.694  14.408  87.107 153.082  13.053  85.324
 151.315  14.272  87.078 151.767  13.109  86.432 150.858  13.464  85.752 155.626
  11.617  85.994 155.932  12.722  85.774 154.934  13.794  86.233 157.320  13.098
  85.840 155.671  14.921  86.258 157.988  14.420  86.072 156.782  15.216  86.646
 159.168  14.615  86.389 157.930  12.305  84.093 153.213  15.112  83.044 153.561
  14.400  87.959 153.896  12.307  88.884 153.389  11.477  84.624 150.344  15.015
  83.502 149.614  15.039  82.253 150.259  15.600  84.189 149.278  16.101  81.928
 150.249  16.970  84.386 149.119  17.298  82.260 150.351  18.339  83.404 149.701
  17.838  81.609 149.816  18.913  81.347 150.980  14.765  81.494 150.777  13.540
  80.427 151.897  15.127  80.550 152.074  16.075
  86.294 154.033  13.448  85.503 153.098  14.191  87.355 153.561  12.729  85.881
 151.771  14.081  87.429 152.269  12.857  86.924 151.279  13.278  85.758 156.332
  11.623  86.011 156.533  12.751  86.032 155.436  13.697  86.071 157.948  13.208
  86.093 156.034  14.895  86.109 158.383  14.533  86.153 157.128  15.311  86.040
 159.616  14.806  85.994 158.706  12.539  84.289 153.405  14.926  83.289 153.865
  14.207  88.083 154.372  11.870  88.697 153.883  10.758  85.236 150.694  14.785
  84.058 150.008  14.955  82.849 150.646  15.573  84.891 149.765  16.028  82.770
 150.955  16.925  85.100 149.662  17.255  82.883 150.661  18.298  84.059 150.176
  17.775  82.208 149.926  18.509  81.637 151.002  14.796  81.539 150.599  13.665
  80.557 151.584  15.415  80.656 151.583  16.383
  86.096 154.195  13.406  85.198 153.302  14.018  87.261 153.861  12.711  85.637
 151.949  13.929  87.305 152.600  12.859  86.752 151.603  13.151  85.273 156.069
  11.244  85.636 156.519  12.343  85.864 155.622  13.525  85.744 157.970  12.493
  86.156 156.397  14.509  86.054 158.655  13.776  86.275 157.560  14.726  86.197
 159.809  13.957  85.489 158.517  11.679  84.057 153.713  14.702  83.271 154.566
  14.151  88.155 154.661  12.039  88.944 154.090  11.155  84.985 150.918  14.504
  83.782 150.255  14.709  82.640 151.040  15.349  84.627 149.930  15.699  82.681
 151.327  16.750  84.916 149.788  16.893  82.996 151.108  18.119  84.074 150.407
  17.565  82.274 150.548  18.570  81.305 151.172  14.766  81.250 151.088  13.581
  80.086 151.386  15.444  80.303 151.542  16.379
  85.774 154.379  13.344  85.011 153.668  14.334  86.694 153.700  12.530  85.298
 152.325  14.421  86.653 152.433  12.845  86.231 151.628  13.630  85.350 156.314
  10.925  85.673 156.670  12.059  85.637 155.781  13.294  85.956 158.041  12.233
  86.018 156.568  14.326  86.253 158.753  13.510  86.266 157.720  14.481  86.318
 159.965  13.594  85.860 158.605  11.396  84.032 154.248  15.110  83.039 154.910
  14.655  87.643 154.323  11.720  88.467 153.591  10.982  84.558 151.406  15.257
  83.590 150.443  15.254  82.219 150.709  15.735  84.328 150.140  16.348  81.822
 150.355  16.978  84.469 149.879  17.524  82.052 150.126  18.353  83.314 149.957
  17.958  81.656 149.280  18.761  81.129 151.267  14.905  81.469 151.630  13.770
  79.838 151.444  15.214  79.656 150.952  16.033
  85.826 154.080  13.440  84.793 153.463  14.094  86.853 153.431  12.854  84.961
 152.071  14.222  86.727 152.137  13.055  86.058 151.339  13.625  85.702 155.989
  11.263  85.986 156.414  12.376  85.777 155.519  13.541  86.191 157.849  12.587
  85.874 156.281  14.590  86.270 158.493  13.880  86.134 157.402  14.763  86.462
 159.656  14.089  86.250 158.361  11.714  83.748 154.055  14.749  82.899 154.766
  14.018  87.840 154.078  12.179  88.484 153.511  11.143  84.022 151.341  15.013
  83.414 150.164  15.229  82.033 150.120  15.718  84.084 150.444  16.379  81.588
 150.253  17.017  84.201 150.524  17.615  81.708 150.696  18.328  83.044 150.631
  18.057  81.529 149.925  18.972  80.956 150.044  14.742  81.288 150.058  13.587
  79.674 149.827  14.939  79.462 150.058  15.859
  85.944 153.969  12.922  85.085 153.281  13.736  86.961 153.388  12.170  85.440
 151.916  13.870  86.932 152.143  12.468  86.447 151.244  13.133  85.881 155.899
  10.497  86.014 156.244  11.628  85.706 155.334  12.806  86.336 157.624  11.985
  85.886 156.044  13.884  86.423 158.226  13.312  86.179 157.110  14.221  86.659
 159.413  13.497  86.627 158.220  11.220  84.028 153.823  14.344  82.916 153.462
  13.876  87.826 153.982  11.303  88.631 153.346  10.451  84.848 151.045  14.858
  84.002 150.050  15.062  82.526 150.356  14.975  84.307 150.569  16.250  81.760
 150.698  16.082  84.077 150.953  17.440  81.501 151.543  17.142  82.863 151.202
  17.426  80.776 151.171  17.755  81.744 150.007  13.727  82.298 149.464  12.786
  80.484 150.366  13.480  80.196 150.893  14.245
  86.189 154.148  13.621  85.286 153.333  14.339  87.304 153.628  12.948  85.653
 151.956  14.359  87.272 152.333  13.124  86.759 151.406  13.647  86.042 155.806
  11.108  86.081 156.344  12.242  85.946 155.591  13.510  86.253 157.830  12.350
  86.064 156.398  14.513  86.248 158.583  13.584  86.179 157.581  14.625  86.370
 159.783  13.650  86.235 158.292  11.448  84.150 153.878  14.952  83.145 154.404
  14.303  88.249 154.388  12.254  88.849 153.821  11.240  84.852 150.966  15.006
  83.966 149.984  15.048  82.596 150.227  14.712  84.174 150.315  16.367  81.664
 150.407  15.775  83.825 150.539  17.503  81.275 150.789  17.094  82.571 150.638
  17.379  80.650 150.101  17.511  82.079 150.392  13.371  82.806 150.124  12.403
  80.931 150.869  13.021  80.355 150.860  13.804
  86.263 154.526  13.663  85.307 153.764  14.329  87.351 154.011  13.004  85.591
 152.385  14.369  87.283 152.743  13.155  86.685 151.823  13.683  85.670 156.292
  11.327  85.935 156.763  12.398  86.110 155.918  13.652  86.100 158.206  12.522
  86.475 156.676  14.594  86.353 158.913  13.716  86.560 157.855  14.731  86.396
 160.100  13.767  86.008 158.722  11.655  84.245 154.342  15.035  83.207 154.808
  14.403  88.284 154.702  12.220  89.364 154.088  11.797  84.916 151.499  15.230
  84.082 150.487  15.281  82.603 150.666  15.314  84.480 150.802  16.564  81.862
 150.445  16.401  84.237 150.971  17.792  81.584 150.908  17.720  82.965 150.836
  17.820  81.091 150.233  18.305  81.898 150.993  14.113  82.567 151.043  13.076
  80.592 151.249  13.902  80.183 151.461  14.758
  86.307 154.044  13.398  85.674 153.227  14.349  87.195 153.531  12.497  85.959
 151.899  14.346  87.250 152.225  12.717  86.853 151.297  13.360  85.641 155.886
  11.125  85.828 156.306  12.191  86.081 155.444  13.350  86.046 157.744  12.285
  86.263 156.340  14.327  86.369 158.502  13.433  86.401 157.498  14.496  86.535
 159.741  13.553  85.948 158.300  11.443  84.713 153.855  15.177  83.540 153.981
  14.616  87.863 154.153  11.504  89.097 153.743  11.311  85.423 151.002  15.254
  84.569 149.967  15.350  83.112 150.058  15.339  84.953 150.337  16.605  82.345
 150.162  16.507  84.760 150.490  17.848  82.163 150.704  17.770  83.492 150.553
  17.857  81.708 150.046  18.402  82.306 150.033  14.160  82.839 150.279  13.090
  81.061 149.598  14.075  80.790 149.252  14.942
  86.391 154.096  12.985  85.619 153.372  13.942  87.347 153.611  12.098  86.029
 152.043  14.005  87.494 152.391  12.463  87.118 151.581  13.278  85.772 156.021
  10.663  85.968 156.407  11.837  86.065 155.473  12.972  86.087 157.881  12.093
  86.169 156.217  14.031  86.312 158.525  13.408  86.258 157.380  14.299  86.470
 159.668  13.635  86.096 158.548  11.331  84.519 153.864  14.642  83.300 153.746
  14.148  88.045 154.377  11.219  88.729 153.850  10.266  85.327 151.121  14.846
  84.366 150.114  14.904  82.905 150.324  15.150  84.970 150.133  16.087  82.397
 150.142  16.367  85.006 150.125  17.321  82.487 150.688  17.615  83.798 150.339
  17.586  81.866 150.196  18.257  81.912 150.725  14.131  82.279 150.890  12.971
  80.625 150.997  14.343  80.455 150.888  15.295
  86.860 153.952  13.110  86.037 153.359  14.021  87.748 153.269  12.276  86.204
 151.981  14.113  87.698 152.042  12.607  87.216 151.280  13.348  85.470 155.416
  11.122  86.058 156.077  12.033  86.907 155.365  12.946  85.849 157.524  12.294
  87.104 156.205  13.965  86.251 158.323  13.449  86.883 157.317  14.288  86.103
 159.536  13.588  85.331 158.013  11.574  85.175 154.099  14.808  84.284 154.934
  14.358  88.573 153.787  11.280  88.695 153.157  10.101  85.415 151.241  15.051
  84.389 150.383  15.293  83.112 150.919  15.804  85.186 150.337  16.369  82.846
 151.051  17.168  85.424 150.392  17.609  83.224 151.581  18.338  84.349 150.794
  18.108  82.614 151.188  19.053  81.990 151.254  15.000  82.082 151.248  13.792
  80.793 151.659  15.502  80.858 151.544  16.465
  86.577 153.851  12.842  85.961 153.065  13.872  87.370 153.290  11.926  86.270
 151.716  13.858  87.399 152.007  12.038  87.096 151.158  12.832  84.761 155.559
  11.290  85.424 156.111  12.117  86.433 155.279  12.883  85.293 157.576  12.531
  86.954 155.979  13.782  85.946 158.156  13.667  86.871 157.052  14.143  85.732
 159.317  14.009  84.859 158.287  11.955  85.065 153.523  14.789  83.912 153.994
  14.327  88.141 153.974  10.951  89.179 153.360  10.309  85.855 150.781  14.844
  84.830 149.962  15.140  83.476 150.656  15.383  85.518 150.104  16.325  83.101
 151.074  16.620  85.726 150.392  17.520  83.384 151.591  17.904  84.636 150.969
  17.815  82.786 151.128  18.588  82.462 150.810  14.351  82.813 150.528  13.224
  81.083 151.140  14.533  81.090 151.406  15.469
  86.501 153.671  13.052  85.961 152.935  14.018  87.432 153.190  12.069  86.286
 151.557  13.942  87.523 151.878  12.257  87.098 151.004  12.881  84.857 155.395
  11.284  85.422 155.864  12.256  86.218 155.011  13.120  85.256 157.250  12.541
  86.785 155.831  13.947  85.839 157.962  13.659  86.773 156.967  14.224  85.626
 159.150  13.903  84.563 157.715  11.966  85.264 153.412  15.037  84.072 153.843
  14.824  88.151 153.914  11.188  88.693 153.351  10.080  85.896 150.679  14.980
  85.068 149.671  15.301  83.618 149.755  15.436  85.576 150.136  16.470  83.044
 149.708  16.699  85.509 150.463  17.647  83.015 149.939  18.070  84.324 150.262
  17.882  82.956 149.050  18.566  82.707 150.042  14.344  83.219 149.904  13.245
  81.372 150.155  14.453  81.216 149.906  15.381
  86.564 153.976  13.508  85.677 153.045  14.255  87.730 153.583  12.925  86.219
 151.716  14.350  87.922 152.376  13.296  87.542 151.397  13.870  86.379 155.697
  10.976  86.297 156.198  12.107  86.262 155.342  13.350  86.309 157.666  12.273
  86.329 156.198  14.319  86.250 158.426  13.509  86.282 157.368  14.487  86.257
 159.607  13.585  86.254 158.143  11.381  84.455 153.431  14.776  83.552 153.984
  13.964  88.588 154.329  12.212  89.837 153.914  11.842  85.560 150.685  15.253
  84.539 149.788  15.383  83.064 150.166  15.354  84.983 150.067  16.627  82.397
 150.707  16.464  84.785 150.391  17.797  82.119 150.753  17.829  83.568 150.644
  17.827  81.664 149.912  18.183  82.237 149.837  14.174  82.713 149.157  13.248
  80.997 150.354  14.003  80.829 150.900  14.790
  86.634 154.164  13.372  85.806 153.622  14.258  87.505 153.479  12.531  85.707
 152.196  14.164  87.247 152.229  12.741  86.522 151.399  13.202  85.846 156.162
  11.111  86.264 156.517  12.201  86.749 155.659  13.304  86.384 157.984  12.399
  87.119 156.368  14.297  86.824 158.678  13.609  87.231 157.546  14.487  86.827
 159.880  13.816  86.098 158.548  11.608  85.103 154.345  15.238  83.994 154.832
  14.750  88.348 154.014  11.582  89.425 153.407  11.076  84.772 151.483  14.972
  84.006 150.397  15.128  82.545 150.345  15.204  84.460 150.756  16.333  81.933
 150.324  16.446  84.367 150.805  17.525  81.887 149.882  17.754  83.183 150.435
  17.728  81.866 148.864  17.808  81.572 150.269  14.133  81.831 150.576  12.996
  80.259 149.827  14.344  80.245 149.575  15.283
  87.017 153.986  13.208  86.089 153.246  13.944  88.024 153.441  12.521  86.384
 151.908  13.970  88.012 152.147  12.645  87.389 151.246  13.167  85.746 155.871
  11.174  86.226 156.291  12.213  86.872 155.413  13.218  86.033 157.706  12.495
  87.057 156.178  14.336  86.420 158.376  13.713  86.860 157.322  14.566  86.390
 159.569  13.950  85.789 158.318  11.724  85.049 153.942  14.619  83.941 154.055
  13.941  88.891 154.224  11.721  89.965 153.731  11.206  85.570 151.081  14.811
  84.575 150.336  15.047  83.243 150.844  15.458  85.334 150.269  16.134  82.904
 151.058  16.783  85.540 150.256  17.313  83.270 151.395  18.135  84.473 150.757
  17.747  82.836 150.861  18.887  82.149 151.239  14.535  82.314 150.898  13.370
  80.953 151.788  14.900  81.031 152.102  15.817
  87.449 154.143  13.700  86.608 153.331  14.490  88.403 153.707  12.832  86.858
 151.959  14.361  88.402 152.350  12.944  87.958 151.412  13.554  86.372 155.840
  11.485  86.696 156.325  12.559  87.269 155.528  13.618  86.568 157.727  12.779
  87.525 156.322  14.623  86.763 158.419  14.029  87.318 157.411  14.918  86.383
 159.517  14.268  86.122 158.237  12.026  85.594 153.812  15.248  84.610 154.407
  14.606  89.163 154.445  11.951  90.000 153.882  11.034  86.072 151.102  15.203
  84.886 150.407  15.416  83.557 151.034  15.618  85.604 150.377  16.615  83.230
 151.540  16.887  85.640 150.503  17.820  83.307 151.609  18.317  84.515 150.958
  18.045  82.761 150.969  18.892  82.545 151.205  14.600  82.843 150.879  13.453
  81.381 151.889  14.810  81.336 152.090  15.760
  86.866 153.765  13.674  86.042 152.969  14.557  87.831 153.155  12.801  86.195
 151.599  14.397  87.757 151.870  12.927  87.149 150.982  13.439  86.206 155.614
  11.431  86.456 156.053  12.532  86.728 155.174  13.699  86.530 157.513  12.762
  86.814 155.923  14.739  86.768 158.192  14.008  86.795 157.059  14.990  86.866
 159.404  14.157  86.572 158.061  11.910  85.173 153.538  15.464  84.034 154.124
  15.098  88.774 153.783  11.998  89.832 153.146  11.404  85.482 150.629  15.186
  84.368 149.938  15.301  83.107 150.654  15.609  84.968 149.643  16.504  82.675
 150.761  16.891  85.019 149.564  17.708  82.829 150.911  18.293  84.010 150.219
  18.001  82.214 150.348  18.880  82.295 151.301  14.630  82.570 151.105  13.419
  81.188 152.036  14.973  81.265 152.017  15.942
  86.863 153.631  13.548  86.100 152.838  14.446  87.872 153.227  12.697  86.559
 151.500  14.471  87.983 151.914  12.860  87.627 151.044  13.620  86.044 155.429
  11.403  86.346 155.875  12.481  86.550 155.000  13.612  86.473 157.328  12.669
  86.940 155.756  14.657  86.850 157.990  13.906  87.061 156.939  14.848  87.022
 159.232  13.955  86.375 157.911  11.846  85.103 153.301  15.258  83.997 153.853
  14.765  88.609 154.006  11.776  89.648 153.482  11.154  85.840 150.600  15.253
  84.815 149.701  15.370  83.458 150.097  15.805  85.559 149.656  16.508  83.092
 150.312  17.140  85.680 149.524  17.746  83.188 150.023  18.435  84.545 149.816
  18.091  82.621 149.237  18.751  82.287 150.313  14.938  82.601 150.398  13.764
  80.959 150.621  15.354  80.904 150.439  16.308
  86.798 153.910  13.518  85.948 153.086  14.352  87.877 153.352  12.824  86.299
 151.756  14.480  87.823 152.121  13.035  87.363 151.262  13.695  86.140 155.621
  11.258  86.369 156.174  12.309  86.556 155.312  13.468  86.482 157.586  12.425
  86.794 156.089  14.470  86.773 158.320  13.642  86.861 157.278  14.665  86.905
 159.529  13.730  86.434 158.122  11.567  84.829 153.605  14.943  83.908 154.027
  14.100  88.810 153.987  12.051  89.745 153.345  11.376  85.617 150.822  15.283
  84.905 149.645  15.424  83.431 149.818  15.537  85.368 149.890  16.694  82.777
 150.059  16.716  85.294 150.106  17.876  82.664 150.447  18.052  84.064 150.199
  17.992  82.176 149.869  18.736  82.475 149.850  14.368  82.988 149.809  13.252
  81.151 150.092  14.413  80.887 150.126  15.349
  86.666 154.198  13.757  85.714 153.508  14.542  87.634 153.598  13.021  85.947
 152.121  14.605  87.542 152.330  13.311  87.008 151.479  13.947  86.638 155.918
  11.263  86.680 156.405  12.386  86.439 155.628  13.666  86.917 157.839  12.550
  86.673 156.447  14.656  87.113 158.543  13.725  86.962 157.566  14.774  87.301
 159.733  13.774  86.939 158.412  11.715  84.688 154.143  15.185  83.519 154.162
  14.580  88.566 154.175  12.228  88.855 153.763  10.993  85.191 151.327  15.492
  84.722 150.099  15.768  83.324 149.742  15.920  85.066 150.687  16.967  82.735
 149.485  17.119  84.842 150.894  18.144  82.404 149.910  18.395  83.712 150.458
  18.307  82.340 149.203  19.127  82.342 149.802  14.833  82.771 150.016  13.684
  81.010 149.464  14.890  80.882 149.350  15.847
  86.443 153.583  13.045  85.461 153.096  13.953  87.298 152.758  12.284  85.404
 151.670  13.993  86.946 151.539  12.510  86.216 150.849  13.126  85.898 155.456
  10.924  86.311 155.875  11.986  86.742 154.927  13.008  86.395 157.376  12.368
  86.937 155.641  14.119  86.796 158.010  13.623  86.965 156.818  14.456  86.963
 159.209  13.913  85.910 157.985  11.719  84.664 153.837  14.748  83.523 154.352
  14.247  88.298 153.212  11.538  88.822 152.488  10.544  84.591 151.016  14.975
  83.735 150.036  15.327  82.553 150.389  16.129  84.712 150.008  16.290  82.474
 150.515  17.543  85.137 149.981  17.407  82.973 150.398  18.821  84.137 150.196
  18.095  82.733 149.549  19.331  81.318 150.753  15.424  81.365 150.922  14.234
  80.039 150.903  15.943  80.100 150.661  16.883
  86.665 153.661  13.365  85.722 152.984  14.182  87.695 153.015  12.717  86.056
 151.604  14.392  87.647 151.737  13.029  87.091 150.902  13.683  86.142 155.368
  11.021  86.253 155.942  12.048  86.420 155.041  13.245  86.408 157.402  12.200
  86.520 155.923  14.251  86.742 158.139  13.350  86.660 157.107  14.426  86.976
 159.360  13.355  86.258 157.915  11.339  84.570 153.547  14.734  83.600 153.946
  13.861  88.548 153.719  11.843  89.359 153.028  11.067  85.247 150.755  15.301
  84.052 150.073  15.420  82.988 150.564  16.413  84.945 149.399  16.154  83.117
 150.327  17.759  85.351 148.855  17.189  83.317 149.405  18.807  84.433 149.052
  17.971  82.576 148.710  18.890  81.873 151.371  16.028  81.796 151.707  14.894
  80.804 151.858  16.830  81.000 151.516  17.719
  86.550 153.614  13.167  85.687 152.745  13.855  87.635 153.213  12.434  86.066
 151.383  13.782  87.708 151.908  12.583  87.195 150.915  13.045  86.167 155.620
  10.961  86.339 155.992  12.142  86.423 155.049  13.240  86.663 157.414  12.418
  86.805 155.721  14.281  87.041 158.054  13.628  87.104 156.852  14.575  87.240
 159.287  13.754  86.707 158.082  11.657  84.623 153.228  14.704  83.471 153.678
  14.158  88.427 154.009  11.657  89.506 153.485  11.038  85.448 150.312  14.438
  84.325 149.556  14.624  83.423 149.858  15.747  85.407 148.896  15.102  83.638
 149.293  17.010  85.980 148.275  15.987  84.152 148.356  17.890  85.168 148.271
  16.951  83.489 147.589  17.998  82.201 150.637  15.565  81.902 151.028  14.456
  81.296 150.975  16.521  81.684 150.757  17.385
  86.518 153.621  12.962  85.892 152.638  13.691  87.366 153.375  11.954  86.154
 151.332  13.305  87.468 152.077  11.821  87.098 151.040  12.180  85.468 155.687
  11.222  85.855 156.003  12.350  86.273 154.916  13.293  86.106 157.457  12.678
  86.800 155.584  14.279  86.811 157.974  13.837  87.060 156.686  14.561  87.075
 159.130  14.117  85.730 158.097  11.988  85.060 152.897  14.734  83.920 153.389
  14.432  88.008 154.267  11.130  89.151 154.020  10.518  85.649 150.141  13.993
  84.688 149.350  14.137  83.766 149.549  15.283  85.827 148.780  14.685  83.983
 149.071  16.578  86.408 148.162  15.543  84.760 148.402  17.568  85.661 148.258
  16.525  84.308 147.529  17.838  82.433 150.182  15.059  82.095 150.349  13.886
  81.536 150.539  15.968  81.791 150.127  16.811
