#Frame       SA_00001
       1     471.2708
       2     472.2569
       3     470.9310
       4     470.3679
       5     472.9679
       6     469.4932
       7     473.5588
       8     472.5280
       9     472.1549
      10     467.6157
      11     472.9716
      12     470.5447
      13     474.0633
      14     470.9500
      15     466.8052
      16     472.9758
      17     472.0591
      18     476.2498
      19     471.3637
      20     470.3020
      21     476.4759
      22     472.2392
      23     473.0325
      24     473.0380
      25     475.0707
      26     472.9296
      27     471.4545
      28     473.6430
      29     469.2301
      30     471.7475
      31     469.4653
      32     468.5108
      33     471.3822
      34     473.1236
      35     471.6701
      36     468.1562
      37     474.7131
      38     467.4911
      39     472.4681
      40     471.3481
      41     471.8421
      42     475.9777
      43     471.7171
      44     470.2976
      45     476.9320
      46     469.1341
      47     476.2726
      48     472.8673
      49     473.8005
      50     471.9040
