#Frame       SA_00001
       1     472.1906
       2     471.7934
       3     468.7157
       4     475.4269
       5     474.0350
       6     476.4537
       7     473.9031
       8     474.3042
       9     473.9114
      10     476.1365
      11     477.3028
      12     475.2129
      13     470.3050
      14     474.5159
      15     474.5959
      16     473.8139
      17     475.3208
      18     475.1526
      19     475.9686
      20     472.7175
      21     469.8137
      22     475.7691
      23     473.5180
      24     473.3592
      25     475.4781
      26     473.4465
      27     474.0621
      28     472.1744
      29     476.7816
      30     476.5134
      31     475.4525
      32     475.6857
      33     471.9860
      34     473.8962
      35     477.0157
      36     474.5239
      37     473.5319
      38     473.5136
      39     473.8999
      40     477.0647
      41     475.2442
      42     474.1667
      43     472.2352
      44     476.4394
      45     474.9233
      46     475.0937
      47     469.5561
      48     474.9091
      49     472.6795
      50     473.3854
