#Frame       SA_00001
       1     481.8292
       2     491.9280
       3     501.3994
       4     500.3881
       5     493.7896
       6     492.0186
       7     492.6957
       8     493.2781
       9     484.7026
      10     492.7054
      11     490.3743
      12     491.8728
      13     493.5085
      14     487.4401
      15     492.1066
      16     488.7718
      17     497.8371
      18     495.0570
      19     493.8016
      20     486.8108
      21     488.3246
      22     489.7533
      23     485.1194
      24     489.3592
      25     487.5322
      26     484.7699
      27     481.2171
      28     493.2765
      29     490.3897
      30     484.6250
      31     495.2868
      32     478.1719
      33     486.5254
      34     482.7064
      35     489.3061
      36     481.7475
      37     483.6965
      38     481.7003
      39     486.0003
      40     493.5757
      41     497.2028
      42     493.5412
      43     493.4544
      44     489.6030
      45     497.4981
      46     488.8711
      47     489.3926
      48     492.6140
      49     492.2852
      50     491.3660
