#Frame       SA_00001
       1   20875.1707
       2   22327.1599
       3   23048.2730
       4   23270.8937
       5   23552.5422
       6   23462.3493
       7   23405.2843
       8   23290.6805
       9   23498.8790
      10   23499.6635
      11   23669.8976
      12   23511.7011
      13   23190.8969
      14   23034.6229
      15   23076.2648
      16   22700.2672
      17   22983.8566
      18   23170.5193
      19   23306.3518
      20   22931.9095
      21   22746.6763
      22   22981.0951
      23   23548.1850
      24   23869.6113
      25   23854.0474
      26   23636.4382
      27   23588.9439
      28   23435.8526
      29   23083.0631
      30   23125.0756
      31   23261.9935
      32   23604.1377
      33   23956.4548
      34   24326.7873
      35   24623.7545
      36   24809.3397
      37   24593.7081
      38   24498.4825
      39   24352.4839
      40   24266.4043
      41   24473.9060
      42   24381.6181
      43   24657.6463
      44   24711.8273
      45   24658.3348
      46   24385.1529
      47   24232.0371
      48   23818.3372
      49   23926.7867
      50   24257.7228
