#Frame       SA_00001
       1   21194.2052
       2   22465.5727
       3   23100.9145
       4   23083.2670
       5   22841.6652
       6   22713.3182
       7   22962.4606
       8   23273.7624
       9   23515.3425
      10   23715.2403
      11   23775.4030
      12   23500.6998
      13   23381.6061
      14   23469.1792
      15   23733.5696
      16   23911.3629
      17   23773.9662
      18   23842.8121
      19   23802.6443
      20   23805.7371
      21   24028.9522
      22   24145.4457
      23   24203.9438
      24   24050.3839
      25   23827.5064
      26   23865.2601
      27   23637.0508
      28   23771.0296
      29   23742.2507
      30   23820.1859
      31   24194.6295
      32   24210.5969
      33   24563.6922
      34   24334.0820
      35   24382.8230
      36   24064.8900
      37   24196.6591
      38   23783.4934
      39   24295.5598
      40   24268.5494
      41   24103.1628
      42   24198.7959
      43   24280.4353
      44   24230.3231
      45   24050.1162
      46   24520.0734
      47   24763.7953
      48   24486.9519
      49   24768.5111
      50   24248.6531
