#Frame       SA_00001
       1   20733.4339
       2   22145.6581
       3   22786.8194
       4   23128.1913
       5   23521.5219
       6   23660.0383
       7   23722.4163
       8   23732.4350
       9   24074.0964
      10   23969.9685
      11   24067.2970
      12   23844.7636
      13   23865.3259
      14   23990.3594
      15   24372.2426
      16   24136.5783
      17   24137.8478
      18   24180.7541
      19   24221.5593
      20   24156.6151
      21   24350.5871
      22   24061.8164
      23   24152.2642
      24   24252.8559
      25   24470.0288
      26   24447.2680
      27   24171.3634
      28   23963.2774
      29   23928.4213
      30   23902.0214
      31   23910.9840
      32   24128.7392
      33   24411.6002
      34   24346.6653
      35   24269.2343
      36   24137.3923
      37   24017.4387
      38   24237.7859
      39   24288.8086
      40   24305.7985
      41   24275.2222
      42   23914.5032
      43   23807.5395
      44   23908.2480
      45   24395.1154
      46   24748.4260
      47   24703.0842
      48   24522.4448
      49   24313.7926
      50   24589.1878
