#Frame       SA_00001
       1   20997.7327
       2   22415.2349
       3   23016.6890
       4   23209.7165
       5   23552.6117
       6   23547.5282
       7   23830.1365
       8   23681.6598
       9   23769.6137
      10   23817.8517
      11   23832.5308
      12   23766.9138
      13   23754.6278
      14   23717.6164
      15   23980.8651
      16   23782.6484
      17   23687.9903
      18   24172.3965
      19   24074.3807
      20   24247.6221
      21   24094.2624
      22   24059.3999
      23   24207.3977
      24   24427.5193
      25   24786.1976
      26   24514.4618
      27   24149.2790
      28   23984.3915
      29   23972.1754
      30   24199.2058
      31   24435.9436
      32   24528.5128
      33   24683.3128
      34   25112.6931
      35   25048.6347
      36   24785.6680
      37   24699.2997
      38   24506.0370
      39   24246.2759
      40   24346.9027
      41   24298.6812
      42   24103.6317
      43   23969.1199
      44   24387.9693
      45   24303.7588
      46   24627.9392
      47   24857.5902
      48   24717.9167
      49   24640.7712
      50   24920.1342
