#Frame       SA_00001
       1   20953.5990
       2   22061.8082
       3   22644.3132
       4   22889.2771
       5   23037.9716
       6   22840.8079
       7   23687.5226
       8   23297.7106
       9   23332.0361
      10   23979.4375
      11   23931.4891
      12   23811.2163
      13   23649.4113
      14   23528.4155
      15   23397.8299
      16   23370.0081
      17   23187.3039
      18   23129.4814
      19   22893.8448
      20   22938.8129
      21   22879.8728
      22   22666.5762
      23   22948.0065
      24   22896.7359
      25   23221.9793
      26   23036.2248
      27   22772.9249
      28   22940.8021
      29   22667.2746
      30   22946.7968
      31   23029.2066
      32   23355.3640
      33   23779.3608
      34   23355.5345
      35   23248.7184
      36   22946.2564
      37   23223.5687
      38   23532.7529
      39   23599.5941
      40   23706.6886
      41   23323.8288
      42   23302.7882
      43   23200.4783
      44   22941.0209
      45   23161.7235
      46   23520.4407
      47   23558.5945
      48   23510.5159
      49   23518.4291
      50   23570.9588
