#Frame       SA_00001
       1   20900.8469
       2   22272.3086
       3   22888.8879
       4   23211.7026
       5   23667.8696
       6   23805.8625
       7   23879.9369
       8   23867.6078
       9   24228.3959
      10   24148.8138
      11   24249.9190
      12   24037.5933
      13   24047.5911
      14   24166.5595
      15   24558.3369
      16   24299.3073
      17   24272.0697
      18   24311.0854
      19   24365.9951
      20   24296.7760
      21   24495.2063
      22   24210.3223
      23   24325.4673
      24   24437.7141
      25   24611.3446
      26   24609.7433
      27   24320.9872
      28   24122.6026
      29   24114.3355
      30   24031.2609
      31   24082.8705
      32   24301.0863
      33   24607.4201
      34   24485.7474
      35   24435.8900
      36   24289.2302
      37   24187.2961
      38   24370.3274
      39   24469.8468
      40   24434.8631
      41   24445.8686
      42   24067.3239
      43   23974.5705
      44   24083.9960
      45   24588.5984
      46   24936.7840
      47   24901.9741
      48   24714.3312
      49   24444.8336
      50   24687.3073
